-0,-0,0
-0.00087898,0,0.12251
-0.00087898,0.022339,0.1208
-0.00087898,0.044154,0.11569
-0.00087898,0.064935,0.10732
-0.00087898,0.084193,0.095869
-0.00087898,0.10148,0.081614
-0.00087898,0.11638,0.064888
-0.00087898,0.12856,0.046082
-0.00087898,0.13773,0.025638
-0.00087898,0.14366,0.0040342
-0.00087898,0.14623,-0.018223
-0.00087898,0.14538,-0.040611
-0.00087898,0.14111,-0.062606
-0.00087898,0.13354,-0.083692
-0.00087898,0.12283,-0.10337
-0.00087898,0.10925,-0.12119
-0.00087898,0.093109,-0.13673
-0.00087898,0.074783,-0.14962
-0.00087898,0.054705,-0.15956
-0.00087898,0.033344,-0.16632
-0.00087898,0.011202,-0.16974
-0.00087898,-0.011202,-0.16974
-0.00087898,-0.033344,-0.16632
-0.00087898,-0.054705,-0.15956
-0.00087898,-0.074783,-0.14962
-0.00087898,-0.093109,-0.13673
-0.00087898,-0.10925,-0.12119
-0.00087898,-0.12283,-0.10337
-0.00087898,-0.13354,-0.083692
-0.00087898,-0.14111,-0.062606
-0.00087898,-0.14538,-0.040611
-0.00087898,-0.14623,-0.018223
-0.00087898,-0.14366,0.0040342
-0.00087898,-0.13773,0.025638
-0.00087898,-0.12856,0.046082
-0.00087898,-0.11638,0.064888
-0.00087898,-0.10148,0.081614
-0.00087898,-0.084193,0.095869
-0.00087898,-0.064935,0.10732
-0.00087898,-0.044154,0.11569
-0.00087898,-0.022339,0.1208
-0.0036495,0,0.24503
-0.0036495,0.044678,0.2416
-0.0036495,0.088308,0.23139
-0.0036495,0.12987,0.21464
-0.0036495,0.16839,0.19174
-0.0036495,0.20296,0.16323
-0.0036495,0.23277,0.12978
-0.0036495,0.25713,0.092165
-0.0036495,0.27546,0.051276
-0.0036495,0.28733,0.0080685
-0.0036495,0.29247,-0.036445
-0.0036495,0.29075,-0.081222
-0.0036495,0.28222,-0.12521
-0.0036495,0.26707,-0.16738
-0.0036495,0.24567,-0.20675
-0.0036495,0.2185,-0.24239
-0.0036495,0.18622,-0.27346
-0.0036495,0.14957,-0.29924
-0.0036495,0.10941,-0.31912
-0.0036495,0.066689,-0.33264
-0.0036495,0.022405,-0.33948
-0.0036495,-0.022405,-0.33948
-0.0036495,-0.066689,-0.33264
-0.0036495,-0.10941,-0.31912
-0.0036495,-0.14957,-0.29924
-0.0036495,-0.18622,-0.27346
-0.0036495,-0.2185,-0.24239
-0.0036495,-0.24567,-0.20675
-0.0036495,-0.26707,-0.16738
-0.0036495,-0.28222,-0.12521
-0.0036495,-0.29075,-0.081222
-0.0036495,-0.29247,-0.036445
-0.0036495,-0.28733,0.0080685
-0.0036495,-0.27546,0.051276
-0.0036495,-0.25713,0.092165
-0.0036495,-0.23277,0.12978
-0.0036495,-0.20296,0.16323
-0.0036495,-0.16839,0.19174
-0.0036495,-0.12987,0.21464
-0.0036495,-0.088308,0.23139
-0.0036495,-0.044678,0.2416
-0.0084991,0,0.36754
-0.0084991,0.067017,0.3624
-0.0084991,0.13246,0.34708
-0.0084991,0.1948,0.32195
-0.0084991,0.25258,0.28761
-0.0084991,0.30443,0.24484
-0.0084991,0.34915,0.19466
-0.0084991,0.38569,0.13825
-0.0084991,0.41318,0.076914
-0.0084991,0.43099,0.012103
-0.0084991,0.4387,-0.054668
-0.0084991,0.43613,-0.12183
-0.0084991,0.42333,-0.18782
-0.0084991,0.40061,-0.25107
-0.0084991,0.3685,-0.31012
-0.0084991,0.32776,-0.36358
-0.0084991,0.27933,-0.41019
-0.0084991,0.22435,-0.44886
-0.0084991,0.16411,-0.47868
-0.0084991,0.10003,-0.49896
-0.0084991,0.033607,-0.50922
-0.0084991,-0.033607,-0.50922
-0.0084991,-0.10003,-0.49896
-0.0084991,-0.16411,-0.47868
-0.0084991,-0.22435,-0.44886
-0.0084991,-0.27933,-0.41019
-0.0084991,-0.32776,-0.36358
-0.0084991,-0.3685,-0.31012
-0.0084991,-0.40061,-0.25107
-0.0084991,-0.42333,-0.18782
-0.0084991,-0.43613,-0.12183
-0.0084991,-0.4387,-0.054668
-0.0084991,-0.43099,0.012103
-0.0084991,-0.41318,0.076914
-0.0084991,-0.38569,0.13825
-0.0084991,-0.34915,0.19466
-0.0084991,-0.30443,0.24484
-0.0084991,-0.25258,0.28761
-0.0084991,-0.1948,0.32195
-0.0084991,-0.13246,0.34708
-0.0084991,-0.067017,0.3624
-0.015598,0,0.49005
-0.015598,0.089356,0.48319
-0.015598,0.17662,0.46277
-0.015598,0.25974,0.42927
-0.015598,0.33677,0.38348
-0.015598,0.40591,0.32646
-0.015598,0.46554,0.25955
-0.015598,0.51425,0.18433
-0.015598,0.55091,0.10255
-0.015598,0.57466,0.016137
-0.015598,0.58494,-0.07289
-0.015598,0.5815,-0.16244
-0.015598,0.56444,-0.25042
-0.015598,0.53415,-0.33477
-0.015598,0.49134,-0.4135
-0.015598,0.43701,-0.48477
-0.015598,0.37243,-0.54691
-0.015598,0.29913,-0.59847
-0.015598,0.21882,-0.63824
-0.015598,0.13338,-0.66528
-0.015598,0.044809,-0.67896
-0.015598,-0.044809,-0.67896
-0.015598,-0.13338,-0.66528
-0.015598,-0.21882,-0.63824
-0.015598,-0.29913,-0.59847
-0.015598,-0.37243,-0.54691
-0.015598,-0.43701,-0.48477
-0.015598,-0.49134,-0.4135
-0.015598,-0.53415,-0.33477
-0.015598,-0.56444,-0.25042
-0.015598,-0.5815,-0.16244
-0.015598,-0.58494,-0.07289
-0.015598,-0.57466,0.016137
-0.015598,-0.55091,0.10255
-0.015598,-0.51425,0.18433
-0.015598,-0.46554,0.25955
-0.015598,-0.40591,0.32646
-0.015598,-0.33677,0.38348
-0.015598,-0.25974,0.42927
-0.015598,-0.17662,0.46277
-0.015598,-0.089356,0.48319
-0.025098,0,0.61257
-0.025098,0.11169,0.60399
-0.025098,0.22077,0.57847
-0.025098,0.32467,0.53659
-0.025098,0.42096,0.47935
-0.025098,0.50739,0.40807
-0.025098,0.58192,0.32444
-0.025098,0.64281,0.23041
-0.025098,0.68864,0.12819
-0.025098,0.71832,0.020171
-0.025098,0.73117,-0.091113
-0.025098,0.72688,-0.20305
-0.025098,0.70555,-0.31303
-0.025098,0.66769,-0.41846
-0.025098,0.61417,-0.51687
-0.025098,0.54626,-0.60596
-0.025098,0.46554,-0.68364
-0.025098,0.37392,-0.74809
-0.025098,0.27352,-0.7978
-0.025098,0.16672,-0.8316
-0.025098,0.056012,-0.8487
-0.025098,-0.056012,-0.8487
-0.025098,-0.16672,-0.8316
-0.025098,-0.27352,-0.7978
-0.025098,-0.37392,-0.74809
-0.025098,-0.46554,-0.68364
-0.025098,-0.54626,-0.60596
-0.025098,-0.61417,-0.51687
-0.025098,-0.66769,-0.41846
-0.025098,-0.70555,-0.31303
-0.025098,-0.72688,-0.20305
-0.025098,-0.73117,-0.091113
-0.025098,-0.71832,0.020171
-0.025098,-0.68864,0.12819
-0.025098,-0.64281,0.23041
-0.025098,-0.58192,0.32444
-0.025098,-0.50739,0.40807
-0.025098,-0.42096,0.47935
-0.025098,-0.32467,0.53659
-0.025098,-0.22077,0.57847
-0.025098,-0.11169,0.60399
-0.03713,0,0.73508
-0.03713,0.13403,0.72479
-0.03713,0.26493,0.69416
-0.03713,0.38961,0.64391
-0.03713,0.50516,0.57521
-0.03713,0.60887,0.48969
-0.03713,0.69831,0.38933
-0.03713,0.77138,0.27649
-0.03713,0.82637,0.15383
-0.03713,0.86199,0.024205
-0.03713,0.8774,-0.10934
-0.03713,0.87226,-0.24366
-0.03713,0.84666,-0.37563
-0.03713,0.80122,-0.50215
-0.03713,0.737,-0.62025
-0.03713,0.65551,-0.72716
-0.03713,0.55865,-0.82037
-0.03713,0.4487,-0.89771
-0.03713,0.32823,-0.95736
-0.03713,0.20007,-0.99792
-0.03713,0.067214,-1.0184
-0.03713,-0.067214,-1.0184
-0.03713,-0.20007,-0.99792
-0.03713,-0.32823,-0.95736
-0.03713,-0.4487,-0.89771
-0.03713,-0.55865,-0.82037
-0.03713,-0.65551,-0.72716
-0.03713,-0.737,-0.62025
-0.03713,-0.80122,-0.50215
-0.03713,-0.84666,-0.37563
-0.03713,-0.87226,-0.24366
-0.03713,-0.8774,-0.10934
-0.03713,-0.86199,0.024205
-0.03713,-0.82637,0.15383
-0.03713,-0.77138,0.27649
-0.03713,-0.69831,0.38933
-0.03713,-0.60887,0.48969
-0.03713,-0.50516,0.57521
-0.03713,-0.38961,0.64391
-0.03713,-0.26493,0.69416
-0.03713,-0.13403,0.72479
-0.051806,0,0.8576
-0.051806,0.15637,0.84559
-0.051806,0.30908,0.80985
-0.051806,0.45454,0.75123
-0.051806,0.58935,0.67108
-0.051806,0.71035,0.5713
-0.051806,0.81469,0.45422
-0.051806,0.89994,0.32258
-0.051806,0.96409,0.17947
-0.051806,1.0057,0.02824
-0.051806,1.0236,-0.12756
-0.051806,1.0176,-0.28428
-0.051806,0.98777,-0.43824
-0.051806,0.93476,-0.58584
-0.051806,0.85984,-0.72362
-0.051806,0.76476,-0.84835
-0.051806,0.65176,-0.9571
-0.051806,0.52348,-1.0473
-0.051806,0.38293,-1.1169
-0.051806,0.23341,-1.1642
-0.051806,0.078416,-1.1882
-0.051806,-0.078416,-1.1882
-0.051806,-0.23341,-1.1642
-0.051806,-0.38293,-1.1169
-0.051806,-0.52348,-1.0473
-0.051806,-0.65176,-0.9571
-0.051806,-0.76476,-0.84835
-0.051806,-0.85984,-0.72362
-0.051806,-0.93476,-0.58584
-0.051806,-0.98777,-0.43824
-0.051806,-1.0176,-0.28428
-0.051806,-1.0236,-0.12756
-0.051806,-1.0057,0.02824
-0.051806,-0.96409,0.17947
-0.051806,-0.89994,0.32258
-0.051806,-0.81469,0.45422
-0.051806,-0.71035,0.5713
-0.051806,-0.58935,0.67108
-0.051806,-0.45454,0.75123
-0.051806,-0.30908,0.80985
-0.051806,-0.15637,0.84559
-0.069217,0,0.98011
-0.069217,0.17871,0.96639
-0.069217,0.35323,0.92555
-0.069217,0.51948,0.85855
-0.069217,0.67354,0.76695
-0.069217,0.81182,0.65291
-0.069217,0.93107,0.5191
-0.069217,1.0285,0.36866
-0.069217,1.1018,0.2051
-0.069217,1.1493,0.032274
-0.069217,1.1699,-0.14578
-0.069217,1.163,-0.32489
-0.069217,1.1289,-0.50085
-0.069217,1.0683,-0.66953
-0.069217,0.98267,-0.82699
-0.069217,0.87401,-0.96954
-0.069217,0.74487,-1.0938
-0.069217,0.59827,-1.1969
-0.069217,0.43764,-1.2765
-0.069217,0.26676,-1.3306
-0.069217,0.089619,-1.3579
-0.069217,-0.089619,-1.3579
-0.069217,-0.26676,-1.3306
-0.069217,-0.43764,-1.2765
-0.069217,-0.59827,-1.1969
-0.069217,-0.74487,-1.0938
-0.069217,-0.87401,-0.96954
-0.069217,-0.98267,-0.82699
-0.069217,-1.0683,-0.66953
-0.069217,-1.1289,-0.50085
-0.069217,-1.163,-0.32489
-0.069217,-1.1699,-0.14578
-0.069217,-1.1493,0.032274
-0.069217,-1.1018,0.2051
-0.069217,-1.0285,0.36866
-0.069217,-0.93107,0.5191
-0.069217,-0.81182,0.65291
-0.069217,-0.67354,0.76695
-0.069217,-0.51948,0.85855
-0.069217,-0.35323,0.92555
-0.069217,-0.17871,0.96639
-0.089431,0,1.1026
-0.089431,0.20105,1.0872
-0.089431,0.39739,1.0412
-0.089431,0.58441,0.96586
-0.089431,0.75774,0.86282
-0.089431,0.9133,0.73453
-0.089431,1.0475,0.58399
-0.089431,1.1571,0.41474
-0.089431,1.2396,0.23074
-0.089431,1.293,0.036308
-0.089431,1.3161,-0.164
-0.089431,1.3084,-0.3655
-0.089431,1.27,-0.56345
-0.089431,1.2018,-0.75322
-0.089431,1.1055,-0.93037
-0.089431,0.98327,-1.0907
-0.089431,0.83798,-1.2306
-0.089431,0.67305,-1.3466
-0.089431,0.49234,-1.436
-0.089431,0.3001,-1.4969
-0.089431,0.10082,-1.5277
-0.089431,-0.10082,-1.5277
-0.089431,-0.3001,-1.4969
-0.089431,-0.49234,-1.436
-0.089431,-0.67305,-1.3466
-0.089431,-0.83798,-1.2306
-0.089431,-0.98327,-1.0907
-0.089431,-1.1055,-0.93037
-0.089431,-1.2018,-0.75322
-0.089431,-1.27,-0.56345
-0.089431,-1.3084,-0.3655
-0.089431,-1.3161,-0.164
-0.089431,-1.293,0.036308
-0.089431,-1.2396,0.23074
-0.089431,-1.1571,0.41474
-0.089431,-1.0475,0.58399
-0.089431,-0.9133,0.73453
-0.089431,-0.75774,0.86282
-0.089431,-0.58441,0.96586
-0.089431,-0.39739,1.0412
-0.089431,-0.20105,1.0872
-0.11249,0,1.2251
-0.11249,0.22339,1.208
-0.11249,0.44154,1.1569
-0.11249,0.64935,1.0732
-0.11249,0.84193,0.95869
-0.11249,1.0148,0.81614
-0.11249,1.1638,0.64888
-0.11249,1.2856,0.46082
-0.11249,1.3773,0.25638
-0.11249,1.4366,0.040342
-0.11249,1.4623,-0.18223
-0.11249,1.4538,-0.40611
-0.11249,1.4111,-0.62606
-0.11249,1.3354,-0.83692
-0.11249,1.2283,-1.0337
-0.11249,1.0925,-1.2119
-0.11249,0.93109,-1.3673
-0.11249,0.74783,-1.4962
-0.11249,0.54705,-1.5956
-0.11249,0.33344,-1.6632
-0.11249,0.11202,-1.6974
-0.11249,-0.11202,-1.6974
-0.11249,-0.33344,-1.6632
-0.11249,-0.54705,-1.5956
-0.11249,-0.74783,-1.4962
-0.11249,-0.93109,-1.3673
-0.11249,-1.0925,-1.2119
-0.11249,-1.2283,-1.0337
-0.11249,-1.3354,-0.83692
-0.11249,-1.4111,-0.62606
-0.11249,-1.4538,-0.40611
-0.11249,-1.4623,-0.18223
-0.11249,-1.4366,0.040342
-0.11249,-1.3773,0.25638
-0.11249,-1.2856,0.46082
-0.11249,-1.1638,0.64888
-0.11249,-1.0148,0.81614
-0.11249,-0.84193,0.95869
-0.11249,-0.64935,1.0732
-0.11249,-0.44154,1.1569
-0.11249,-0.22339,1.208
-0.13843,0,1.3476
-0.13843,0.24573,1.3288
-0.13843,0.4857,1.2726
-0.13843,0.71428,1.1805
-0.13843,0.92612,1.0546
-0.13843,1.1163,0.89776
-0.13843,1.2802,0.71377
-0.13843,1.4142,0.50691
-0.13843,1.515,0.28202
-0.13843,1.5803,0.044377
-0.13843,1.6086,-0.20045
-0.13843,1.5991,-0.44672
-0.13843,1.5522,-0.68866
-0.13843,1.4689,-0.92061
-0.13843,1.3512,-1.1371
-0.13843,1.2018,-1.3331
-0.13843,1.0242,-1.504
-0.13843,0.82262,-1.6458
-0.13843,0.60175,-1.7552
-0.13843,0.36679,-1.8295
-0.13843,0.12323,-1.8671
-0.13843,-0.12323,-1.8671
-0.13843,-0.36679,-1.8295
-0.13843,-0.60175,-1.7552
-0.13843,-0.82262,-1.6458
-0.13843,-1.0242,-1.504
-0.13843,-1.2018,-1.3331
-0.13843,-1.3512,-1.1371
-0.13843,-1.4689,-0.92061
-0.13843,-1.5522,-0.68866
-0.13843,-1.5991,-0.44672
-0.13843,-1.6086,-0.20045
-0.13843,-1.5803,0.044377
-0.13843,-1.515,0.28202
-0.13843,-1.4142,0.50691
-0.13843,-1.2802,0.71377
-0.13843,-1.1163,0.89776
-0.13843,-0.92612,1.0546
-0.13843,-0.71428,1.1805
-0.13843,-0.4857,1.2726
-0.13843,-0.24573,1.3288
-0.16724,0,1.4702
-0.16724,0.26807,1.4496
-0.16724,0.52985,1.3883
-0.16724,0.77922,1.2878
-0.16724,1.0103,1.1504
-0.16724,1.2177,0.97937
-0.16724,1.3966,0.77866
-0.16724,1.5428,0.55299
-0.16724,1.6527,0.30766
-0.16724,1.724,0.048411
-0.16724,1.7548,-0.21867
-0.16724,1.7445,-0.48733
-0.16724,1.6933,-0.75127
-0.16724,1.6024,-1.0043
-0.16724,1.474,-1.2405
-0.16724,1.311,-1.4543
-0.16724,1.1173,-1.6407
-0.16724,0.8974,-1.7954
-0.16724,0.65646,-1.9147
-0.16724,0.40013,-1.9958
-0.16724,0.13443,-2.0369
-0.16724,-0.13443,-2.0369
-0.16724,-0.40013,-1.9958
-0.16724,-0.65646,-1.9147
-0.16724,-0.8974,-1.7954
-0.16724,-1.1173,-1.6407
-0.16724,-1.311,-1.4543
-0.16724,-1.474,-1.2405
-0.16724,-1.6024,-1.0043
-0.16724,-1.6933,-0.75127
-0.16724,-1.7445,-0.48733
-0.16724,-1.7548,-0.21867
-0.16724,-1.724,0.048411
-0.16724,-1.6527,0.30766
-0.16724,-1.5428,0.55299
-0.16724,-1.3966,0.77866
-0.16724,-1.2177,0.97937
-0.16724,-1.0103,1.1504
-0.16724,-0.77922,1.2878
-0.16724,-0.52985,1.3883
-0.16724,-0.26807,1.4496
-0.19891,0,1.5927
-0.19891,0.29041,1.5704
-0.19891,0.57401,1.504
-0.19891,0.84415,1.3951
-0.19891,1.0945,1.2463
-0.19891,1.3192,1.061
-0.19891,1.513,0.84354
-0.19891,1.6713,0.59907
-0.19891,1.7905,0.33329
-0.19891,1.8676,0.052445
-0.19891,1.901,-0.23689
-0.19891,1.8899,-0.52794
-0.19891,1.8344,-0.81387
-0.19891,1.736,-1.088
-0.19891,1.5968,-1.3439
-0.19891,1.4203,-1.5755
-0.19891,1.2104,-1.7775
-0.19891,0.97218,-1.945
-0.19891,0.71116,-2.0743
-0.19891,0.43348,-2.1622
-0.19891,0.14563,-2.2066
-0.19891,-0.14563,-2.2066
-0.19891,-0.43348,-2.1622
-0.19891,-0.71116,-2.0743
-0.19891,-0.97218,-1.945
-0.19891,-1.2104,-1.7775
-0.19891,-1.4203,-1.5755
-0.19891,-1.5968,-1.3439
-0.19891,-1.736,-1.088
-0.19891,-1.8344,-0.81387
-0.19891,-1.8899,-0.52794
-0.19891,-1.901,-0.23689
-0.19891,-1.8676,0.052445
-0.19891,-1.7905,0.33329
-0.19891,-1.6713,0.59907
-0.19891,-1.513,0.84354
-0.19891,-1.3192,1.061
-0.19891,-1.0945,1.2463
-0.19891,-0.84415,1.3951
-0.19891,-0.57401,1.504
-0.19891,-0.29041,1.5704
-0.23338,0,1.7152
-0.23338,0.31274,1.6912
-0.23338,0.61816,1.6197
-0.23338,0.90908,1.5025
-0.23338,1.1787,1.3422
-0.23338,1.4207,1.1426
-0.23338,1.6294,0.90843
-0.23338,1.7999,0.64515
-0.23338,1.9282,0.35893
-0.23338,2.0113,0.056479
-0.23338,2.0473,-0.25512
-0.23338,2.0353,-0.56855
-0.23338,1.9755,-0.87648
-0.23338,1.8695,-1.1717
-0.23338,1.7197,-1.4472
-0.23338,1.5295,-1.6967
-0.23338,1.3035,-1.9142
-0.23338,1.047,-2.0947
-0.23338,0.76587,-2.2338
-0.23338,0.46682,-2.3285
-0.23338,0.15683,-2.3764
-0.23338,-0.15683,-2.3764
-0.23338,-0.46682,-2.3285
-0.23338,-0.76587,-2.2338
-0.23338,-1.047,-2.0947
-0.23338,-1.3035,-1.9142
-0.23338,-1.5295,-1.6967
-0.23338,-1.7197,-1.4472
-0.23338,-1.8695,-1.1717
-0.23338,-1.9755,-0.87648
-0.23338,-2.0353,-0.56855
-0.23338,-2.0473,-0.25512
-0.23338,-2.0113,0.056479
-0.23338,-1.9282,0.35893
-0.23338,-1.7999,0.64515
-0.23338,-1.6294,0.90843
-0.23338,-1.4207,1.1426
-0.23338,-1.1787,1.3422
-0.23338,-0.90908,1.5025
-0.23338,-0.61816,1.6197
-0.23338,-0.31274,1.6912
-0.2706,0,1.8377
-0.2706,0.33508,1.812
-0.2706,0.66231,1.7354
-0.2706,0.97402,1.6098
-0.2706,1.2629,1.438
-0.2706,1.5222,1.2242
-0.2706,1.7458,0.97332
-0.2706,1.9284,0.69124
-0.2706,2.0659,0.38457
-0.2706,2.155,0.060514
-0.2706,2.1935,-0.27334
-0.2706,2.1806,-0.60916
-0.2706,2.1167,-0.93908
-0.2706,2.0031,-1.2554
-0.2706,1.8425,-1.5506
-0.2706,1.6388,-1.8179
-0.2706,1.3966,-2.0509
-0.2706,1.1217,-2.2443
-0.2706,0.82057,-2.3934
-0.2706,0.50017,-2.4948
-0.2706,0.16803,-2.5461
-0.2706,-0.16803,-2.5461
-0.2706,-0.50017,-2.4948
-0.2706,-0.82057,-2.3934
-0.2706,-1.1217,-2.2443
-0.2706,-1.3966,-2.0509
-0.2706,-1.6388,-1.8179
-0.2706,-1.8425,-1.5506
-0.2706,-2.0031,-1.2554
-0.2706,-2.1167,-0.93908
-0.2706,-2.1806,-0.60916
-0.2706,-2.1935,-0.27334
-0.2706,-2.155,0.060514
-0.2706,-2.0659,0.38457
-0.2706,-1.9284,0.69124
-0.2706,-1.7458,0.97332
-0.2706,-1.5222,1.2242
-0.2706,-1.2629,1.438
-0.2706,-0.97402,1.6098
-0.2706,-0.66231,1.7354
-0.2706,-0.33508,1.812
-0.31047,0,1.9602
-0.31047,0.35742,1.9328
-0.31047,0.70647,1.8511
-0.31047,1.039,1.7171
-0.31047,1.3471,1.5339
-0.31047,1.6236,1.3058
-0.31047,1.8621,1.0382
-0.31047,2.057,0.73732
-0.31047,2.2036,0.41021
-0.31047,2.2986,0.064548
-0.31047,2.3397,-0.29156
-0.31047,2.326,-0.64977
-0.31047,2.2578,-1.0017
-0.31047,2.1366,-1.3391
-0.31047,1.9653,-1.654
-0.31047,1.748,-1.9391
-0.31047,1.4897,-2.1877
-0.31047,1.1965,-2.3939
-0.31047,0.87528,-2.553
-0.31047,0.53351,-2.6611
-0.31047,0.17924,-2.7158
-0.31047,-0.17924,-2.7158
-0.31047,-0.53351,-2.6611
-0.31047,-0.87528,-2.553
-0.31047,-1.1965,-2.3939
-0.31047,-1.4897,-2.1877
-0.31047,-1.748,-1.9391
-0.31047,-1.9653,-1.654
-0.31047,-2.1366,-1.3391
-0.31047,-2.2578,-1.0017
-0.31047,-2.326,-0.64977
-0.31047,-2.3397,-0.29156
-0.31047,-2.2986,0.064548
-0.31047,-2.2036,0.41021
-0.31047,-2.057,0.73732
-0.31047,-1.8621,1.0382
-0.31047,-1.6236,1.3058
-0.31047,-1.3471,1.5339
-0.31047,-1.039,1.7171
-0.31047,-0.70647,1.8511
-0.31047,-0.35742,1.9328
-0.35289,0,2.0827
-0.35289,0.37976,2.0536
-0.35289,0.75062,1.9668
-0.35289,1.1039,1.8244
-0.35289,1.4313,1.6298
-0.35289,1.7251,1.3874
-0.35289,1.9785,1.1031
-0.35289,2.1856,0.7834
-0.35289,2.3414,0.43585
-0.35289,2.4423,0.068582
-0.35289,2.486,-0.30978
-0.35289,2.4714,-0.69038
-0.35289,2.3989,-1.0643
-0.35289,2.2701,-1.4228
-0.35289,2.0882,-1.7574
-0.35289,1.8573,-2.0603
-0.35289,1.5828,-2.3244
-0.35289,1.2713,-2.5435
-0.35289,0.92998,-2.7125
-0.35289,0.56686,-2.8274
-0.35289,0.19044,-2.8856
-0.35289,-0.19044,-2.8856
-0.35289,-0.56686,-2.8274
-0.35289,-0.92998,-2.7125
-0.35289,-1.2713,-2.5435
-0.35289,-1.5828,-2.3244
-0.35289,-1.8573,-2.0603
-0.35289,-2.0882,-1.7574
-0.35289,-2.2701,-1.4228
-0.35289,-2.3989,-1.0643
-0.35289,-2.4714,-0.69038
-0.35289,-2.486,-0.30978
-0.35289,-2.4423,0.068582
-0.35289,-2.3414,0.43585
-0.35289,-2.1856,0.7834
-0.35289,-1.9785,1.1031
-0.35289,-1.7251,1.3874
-0.35289,-1.4313,1.6298
-0.35289,-1.1039,1.8244
-0.35289,-0.75062,1.9668
-0.35289,-0.37976,2.0536
-0.39773,0,2.2052
-0.39773,0.4021,2.1744
-0.39773,0.79478,2.0825
-0.39773,1.1688,1.9317
-0.39773,1.5155,1.7256
-0.39773,1.8266,1.4691
-0.39773,2.0949,1.168
-0.39773,2.3141,0.82948
-0.39773,2.4791,0.46148
-0.39773,2.586,0.072616
-0.39773,2.6322,-0.32801
-0.39773,2.6168,-0.73099
-0.39773,2.54,-1.1269
-0.39773,2.4037,-1.5064
-0.39773,2.211,-1.8607
-0.39773,1.9665,-2.1815
-0.39773,1.676,-2.4611
-0.39773,1.3461,-2.6931
-0.39773,0.98469,-2.8721
-0.39773,0.6002,-2.9938
-0.39773,0.20164,-3.0553
-0.39773,-0.20164,-3.0553
-0.39773,-0.6002,-2.9938
-0.39773,-0.98469,-2.8721
-0.39773,-1.3461,-2.6931
-0.39773,-1.676,-2.4611
-0.39773,-1.9665,-2.1815
-0.39773,-2.211,-1.8607
-0.39773,-2.4037,-1.5064
-0.39773,-2.54,-1.1269
-0.39773,-2.6168,-0.73099
-0.39773,-2.6322,-0.32801
-0.39773,-2.586,0.072616
-0.39773,-2.4791,0.46148
-0.39773,-2.3141,0.82948
-0.39773,-2.0949,1.168
-0.39773,-1.8266,1.4691
-0.39773,-1.5155,1.7256
-0.39773,-1.1688,1.9317
-0.39773,-0.79478,2.0825
-0.39773,-0.4021,2.1744
-0.44486,0,2.3278
-0.44486,0.42444,2.2952
-0.44486,0.83893,2.1982
-0.44486,1.2338,2.039
-0.44486,1.5997,1.8215
-0.44486,1.9281,1.5507
-0.44486,2.2113,1.2329
-0.44486,2.4427,0.87556
-0.44486,2.6168,0.48712
-0.44486,2.7296,0.07665
-0.44486,2.7784,-0.34623
-0.44486,2.7621,-0.77161
-0.44486,2.6811,-1.1895
-0.44486,2.5372,-1.5901
-0.44486,2.3338,-1.9641
-0.44486,2.0758,-2.3027
-0.44486,1.7691,-2.5978
-0.44486,1.4209,-2.8428
-0.44486,1.0394,-3.0316
-0.44486,0.63354,-3.1601
-0.44486,0.21284,-3.2251
-0.44486,-0.21284,-3.2251
-0.44486,-0.63354,-3.1601
-0.44486,-1.0394,-3.0316
-0.44486,-1.4209,-2.8428
-0.44486,-1.7691,-2.5978
-0.44486,-2.0758,-2.3027
-0.44486,-2.3338,-1.9641
-0.44486,-2.5372,-1.5901
-0.44486,-2.6811,-1.1895
-0.44486,-2.7621,-0.77161
-0.44486,-2.7784,-0.34623
-0.44486,-2.7296,0.07665
-0.44486,-2.6168,0.48712
-0.44486,-2.4427,0.87556
-0.44486,-2.2113,1.2329
-0.44486,-1.9281,1.5507
-0.44486,-1.5997,1.8215
-0.44486,-1.2338,2.039
-0.44486,-0.83893,2.1982
-0.44486,-0.42444,2.2952
-0.49411,0,2.4503
-0.49411,0.44678,2.416
-0.49411,0.88308,2.3139
-0.49411,1.2987,2.1464
-0.49411,1.6839,1.9174
-0.49411,2.0296,1.6323
-0.49411,2.3277,1.2978
-0.49411,2.5713,0.92165
-0.49411,2.7546,0.51276
-0.49411,2.8733,0.080685
-0.49411,2.9247,-0.36445
-0.49411,2.9075,-0.81222
-0.49411,2.8222,-1.2521
-0.49411,2.6707,-1.6738
-0.49411,2.4567,-2.0675
-0.49411,2.185,-2.4239
-0.49411,1.8622,-2.7346
-0.49411,1.4957,-2.9924
-0.49411,1.0941,-3.1912
-0.49411,0.66689,-3.3264
-0.49411,0.22405,-3.3948
-0.49411,-0.22405,-3.3948
-0.49411,-0.66689,-3.3264
-0.49411,-1.0941,-3.1912
-0.49411,-1.4957,-2.9924
-0.49411,-1.8622,-2.7346
-0.49411,-2.185,-2.4239
-0.49411,-2.4567,-2.0675
-0.49411,-2.6707,-1.6738
-0.49411,-2.8222,-1.2521
-0.49411,-2.9075,-0.81222
-0.49411,-2.9247,-0.36445
-0.49411,-2.8733,0.080685
-0.49411,-2.7546,0.51276
-0.49411,-2.5713,0.92165
-0.49411,-2.3277,1.2978
-0.49411,-2.0296,1.6323
-0.49411,-1.6839,1.9174
-0.49411,-1.2987,2.1464
-0.49411,-0.88308,2.3139
-0.49411,-0.44678,2.416
-0.54531,0,2.5728
-0.54531,0.46912,2.5368
-0.54531,0.92724,2.4296
-0.54531,1.3636,2.2537
-0.54531,1.7681,2.0133
-0.54531,2.131,1.7139
-0.54531,2.4441,1.3626
-0.54531,2.6998,0.96773
-0.54531,2.8923,0.5384
-0.54531,3.017,0.084719
-0.54531,3.0709,-0.38267
-0.54531,3.0529,-0.85283
-0.54531,2.9633,-1.3147
-0.54531,2.8043,-1.7575
-0.54531,2.5795,-2.1709
-0.54531,2.2943,-2.545
-0.54531,1.9553,-2.8713
-0.54531,1.5704,-3.142
-0.54531,1.1488,-3.3508
-0.54531,0.70023,-3.4927
-0.54531,0.23525,-3.5645
-0.54531,-0.23525,-3.5645
-0.54531,-0.70023,-3.4927
-0.54531,-1.1488,-3.3508
-0.54531,-1.5704,-3.142
-0.54531,-1.9553,-2.8713
-0.54531,-2.2943,-2.545
-0.54531,-2.5795,-2.1709
-0.54531,-2.8043,-1.7575
-0.54531,-2.9633,-1.3147
-0.54531,-3.0529,-0.85283
-0.54531,-3.0709,-0.38267
-0.54531,-3.017,0.084719
-0.54531,-2.8923,0.5384
-0.54531,-2.6998,0.96773
-0.54531,-2.4441,1.3626
-0.54531,-2.131,1.7139
-0.54531,-1.7681,2.0133
-0.54531,-1.3636,2.2537
-0.54531,-0.92724,2.4296
-0.54531,-0.46912,2.5368
-0.5983,0,2.6953
-0.5983,0.49146,2.6576
-0.5983,0.97139,2.5453
-0.5983,1.4286,2.361
-0.5983,1.8522,2.1091
-0.5983,2.2325,1.7955
-0.5983,2.5605,1.4275
-0.5983,2.8284,1.0138
-0.5983,3.03,0.56404
-0.5983,3.1606,0.088753
-0.5983,3.2171,-0.4009
-0.5983,3.1983,-0.89344
-0.5983,3.1044,-1.3773
-0.5983,2.9378,-1.8412
-0.5983,2.7023,-2.2742
-0.5983,2.4035,-2.6662
-0.5983,2.0484,-3.008
-0.5983,1.6452,-3.2916
-0.5983,1.2035,-3.5103
-0.5983,0.73358,-3.659
-0.5983,0.24645,-3.7343
-0.5983,-0.24645,-3.7343
-0.5983,-0.73358,-3.659
-0.5983,-1.2035,-3.5103
-0.5983,-1.6452,-3.2916
-0.5983,-2.0484,-3.008
-0.5983,-2.4035,-2.6662
-0.5983,-2.7023,-2.2742
-0.5983,-2.9378,-1.8412
-0.5983,-3.1044,-1.3773
-0.5983,-3.1983,-0.89344
-0.5983,-3.2171,-0.4009
-0.5983,-3.1606,0.088753
-0.5983,-3.03,0.56404
-0.5983,-2.8284,1.0138
-0.5983,-2.5605,1.4275
-0.5983,-2.2325,1.7955
-0.5983,-1.8522,2.1091
-0.5983,-1.4286,2.361
-0.5983,-0.97139,2.5453
-0.5983,-0.49146,2.6576
-0.6529,0,2.8178
-0.6529,0.5138,2.7784
-0.6529,1.0155,2.661
-0.6529,1.4935,2.4683
-0.6529,1.9364,2.205
-0.6529,2.334,1.8771
-0.6529,2.6768,1.4924
-0.6529,2.9569,1.0599
-0.6529,3.1677,0.58967
-0.6529,3.3043,0.092787
-0.6529,3.3634,-0.41912
-0.6529,3.3436,-0.93405
-0.6529,3.2455,-1.4399
-0.6529,3.0714,-1.9249
-0.6529,2.8252,-2.3776
-0.6529,2.5128,-2.7874
-0.6529,2.1415,-3.1448
-0.6529,1.72,-3.4412
-0.6529,1.2582,-3.6699
-0.6529,0.76692,-3.8254
-0.6529,0.25765,-3.904
-0.6529,-0.25765,-3.904
-0.6529,-0.76692,-3.8254
-0.6529,-1.2582,-3.6699
-0.6529,-1.72,-3.4412
-0.6529,-2.1415,-3.1448
-0.6529,-2.5128,-2.7874
-0.6529,-2.8252,-2.3776
-0.6529,-3.0714,-1.9249
-0.6529,-3.2455,-1.4399
-0.6529,-3.3436,-0.93405
-0.6529,-3.3634,-0.41912
-0.6529,-3.3043,0.092787
-0.6529,-3.1677,0.58967
-0.6529,-2.9569,1.0599
-0.6529,-2.6768,1.4924
-0.6529,-2.334,1.8771
-0.6529,-1.9364,2.205
-0.6529,-1.4935,2.4683
-0.6529,-1.0155,2.661
-0.6529,-0.5138,2.7784
-0.70892,0,2.9403
-0.70892,0.53613,2.8992
-0.70892,1.0597,2.7766
-0.70892,1.5584,2.5756
-0.70892,2.0206,2.3009
-0.70892,2.4355,1.9587
-0.70892,2.7932,1.5573
-0.70892,3.0855,1.106
-0.70892,3.3055,0.61531
-0.70892,3.448,0.096822
-0.70892,3.5096,-0.43734
-0.70892,3.489,-0.97466
-0.70892,3.3866,-1.5025
-0.70892,3.2049,-2.0086
-0.70892,2.948,-2.481
-0.70892,2.622,-2.9086
-0.70892,2.2346,-3.2815
-0.70892,1.7948,-3.5908
-0.70892,1.3129,-3.8294
-0.70892,0.80027,-3.9917
-0.70892,0.26886,-4.0738
-0.70892,-0.26886,-4.0738
-0.70892,-0.80027,-3.9917
-0.70892,-1.3129,-3.8294
-0.70892,-1.7948,-3.5908
-0.70892,-2.2346,-3.2815
-0.70892,-2.622,-2.9086
-0.70892,-2.948,-2.481
-0.70892,-3.2049,-2.0086
-0.70892,-3.3866,-1.5025
-0.70892,-3.489,-0.97466
-0.70892,-3.5096,-0.43734
-0.70892,-3.448,0.096822
-0.70892,-3.3055,0.61531
-0.70892,-3.0855,1.106
-0.70892,-2.7932,1.5573
-0.70892,-2.4355,1.9587
-0.70892,-2.0206,2.3009
-0.70892,-1.5584,2.5756
-0.70892,-1.0597,2.7766
-0.70892,-0.53613,2.8992
-0.76618,0,3.0628
-0.76618,0.55847,3.02
-0.76618,1.1039,2.8923
-0.76618,1.6234,2.683
-0.76618,2.1048,2.3967
-0.76618,2.5369,2.0404
-0.76618,2.9096,1.6222
-0.76618,3.2141,1.1521
-0.76618,3.4432,0.64095
-0.76618,3.5916,0.10086
-0.76618,3.6559,-0.45557
-0.76618,3.6344,-1.0153
-0.76618,3.5278,-1.5651
-0.76618,3.3384,-2.0923
-0.76618,3.0708,-2.5844
-0.76618,2.7313,-3.0298
-0.76618,2.3277,-3.4182
-0.76618,1.8696,-3.7405
-0.76618,1.3676,-3.989
-0.76618,0.83361,-4.158
-0.76618,0.28006,-4.2435
-0.76618,-0.28006,-4.2435
-0.76618,-0.83361,-4.158
-0.76618,-1.3676,-3.989
-0.76618,-1.8696,-3.7405
-0.76618,-2.3277,-3.4182
-0.76618,-2.7313,-3.0298
-0.76618,-3.0708,-2.5844
-0.76618,-3.3384,-2.0923
-0.76618,-3.5278,-1.5651
-0.76618,-3.6344,-1.0153
-0.76618,-3.6559,-0.45557
-0.76618,-3.5916,0.10086
-0.76618,-3.4432,0.64095
-0.76618,-3.2141,1.1521
-0.76618,-2.9096,1.6222
-0.76618,-2.5369,2.0404
-0.76618,-2.1048,2.3967
-0.76618,-1.6234,2.683
-0.76618,-1.1039,2.8923
-0.76618,-0.55847,3.02
-0.82453,0,3.1854
-0.82453,0.58081,3.1408
-0.82453,1.148,3.008
-0.82453,1.6883,2.7903
-0.82453,2.189,2.4926
-0.82453,2.6384,2.122
-0.82453,3.026,1.6871
-0.82453,3.3426,1.1981
-0.82453,3.5809,0.66659
-0.82453,3.7353,0.10489
-0.82453,3.8021,-0.47379
-0.82453,3.7798,-1.0559
-0.82453,3.6689,-1.6277
-0.82453,3.472,-2.176
-0.82453,3.1937,-2.6877
-0.82453,2.8405,-3.151
-0.82453,2.4208,-3.5549
-0.82453,1.9444,-3.8901
-0.82453,1.4223,-4.1486
-0.82453,0.86695,-4.3243
-0.82453,0.29126,-4.4132
-0.82453,-0.29126,-4.4132
-0.82453,-0.86695,-4.3243
-0.82453,-1.4223,-4.1486
-0.82453,-1.9444,-3.8901
-0.82453,-2.4208,-3.5549
-0.82453,-2.8405,-3.151
-0.82453,-3.1937,-2.6877
-0.82453,-3.472,-2.176
-0.82453,-3.6689,-1.6277
-0.82453,-3.7798,-1.0559
-0.82453,-3.8021,-0.47379
-0.82453,-3.7353,0.10489
-0.82453,-3.5809,0.66659
-0.82453,-3.3426,1.1981
-0.82453,-3.026,1.6871
-0.82453,-2.6384,2.122
-0.82453,-2.189,2.4926
-0.82453,-1.6883,2.7903
-0.82453,-1.148,3.008
-0.82453,-0.58081,3.1408
-0.88379,0,3.3079
-0.88379,0.60315,3.2616
-0.88379,1.1922,3.1237
-0.88379,1.7532,2.8976
-0.88379,2.2732,2.5885
-0.88379,2.7399,2.2036
-0.88379,3.1424,1.752
-0.88379,3.4712,1.2442
-0.88379,3.7187,0.69223
-0.88379,3.8789,0.10892
-0.88379,3.9483,-0.49201
-0.88379,3.9251,-1.0965
-0.88379,3.81,-1.6904
-0.88379,3.6055,-2.2597
-0.88379,3.3165,-2.7911
-0.88379,2.9498,-3.2722
-0.88379,2.5139,-3.6917
-0.88379,2.0191,-4.0397
-0.88379,1.477,-4.3081
-0.88379,0.9003,-4.4906
-0.88379,0.30246,-4.583
-0.88379,-0.30246,-4.583
-0.88379,-0.9003,-4.4906
-0.88379,-1.477,-4.3081
-0.88379,-2.0191,-4.0397
-0.88379,-2.5139,-3.6917
-0.88379,-2.9498,-3.2722
-0.88379,-3.3165,-2.7911
-0.88379,-3.6055,-2.2597
-0.88379,-3.81,-1.6904
-0.88379,-3.9251,-1.0965
-0.88379,-3.9483,-0.49201
-0.88379,-3.8789,0.10892
-0.88379,-3.7187,0.69223
-0.88379,-3.4712,1.2442
-0.88379,-3.1424,1.752
-0.88379,-2.7399,2.2036
-0.88379,-2.2732,2.5885
-0.88379,-1.7532,2.8976
-0.88379,-1.1922,3.1237
-0.88379,-0.60315,3.2616
-0.94386,0,3.4304
-0.94386,0.62549,3.3824
-0.94386,1.2363,3.2394
-0.94386,1.8182,3.0049
-0.94386,2.3574,2.6843
-0.94386,2.8414,2.2852
-0.94386,3.2588,1.8169
-0.94386,3.5998,1.2903
-0.94386,3.8564,0.71786
-0.94386,4.0226,0.11296
-0.94386,4.0946,-0.51023
-0.94386,4.0705,-1.1371
-0.94386,3.9511,-1.753
-0.94386,3.739,-2.3434
-0.94386,3.4394,-2.8945
-0.94386,3.059,-3.3934
-0.94386,2.607,-3.8284
-0.94386,2.0939,-4.1893
-0.94386,1.5317,-4.4677
-0.94386,0.93364,-4.657
-0.94386,0.31367,-4.7527
-0.94386,-0.31367,-4.7527
-0.94386,-0.93364,-4.657
-0.94386,-1.5317,-4.4677
-0.94386,-2.0939,-4.1893
-0.94386,-2.607,-3.8284
-0.94386,-3.059,-3.3934
-0.94386,-3.4394,-2.8945
-0.94386,-3.739,-2.3434
-0.94386,-3.9511,-1.753
-0.94386,-4.0705,-1.1371
-0.94386,-4.0946,-0.51023
-0.94386,-4.0226,0.11296
-0.94386,-3.8564,0.71786
-0.94386,-3.5998,1.2903
-0.94386,-3.2588,1.8169
-0.94386,-2.8414,2.2852
-0.94386,-2.3574,2.6843
-0.94386,-1.8182,3.0049
-0.94386,-1.2363,3.2394
-0.94386,-0.62549,3.3824
-1.0046,0,3.5529
-1.0046,0.64783,3.5032
-1.0046,1.2805,3.3551
-1.0046,1.8831,3.1122
-1.0046,2.4416,2.7802
-1.0046,2.9429,2.3668
-1.0046,3.3751,1.8818
-1.0046,3.7283,1.3364
-1.0046,3.9941,0.7435
-1.0046,4.1663,0.11699
-1.0046,4.2408,-0.52846
-1.0046,4.2159,-1.1777
-1.0046,4.0922,-1.8156
-1.0046,3.8726,-2.4271
-1.0046,3.5622,-2.9979
-1.0046,3.1683,-3.5146
-1.0046,2.7002,-3.9651
-1.0046,2.1687,-4.3389
-1.0046,1.5864,-4.6272
-1.0046,0.96699,-4.8233
-1.0046,0.32487,-4.9225
-1.0046,-0.32487,-4.9225
-1.0046,-0.96699,-4.8233
-1.0046,-1.5864,-4.6272
-1.0046,-2.1687,-4.3389
-1.0046,-2.7002,-3.9651
-1.0046,-3.1683,-3.5146
-1.0046,-3.5622,-2.9979
-1.0046,-3.8726,-2.4271
-1.0046,-4.0922,-1.8156
-1.0046,-4.2159,-1.1777
-1.0046,-4.2408,-0.52846
-1.0046,-4.1663,0.11699
-1.0046,-3.9941,0.7435
-1.0046,-3.7283,1.3364
-1.0046,-3.3751,1.8818
-1.0046,-2.9429,2.3668
-1.0046,-2.4416,2.7802
-1.0046,-1.8831,3.1122
-1.0046,-1.2805,3.3551
-1.0046,-0.64783,3.5032
-1.066,0,3.6754
-1.066,0.67017,3.624
-1.066,1.3246,3.4708
-1.066,1.948,3.2195
-1.066,2.5258,2.8761
-1.066,3.0443,2.4484
-1.066,3.4915,1.9466
-1.066,3.8569,1.3825
-1.066,4.1318,0.76914
-1.066,4.3099,0.12103
-1.066,4.387,-0.54668
-1.066,4.3613,-1.2183
-1.066,4.2333,-1.8782
-1.066,4.0061,-2.5107
-1.066,3.685,-3.1012
-1.066,3.2776,-3.6358
-1.066,2.7933,-4.1019
-1.066,2.2435,-4.4886
-1.066,1.6411,-4.7868
-1.066,1.0003,-4.9896
-1.066,0.33607,-5.0922
-1.066,-0.33607,-5.0922
-1.066,-1.0003,-4.9896
-1.066,-1.6411,-4.7868
-1.066,-2.2435,-4.4886
-1.066,-2.7933,-4.1019
-1.066,-3.2776,-3.6358
-1.066,-3.685,-3.1012
-1.066,-4.0061,-2.5107
-1.066,-4.2333,-1.8782
-1.066,-4.3613,-1.2183
-1.066,-4.387,-0.54668
-1.066,-4.3099,0.12103
-1.066,-4.1318,0.76914
-1.066,-3.8569,1.3825
-1.066,-3.4915,1.9466
-1.066,-3.0443,2.4484
-1.066,-2.5258,2.8761
-1.066,-1.948,3.2195
-1.066,-1.3246,3.4708
-1.066,-0.67017,3.624
-1.1279,0,3.7979
-1.1279,0.69251,3.7448
-1.1279,1.3688,3.5865
-1.1279,2.013,3.3269
-1.1279,2.61,2.9719
-1.1279,3.1458,2.53
-1.1279,3.6079,2.0115
-1.1279,3.9854,1.4286
-1.1279,4.2696,0.79478
-1.1279,4.4536,0.12506
-1.1279,4.5333,-0.5649
-1.1279,4.5067,-1.2589
-1.1279,4.3744,-1.9408
-1.1279,4.1397,-2.5944
-1.1279,3.8079,-3.2046
-1.1279,3.3868,-3.757
-1.1279,2.8864,-4.2386
-1.1279,2.3183,-4.6382
-1.1279,1.6959,-4.9464
-1.1279,1.0337,-5.1559
-1.1279,0.34727,-5.2619
-1.1279,-0.34727,-5.2619
-1.1279,-1.0337,-5.1559
-1.1279,-1.6959,-4.9464
-1.1279,-2.3183,-4.6382
-1.1279,-2.8864,-4.2386
-1.1279,-3.3868,-3.757
-1.1279,-3.8079,-3.2046
-1.1279,-4.1397,-2.5944
-1.1279,-4.3744,-1.9408
-1.1279,-4.5067,-1.2589
-1.1279,-4.5333,-0.5649
-1.1279,-4.4536,0.12506
-1.1279,-4.2696,0.79478
-1.1279,-3.9854,1.4286
-1.1279,-3.6079,2.0115
-1.1279,-3.1458,2.53
-1.1279,-2.61,2.9719
-1.1279,-2.013,3.3269
-1.1279,-1.3688,3.5865
-1.1279,-0.69251,3.7448
-1.1904,0,3.9204
-1.1904,0.71485,3.8656
-1.1904,1.4129,3.7022
-1.1904,2.0779,3.4342
-1.1904,2.6942,3.0678
-1.1904,3.2473,2.6117
-1.1904,3.7243,2.0764
-1.1904,4.114,1.4746
-1.1904,4.4073,0.82042
-1.1904,4.5973,0.1291
-1.1904,4.6795,-0.58312
-1.1904,4.652,-1.2995
-1.1904,4.5155,-2.0034
-1.1904,4.2732,-2.6781
-1.1904,3.9307,-3.308
-1.1904,3.4961,-3.8782
-1.1904,2.9795,-4.3753
-1.1904,2.3931,-4.7878
-1.1904,1.7506,-5.1059
-1.1904,1.067,-5.3222
-1.1904,0.35847,-5.4317
-1.1904,-0.35847,-5.4317
-1.1904,-1.067,-5.3222
-1.1904,-1.7506,-5.1059
-1.1904,-2.3931,-4.7878
-1.1904,-2.9795,-4.3753
-1.1904,-3.4961,-3.8782
-1.1904,-3.9307,-3.308
-1.1904,-4.2732,-2.6781
-1.1904,-4.5155,-2.0034
-1.1904,-4.652,-1.2995
-1.1904,-4.6795,-0.58312
-1.1904,-4.5973,0.1291
-1.1904,-4.4073,0.82042
-1.1904,-4.114,1.4746
-1.1904,-3.7243,2.0764
-1.1904,-3.2473,2.6117
-1.1904,-2.6942,3.0678
-1.1904,-2.0779,3.4342
-1.1904,-1.4129,3.7022
-1.1904,-0.71485,3.8656
-1.2536,0,4.0429
-1.2536,0.73718,3.9864
-1.2536,1.4571,3.8179
-1.2536,2.1428,3.5415
-1.2536,2.7784,3.1637
-1.2536,3.3488,2.6933
-1.2536,3.8407,2.1413
-1.2536,4.2426,1.5207
-1.2536,4.545,0.84605
-1.2536,4.7409,0.13313
-1.2536,4.8257,-0.60135
-1.2536,4.7974,-1.3402
-1.2536,4.6566,-2.066
-1.2536,4.4067,-2.7618
-1.2536,4.0535,-3.4114
-1.2536,3.6053,-3.9994
-1.2536,3.0726,-4.512
-1.2536,2.4678,-4.9374
-1.2536,1.8053,-5.2655
-1.2536,1.1004,-5.4886
-1.2536,0.36968,-5.6014
-1.2536,-0.36968,-5.6014
-1.2536,-1.1004,-5.4886
-1.2536,-1.8053,-5.2655
-1.2536,-2.4678,-4.9374
-1.2536,-3.0726,-4.512
-1.2536,-3.6053,-3.9994
-1.2536,-4.0535,-3.4114
-1.2536,-4.4067,-2.7618
-1.2536,-4.6566,-2.066
-1.2536,-4.7974,-1.3402
-1.2536,-4.8257,-0.60135
-1.2536,-4.7409,0.13313
-1.2536,-4.545,0.84605
-1.2536,-4.2426,1.5207
-1.2536,-3.8407,2.1413
-1.2536,-3.3488,2.6933
-1.2536,-2.7784,3.1637
-1.2536,-2.1428,3.5415
-1.2536,-1.4571,3.8179
-1.2536,-0.73718,3.9864
-1.3176,0,4.1655
-1.3176,0.75952,4.1071
-1.3176,1.5012,3.9336
-1.3176,2.2078,3.6488
-1.3176,2.8626,3.2595
-1.3176,3.4502,2.7749
-1.3176,3.9571,2.2062
-1.3176,4.3711,1.5668
-1.3176,4.6827,0.87169
-1.3176,4.8846,0.13716
-1.3176,4.972,-0.61957
-1.3176,4.9428,-1.3808
-1.3176,4.7977,-2.1286
-1.3176,4.5403,-2.8455
-1.3176,4.1764,-3.5147
-1.3176,3.7146,-4.1205
-1.3176,3.1657,-4.6488
-1.3176,2.5426,-5.087
-1.3176,1.86,-5.425
-1.3176,1.1337,-5.6549
-1.3176,0.38088,-5.7712
-1.3176,-0.38088,-5.7712
-1.3176,-1.1337,-5.6549
-1.3176,-1.86,-5.425
-1.3176,-2.5426,-5.087
-1.3176,-3.1657,-4.6488
-1.3176,-3.7146,-4.1205
-1.3176,-4.1764,-3.5147
-1.3176,-4.5403,-2.8455
-1.3176,-4.7977,-2.1286
-1.3176,-4.9428,-1.3808
-1.3176,-4.972,-0.61957
-1.3176,-4.8846,0.13716
-1.3176,-4.6827,0.87169
-1.3176,-4.3711,1.5668
-1.3176,-3.9571,2.2062
-1.3176,-3.4502,2.7749
-1.3176,-2.8626,3.2595
-1.3176,-2.2078,3.6488
-1.3176,-1.5012,3.9336
-1.3176,-0.75952,4.1071
-1.3826,0,4.288
-1.3826,0.78186,4.2279
-1.3826,1.5454,4.0493
-1.3826,2.2727,3.7561
-1.3826,2.9468,3.3554
-1.3826,3.5517,2.8565
-1.3826,4.0735,2.2711
-1.3826,4.4997,1.6129
-1.3826,4.8205,0.89733
-1.3826,5.0283,0.1412
-1.3826,5.1182,-0.63779
-1.3826,5.0882,-1.4214
-1.3826,4.9389,-2.1912
-1.3826,4.6738,-2.9292
-1.3826,4.2992,-3.6181
-1.3826,3.8238,-4.2417
-1.3826,3.2588,-4.7855
-1.3826,2.6174,-5.2366
-1.3826,1.9147,-5.5846
-1.3826,1.1671,-5.8212
-1.3826,0.39208,-5.9409
-1.3826,-0.39208,-5.9409
-1.3826,-1.1671,-5.8212
-1.3826,-1.9147,-5.5846
-1.3826,-2.6174,-5.2366
-1.3826,-3.2588,-4.7855
-1.3826,-3.8238,-4.2417
-1.3826,-4.2992,-3.6181
-1.3826,-4.6738,-2.9292
-1.3826,-4.9389,-2.1912
-1.3826,-5.0882,-1.4214
-1.3826,-5.1182,-0.63779
-1.3826,-5.0283,0.1412
-1.3826,-4.8205,0.89733
-1.3826,-4.4997,1.6129
-1.3826,-4.0735,2.2711
-1.3826,-3.5517,2.8565
-1.3826,-2.9468,3.3554
-1.3826,-2.2727,3.7561
-1.3826,-1.5454,4.0493
-1.3826,-0.78186,4.2279
-1.4488,0,4.4105
-1.4488,0.8042,4.3487
-1.4488,1.5896,4.165
-1.4488,2.3376,3.8635
-1.4488,3.0309,3.4513
-1.4488,3.6532,2.9381
-1.4488,4.1898,2.336
-1.4488,4.6283,1.659
-1.4488,4.9582,0.92297
-1.4488,5.1719,0.14523
-1.4488,5.2644,-0.65601
-1.4488,5.2335,-1.462
-1.4488,5.08,-2.2538
-1.4488,4.8073,-3.0129
-1.4488,4.422,-3.7215
-1.4488,3.9331,-4.3629
-1.4488,3.3519,-4.9222
-1.4488,2.6922,-5.3863
-1.4488,1.9694,-5.7442
-1.4488,1.2004,-5.9875
-1.4488,0.40328,-6.1106
-1.4488,-0.40328,-6.1106
-1.4488,-1.2004,-5.9875
-1.4488,-1.9694,-5.7442
-1.4488,-2.6922,-5.3863
-1.4488,-3.3519,-4.9222
-1.4488,-3.9331,-4.3629
-1.4488,-4.422,-3.7215
-1.4488,-4.8073,-3.0129
-1.4488,-5.08,-2.2538
-1.4488,-5.2335,-1.462
-1.4488,-5.2644,-0.65601
-1.4488,-5.1719,0.14523
-1.4488,-4.9582,0.92297
-1.4488,-4.6283,1.659
-1.4488,-4.1898,2.336
-1.4488,-3.6532,2.9381
-1.4488,-3.0309,3.4513
-1.4488,-2.3376,3.8635
-1.4488,-1.5896,4.165
-1.4488,-0.8042,4.3487
-1.5166,0,4.533
-1.5166,0.82654,4.4695
-1.5166,1.6337,4.2807
-1.5166,2.4026,3.9708
-1.5166,3.1151,3.5472
-1.5166,3.7547,3.0197
-1.5166,4.3062,2.4009
-1.5166,4.7568,1.705
-1.5166,5.0959,0.94861
-1.5166,5.3156,0.14927
-1.5166,5.4107,-0.67424
-1.5166,5.3789,-1.5026
-1.5166,5.2211,-2.3164
-1.5166,4.9409,-3.0966
-1.5166,4.5449,-3.8249
-1.5166,4.0423,-4.4841
-1.5166,3.445,-5.059
-1.5166,2.767,-5.5359
-1.5166,2.0241,-5.9037
-1.5166,1.2337,-6.1538
-1.5166,0.41449,-6.2804
-1.5166,-0.41449,-6.2804
-1.5166,-1.2337,-6.1538
-1.5166,-2.0241,-5.9037
-1.5166,-2.767,-5.5359
-1.5166,-3.445,-5.059
-1.5166,-4.0423,-4.4841
-1.5166,-4.5449,-3.8249
-1.5166,-4.9409,-3.0966
-1.5166,-5.2211,-2.3164
-1.5166,-5.3789,-1.5026
-1.5166,-5.4107,-0.67424
-1.5166,-5.3156,0.14927
-1.5166,-5.0959,0.94861
-1.5166,-4.7568,1.705
-1.5166,-4.3062,2.4009
-1.5166,-3.7547,3.0197
-1.5166,-3.1151,3.5472
-1.5166,-2.4026,3.9708
-1.5166,-1.6337,4.2807
-1.5166,-0.82654,4.4695
-1.5866,0,4.6555
-1.5866,0.84888,4.5903
-1.5866,1.6779,4.3964
-1.5866,2.4675,4.0781
-1.5866,3.1993,3.643
-1.5866,3.8562,3.1013
-1.5866,4.4226,2.4657
-1.5866,4.8854,1.7511
-1.5866,5.2337,0.97424
-1.5866,5.4593,0.1533
-1.5866,5.5569,-0.69246
-1.5866,5.5243,-1.5432
-1.5866,5.3622,-2.379
-1.5866,5.0744,-3.1803
-1.5866,4.6677,-3.9282
-1.5866,4.1516,-4.6053
-1.5866,3.5381,-5.1957
-1.5866,2.8418,-5.6855
-1.5866,2.0788,-6.0633
-1.5866,1.2671,-6.3202
-1.5866,0.42569,-6.4501
-1.5866,-0.42569,-6.4501
-1.5866,-1.2671,-6.3202
-1.5866,-2.0788,-6.0633
-1.5866,-2.8418,-5.6855
-1.5866,-3.5381,-5.1957
-1.5866,-4.1516,-4.6053
-1.5866,-4.6677,-3.9282
-1.5866,-5.0744,-3.1803
-1.5866,-5.3622,-2.379
-1.5866,-5.5243,-1.5432
-1.5866,-5.5569,-0.69246
-1.5866,-5.4593,0.1533
-1.5866,-5.2337,0.97424
-1.5866,-4.8854,1.7511
-1.5866,-4.4226,2.4657
-1.5866,-3.8562,3.1013
-1.5866,-3.1993,3.643
-1.5866,-2.4675,4.0781
-1.5866,-1.6779,4.3964
-1.5866,-0.84888,4.5903
-1.6591,0,4.778
-1.6591,0.87122,4.7111
-1.6591,1.722,4.512
-1.6591,2.5324,4.1854
-1.6591,3.2835,3.7389
-1.6591,3.9576,3.183
-1.6591,4.539,2.5306
-1.6591,5.0139,1.7972
-1.6591,5.3714,0.99988
-1.6591,5.6029,0.15734
-1.6591,5.7031,-0.71068
-1.6591,5.6697,-1.5838
-1.6591,5.5033,-2.4416
-1.6591,5.2079,-3.264
-1.6591,4.7905,-4.0316
-1.6591,4.2608,-4.7265
-1.6591,3.6312,-5.3324
-1.6591,2.9165,-5.8351
-1.6591,2.1335,-6.2228
-1.6591,1.3004,-6.4865
-1.6591,0.43689,-6.6199
-1.6591,-0.43689,-6.6199
-1.6591,-1.3004,-6.4865
-1.6591,-2.1335,-6.2228
-1.6591,-2.9165,-5.8351
-1.6591,-3.6312,-5.3324
-1.6591,-4.2608,-4.7265
-1.6591,-4.7905,-4.0316
-1.6591,-5.2079,-3.264
-1.6591,-5.5033,-2.4416
-1.6591,-5.6697,-1.5838
-1.6591,-5.7031,-0.71068
-1.6591,-5.6029,0.15734
-1.6591,-5.3714,0.99988
-1.6591,-5.0139,1.7972
-1.6591,-4.539,2.5306
-1.6591,-3.9576,3.183
-1.6591,-3.2835,3.7389
-1.6591,-2.5324,4.1854
-1.6591,-1.722,4.512
-1.6591,-0.87122,4.7111
-1.735,0,4.9005
-1.735,0.89356,4.8319
-1.735,1.7662,4.6277
-1.735,2.5974,4.2927
-1.735,3.3677,3.8348
-1.735,4.0591,3.2646
-1.735,4.6554,2.5955
-1.735,5.1425,1.8433
-1.735,5.5091,1.0255
-1.735,5.7466,0.16137
-1.735,5.8494,-0.7289
-1.735,5.815,-1.6244
-1.735,5.6444,-2.5042
-1.735,5.3415,-3.3477
-1.735,4.9134,-4.135
-1.735,4.3701,-4.8477
-1.735,3.7243,-5.4691
-1.735,2.9913,-5.9847
-1.735,2.1882,-6.3824
-1.735,1.3338,-6.6528
-1.735,0.44809,-6.7896
-1.735,-0.44809,-6.7896
-1.735,-1.3338,-6.6528
-1.735,-2.1882,-6.3824
-1.735,-2.9913,-5.9847
-1.735,-3.7243,-5.4691
-1.735,-4.3701,-4.8477
-1.735,-4.9134,-4.135
-1.735,-5.3415,-3.3477
-1.735,-5.6444,-2.5042
-1.735,-5.815,-1.6244
-1.735,-5.8494,-0.7289
-1.735,-5.7466,0.16137
-1.735,-5.5091,1.0255
-1.735,-5.1425,1.8433
-1.735,-4.6554,2.5955
-1.735,-4.0591,3.2646
-1.735,-3.3677,3.8348
-1.735,-2.5974,4.2927
-1.735,-1.7662,4.6277
-1.735,-0.89356,4.8319
-1.8149,0,5.0231
-1.8149,0.9159,4.9527
-1.8149,1.8103,4.7434
-1.8149,2.6623,4.4001
-1.8149,3.4519,3.9306
-1.8149,4.1606,3.3462
-1.8149,4.7718,2.6604
-1.8149,5.2711,1.8894
-1.8149,5.6468,1.0512
-1.8149,5.8902,0.1654
-1.8149,5.9956,-0.74713
-1.8149,5.9604,-1.665
-1.8149,5.7855,-2.5668
-1.8149,5.475,-3.4314
-1.8149,5.0362,-4.2383
-1.8149,4.4793,-4.9689
-1.8149,3.8175,-5.6059
-1.8149,3.0661,-6.1344
-1.8149,2.2429,-6.542
-1.8149,1.3671,-6.8191
-1.8149,0.4593,-6.9593
-1.8149,-0.4593,-6.9593
-1.8149,-1.3671,-6.8191
-1.8149,-2.2429,-6.542
-1.8149,-3.0661,-6.1344
-1.8149,-3.8175,-5.6059
-1.8149,-4.4793,-4.9689
-1.8149,-5.0362,-4.2383
-1.8149,-5.475,-3.4314
-1.8149,-5.7855,-2.5668
-1.8149,-5.9604,-1.665
-1.8149,-5.9956,-0.74713
-1.8149,-5.8902,0.1654
-1.8149,-5.6468,1.0512
-1.8149,-5.2711,1.8894
-1.8149,-4.7718,2.6604
-1.8149,-4.1606,3.3462
-1.8149,-3.4519,3.9306
-1.8149,-2.6623,4.4001
-1.8149,-1.8103,4.7434
-1.8149,-0.9159,4.9527
