0.0254
0.0508
0.0762
0.1016
0.127
0.1524
0.1778
0.2032
0.2286
0.254
0.2794
0.3048
0.3302
0.3556
0.381
0.4064
0.4318
0.4572
0.4826
0.508
0.5334
0.5588
0.5842
0.6096
0.635
0.6604
0.6858
0.7112
0.7366
0.762
0.7874
0.8128
0.8382
0.8636
0.889
0.9144
0.9398
0.9652
0.9906
1.016
1.0414
1.0668
1.0922
1.1176
1.143
1.1684
1.1938
1.2192
1.2446
1.27
1.2954
1.3208
1.3462
1.3716
1.397
1.4224
1.4478
1.4732
1.4986
1.524
1.5494
1.5748
1.6002
1.6256
1.651
1.6764
1.7018
1.7272
1.7526
1.778
1.8034
1.8288
1.8542
1.8796
1.905
1.9304
1.9558
1.9812
2.0066
2.032
2.0574
2.0828
2.1082
2.1336
2.159
2.1844
2.2098
2.2352
2.2606
2.286
2.3114
2.3368
2.3622
2.3876
2.413
2.4384
2.4638
2.4892
2.5146
2.54
2.5654
2.5908
2.6162
2.6416
2.667
2.6924
2.7178
2.7432
2.7686
2.794
2.8194
2.8448
2.8702
2.8956
2.921
2.9464
2.9718
2.9972
3.0226
3.048
3.0734
3.0988
3.1242
3.1496
3.175
3.2004
3.2258
3.2512
3.2766
3.302
3.3274
3.3528
3.3782
3.4036
3.429
3.4544
3.4798
3.5052
3.5306
3.556
3.5814
3.6068
3.6322
3.6576
3.683
3.7084
3.7338
3.7592
3.7846
3.81
3.8354
3.8608
3.8862
3.9116
3.937
3.9624
3.9878
4.0132
4.0386
4.064
4.0894
4.1148
4.1402
4.1656
4.191
4.2164
4.2418
4.2672
4.2926
4.318
4.3434
4.3688
4.3942
4.4196
4.445
4.4704
4.4958
4.5212
4.5466
4.572
4.5974
4.6228
4.6482
4.6736
4.699
4.7244
4.7498
4.7752
4.8006
4.826
4.8514
4.8768
4.9022
4.9276
4.953
4.9784
5.0038
5.0292
5.0546
5.08
5.1054
5.1308
5.1562
5.1816
5.207
5.2324
5.2578
5.2832
5.3086
5.334
5.3594
5.3848
5.4102
5.4356
5.461
5.4864
5.5118
5.5372
5.5626
5.588
5.6134
5.6388
5.6642
5.6896
5.715
5.7404
5.7658
5.7912
5.8166
5.842
5.8674
5.8928
5.9182
5.9436
5.969
5.9944
6.0198
6.0452
6.0706
6.096
6.1214
6.1468
6.1722
6.1976
6.223
6.2484
6.2738
6.2992
6.3246
6.35
6.3754
6.4008
6.4262
6.4516
6.477
6.5024
6.5278
6.5532
6.5786
6.604
6.6294
6.6548
6.6802
6.7056
6.731
6.7564
6.7818
6.8072
6.8326
6.858
6.8834
6.9088
6.9342
6.9596
6.985
7.0104
7.0358
7.0612
7.0866
7.112
7.1374
7.1628
7.1882
7.2136
7.239
7.2644
7.2898
7.3152
7.3406
7.366
7.3914
7.4168
7.4422
7.4676
7.493
7.5184
7.5438
7.5692
7.5946
7.62
7.6454
7.6708
7.6962
7.7216
7.747
7.7724
7.7978
7.8232
7.8486
7.874
7.8994
7.9248
7.9502
7.9756
8.001
8.0264
8.0518
8.0772
8.1026
8.128
8.1534
8.1788
8.2042
8.2296
8.255
8.2804
8.3058
8.3312
8.3566
8.382
8.4074
8.4328
8.4582
8.4836
8.509
8.5344
8.5598
8.5852
8.6106
8.636
8.6614
8.6868
8.7122
8.7376
8.763
8.7884
8.8138
8.8392
8.8646
8.89
8.9154
8.9408
8.9662
8.9916
9.017
9.0424
9.0678
9.0932
9.1186
9.144
9.1694
9.1948
9.2202
9.2456
9.271
9.2964
9.3218
9.3472
9.3726
9.398
9.4234
9.4488
9.4742
9.4996
9.525
9.5504
9.5758
9.6012
9.6266
9.652
9.6774
9.7028
9.7282
9.7536
9.779
9.8044
9.8298
9.8552
9.8806
9.906
9.9314
9.9568
9.9822
10.0076
10.033
10.0584
10.0838
10.1092
10.1346
10.16
10.1854
10.2108
10.2362
10.2616
10.287
10.3124
10.3378
10.3632
10.3886
10.414
10.4394
10.4648
10.4902
10.5156
10.541
10.5664
10.5918
10.6172
10.6426
10.668
10.6934
10.7188
10.7442
10.7696
10.795
10.8204
10.8458
10.8712
10.8966
10.922
10.9474
10.9728
10.9982
11.0236
11.049
11.0744
11.0998
11.1252
11.1506
11.176
11.2014
11.2268
11.2522
11.2776
11.303
11.3284
11.3538
11.3792
11.4046
11.43
11.4554
11.4808
11.5062
11.5316
11.557
11.5824
11.6078
11.6332
11.6586
11.684
11.7094
11.7348
11.7602
11.7856
11.811
11.8364
11.8618
11.8872
11.9126
11.938
11.9634
11.9888
12.0142
12.0396
12.065
12.0904
12.1158
12.1412
12.1666
12.192
12.2174
12.2428
12.2682
12.2936
12.319
12.3444
12.3698
12.3952
12.4206
12.446
12.4714
12.4968
12.5222
12.5476
12.573
12.5984
12.6238
12.6492
12.6746
12.7