-1.0472,43.965,1.2426e-16,16.866,9.1091e-15,234.45,-8.9267e-15
-1.0297,44.865,-1.4151e-16,17.491,9.8953e-15,233,-9.2241e-15
-1.0123,45.796,4.9415e-16,18.105,3.8885e-15,231.47,-5.9917e-15
-0.99484,46.76,3.9054e-16,18.705,5.3781e-15,229.85,-6.8688e-15
-0.97738,47.755,3.6419e-16,19.291,4.4402e-15,228.13,-7.2057e-15
-0.95993,48.78,7.5351e-16,19.86,1.0656e-14,226.33,-1.0549e-14
-0.94248,49.834,-3.9708e-16,20.412,7.6971e-15,224.43,-8.5785e-15
-0.92502,50.917,2.8106e-16,20.944,3.0382e-15,222.43,-5.5333e-15
-0.90757,52.027,3.6206e-16,21.456,1.1558e-14,220.34,-1.2248e-14
-0.89012,53.164,3.4572e-16,21.944,3.4738e-15,218.15,-6.5065e-15
-0.87266,54.325,-4.1365e-17,22.407,-4.1289e-15,215.87,-1.5551e-16
-0.85521,55.51,4.4472e-16,22.844,5.9821e-15,213.49,-9.0063e-15
-0.83776,56.717,-3.1889e-16,23.252,-2.8308e-15,211.02,-4.3931e-16
-0.8203,57.944,-9.9378e-18,23.629,4.6702e-15,208.46,-7.4654e-15
-0.80285,59.191,-1.5947e-17,23.976,-3.2997e-15,205.81,-1.437e-15
-0.7854,60.454,-3.4512e-16,24.289,1.4839e-16,203.06,-4.2441e-15
-0.76794,61.734,1.8842e-16,24.569,-1.8146e-15,200.21,-1.4657e-15
-0.75049,63.027,-9.4205e-17,24.816,8.7537e-15,197.26,-1.2489e-14
-0.73304,64.332,-1.7061e-16,25.027,8.9657e-15,194.22,-1.3121e-14
-0.71558,65.647,-3.6866e-16,25.2,-9.3093e-16,191.07,-2.2457e-15
-0.69813,66.97,-6.6779e-17,25.336,-2.9802e-15,187.84,-4.3092e-16
-0.68068,68.299,-1.0128e-15,25.432,7.2208e-15,184.52,-1.2815e-14
-0.66323,69.632,-1.5948e-16,25.488,-7.559e-16,181.1,-2.7334e-15
-0.64577,70.967,-3.5057e-16,25.502,2.8255e-15,177.6,-7.365e-15
-0.62832,72.302,-5.0758e-16,25.475,4.5821e-15,174.01,-1.0801e-14
-0.61087,73.634,-6.8012e-16,25.406,-4.2189e-15,170.33,2.7935e-15
-0.59341,74.962,-1.4549e-16,25.295,2.5351e-17,166.56,-3.4795e-15
-0.57596,76.283,-1.0835e-15,25.142,-6.8272e-15,162.7,6.6714e-15
-0.55851,77.594,5.0366e-16,24.947,-1.4531e-15,158.75,-1.4403e-15
-0.54105,78.894,-5.5377e-16,24.71,1.7302e-15,154.71,-7.1716e-15
-0.5236,80.181,-7.9536e-16,24.429,-8.8338e-15,150.6,1.263e-14
-0.50615,81.452,-1.3015e-15,24.106,-3.0063e-15,146.4,2.449e-15
-0.48869,82.705,-9.2592e-16,23.739,5.2808e-15,142.13,-1.2949e-14
-0.47124,83.937,-8.2944e-16,23.329,5.2464e-15,137.78,-1.4708e-14
-0.45379,85.147,6.7442e-16,22.877,-3.5347e-15,133.37,2.9212e-15
-0.43633,86.332,-5.6248e-16,22.383,-9.551e-15,128.88,1.6539e-14
-0.41888,87.49,-4.7755e-16,21.849,-4.8079e-15,124.32,6.8337e-15
-0.40143,88.619,5.3504e-16,21.276,-3.4232e-15,119.68,4.0228e-15
-0.38397,89.717,1.131e-16,20.664,3.406e-15,114.97,-1.2095e-14
-0.36652,90.783,1.2542e-15,20.014,-4.9883e-15,110.19,9.5387e-15
-0.34907,91.813,-6.5038e-16,19.327,-2.7069e-15,105.36,2.6075e-15
-0.33161,92.806,-1.1567e-15,18.603,4.3438e-15,100.46,-1.6377e-14
-0.31416,93.76,-9.3134e-16,17.843,1.7584e-15,95.515,-9.6891e-15
-0.29671,94.674,-5.4724e-16,17.049,1.1507e-15,90.52,-7.702e-15
-0.27925,95.545,1.3287e-16,16.222,-2.2171e-15,85.479,4.394e-15
-0.2618,96.372,-9.7281e-17,15.364,7.5875e-15,80.392,-3.1704e-14
-0.24435,97.153,7.2938e-16,14.477,-2.4281e-15,75.252,3.9746e-15
-0.22689,97.887,1.6076e-15,13.563,3.7645e-15,70.059,-1.915e-14
-0.20944,98.573,2.6255e-16,12.624,2.6483e-15,64.82,-1.6999e-14
-0.19199,99.209,4.5674e-16,11.662,5.5954e-16,59.54,-8.7181e-15
-0.17453,99.794,1.5458e-15,10.676,-6.0158e-16,54.226,-1.5304e-15
-0.15708,100.33,1.78e-17,9.67,2.7939e-15,48.884,-2.1627e-14
-0.13963,100.81,6.6069e-16,8.644,1.9445e-15,43.52,-1.6476e-14
-0.12217,101.23,7.8623e-16,7.6002,-3.7602e-16,38.139,4.7736e-16
-0.10472,101.6,1.376e-15,6.5404,1.9937e-15,32.747,-2.2803e-14
-0.087266,101.92,-9.0846e-17,5.4669,5.2071e-16,27.342,-8.6744e-15
-0.069813,102.17,7.2556e-17,4.3838,6.4768e-16,21.914,-1.1148e-14
-0.05236,102.38,2.8592e-17,3.2938,-6.4295e-16,16.459,3.4665e-15
-0.034907,102.52,1.1588e-15,2.1988,-7.9908e-17,10.984,3.7717e-15
-0.017453,102.61,1.8901e-16,1.1002,3.7485e-16,5.4952,-1.6953e-14
0,102.63,2.2869e-16,-2.3402e-15,-6.0306e-16,6.4376e-15,-1.3712e-14
0.017453,102.61,-2.4372e-16,-1.1002,1.3165e-16,-5.4952,9.6285e-16
0.034907,102.52,1.7161e-15,-2.1988,-7.3309e-16,-10.984,-2.8008e-14
0.05236,102.38,6.4723e-16,-3.2938,-1.5528e-15,-16.459,-3.3275e-14
0.069813,102.17,1.4753e-15,-4.3838,4.2104e-16,-21.914,6.918e-15
0.087266,101.92,4.9175e-16,-5.4669,-3.8128e-16,-27.342,-1.1119e-14
0.10472,101.6,-3.2563e-16,-6.5404,3.2636e-15,-32.747,2.4656e-14
0.12217,101.23,-3.2057e-16,-7.6002,2.7192e-16,-38.139,4.0901e-16
0.13963,100.81,-2.3029e-16,-8.644,-1.6156e-15,-43.52,-1.3842e-14
0.15708,100.33,1.4937e-15,-9.67,-6.8148e-16,-48.884,-7.8151e-15
0.17453,99.794,9.1391e-16,-10.676,-2.1152e-16,-54.226,-4.967e-15
0.19199,99.209,5.9679e-16,-11.662,-3.5478e-15,-59.54,-2.1093e-14
0.20944,98.573,1.1903e-15,-12.624,3.4468e-15,-64.82,1.2013e-14
0.22689,97.887,3.7587e-16,-13.563,-6.451e-15,-70.059,-3.1164e-14
0.24435,97.153,3.5565e-16,-14.477,-4.8518e-15,-75.252,-2.2283e-14
0.2618,96.372,1.2482e-15,-15.364,-1.7338e-15,-80.392,-9.8924e-15
0.27925,95.545,1.5264e-15,-16.222,7.271e-15,-85.479,2.2309e-14
0.29671,94.674,1.0249e-15,-17.049,4.1764e-15,-90.52,9.3222e-15
0.31416,93.76,-1.929e-16,-17.843,-5.3769e-15,-95.515,-1.9522e-14
0.33161,92.806,1.1027e-15,-18.603,-8.1408e-15,-100.46,-2.8029e-14
0.34907,91.813,1.2497e-15,-19.327,-7.0042e-15,-105.36,-2.2173e-14
0.36652,90.783,1.0665e-15,-20.014,-9.8267e-17,-110.19,-3.0842e-15
0.38397,89.717,7.3795e-16,-20.664,-8.0906e-15,-114.97,-2.4337e-14
0.40143,88.619,1.7527e-15,-21.276,6.1559e-15,-119.68,9.9113e-15
0.41888,87.49,1.1846e-15,-21.849,-3.6209e-15,-124.32,-1.1204e-14
0.43633,86.332,9.9624e-16,-22.383,3.8898e-15,-128.88,4.0044e-15
0.45379,85.147,1.1433e-15,-22.877,1.4088e-15,-133.37,-1.0652e-15
0.47124,83.937,9.6344e-16,-23.329,-1.24e-14,-137.78,-2.8504e-14
0.48869,82.705,1.3999e-15,-23.739,-1.2649e-15,-142.13,-6.3964e-15
0.50615,81.452,1.8143e-15,-24.106,-7.7044e-15,-146.4,-1.9012e-14
0.5236,80.181,1.2071e-15,-24.429,-2.144e-15,-150.6,-6.6511e-15
0.54105,78.894,9.7413e-16,-24.71,-4.5211e-15,-154.71,-1.1283e-14
0.55851,77.594,9.8085e-16,-24.947,-1.3807e-14,-158.75,-2.6477e-14
0.57596,76.283,-9.7076e-17,-25.142,-7.2788e-15,-162.7,-1.542e-14
0.59341,74.962,1.5704e-15,-25.295,-1.3497e-14,-166.56,-2.3684e-14
0.61087,73.634,6.7953e-16,-25.406,-8.2589e-15,-170.33,-1.5407e-14
0.62832,72.302,9.516e-16,-25.475,-1.2484e-14,-174.01,-2.0159e-14
0.64577,70.967,2.0774e-15,-25.502,-2.6717e-15,-177.6,-7.7508e-15
0.66323,69.632,1.9911e-16,-25.488,-4.7237e-15,-181.1,-9.1741e-15
0.68068,68.299,1.9041e-15,-25.432,-3.6554e-15,-184.52,-8.125e-15
0.69813,66.97,2.0676e-15,-25.336,-1.2596e-14,-187.84,-1.8764e-14
0.71558,65.647,-1.5325e-16,-25.2,-5.4815e-15,-191.07,-1.0404e-14
0.73304,64.332,1.5649e-15,-25.027,-1.1455e-16,-194.22,-4.3198e-15
0.75049,63.027,7.7487e-16,-24.816,-1.361e-14,-197.26,-1.8868e-14
0.76794,61.734,1.5276e-15,-24.569,-7.2684e-15,-200.21,-1.1566e-14
0.7854,60.454,1.372e-15,-24.289,2.6031e-15,-203.06,-1.6848e-15
0.80285,59.191,1.3827e-15,-23.976,-8.2357e-15,-205.81,-1.1672e-14
0.8203,57.944,4.9642e-16,-23.629,-5.9608e-15,-208.46,-1.01e-14
0.83776,56.717,1.1912e-15,-23.252,-1.0133e-14,-211.02,-1.2529e-14
0.85521,55.51,1.6703e-15,-22.844,-1.3575e-14,-213.49,-1.5163e-14
0.87266,54.325,1.8108e-15,-22.407,-1.0939e-14,-215.87,-1.2907e-14
0.89012,53.164,9.1147e-16,-21.944,-2.5264e-15,-218.15,-6.1632e-15
0.90757,52.027,9.0446e-16,-21.456,-7.5851e-15,-220.34,-9.1388e-15
0.92502,50.917,5.5678e-16,-20.944,-1.3295e-14,-222.43,-1.3132e-14
0.94248,49.834,9.2488e-16,-20.412,-1.8405e-14,-224.43,-1.677e-14
0.95993,48.78,8.294e-16,-19.86,-1.2323e-14,-226.33,-1.3234e-14
0.97738,47.755,-7.4768e-17,-19.291,-8.2157e-15,-228.13,-8.8901e-15
0.99484,46.76,1.1983e-15,-18.705,-3.1902e-15,-229.85,-5.5987e-15
1.0123,45.796,-5.0192e-17,-18.105,-5.5849e-15,-231.47,-7.5363e-15
1.0297,44.865,7.4366e-16,-17.491,-1.1516e-14,-233,-1.0136e-14
1.0472,43.965,3.8615e-16,-16.866,-5.4961e-15,-234.45,-6.9745e-15
