-1.0472,89.858,2.3944e-15,10.369,-1.0008e-15,-46.674,-2.6246e-16
-1.0297,90.407,-2.3859e-15,10.597,-1.1184e-15,-47.586,-2.2974e-15
-1.0123,90.967,-2.4216e-15,10.811,-1.6046e-15,-48.44,-7.306e-16
-0.99484,91.538,5.8254e-16,11.014,-3.7466e-16,-49.235,4.9016e-16
-0.97738,92.12,-3.6998e-16,11.207,-1.4207e-15,-49.97,9.9936e-16
-0.95993,92.712,6.1192e-16,11.388,2.1351e-16,-50.644,-8.228e-16
-0.94248,93.313,1.7818e-15,11.559,-6.1729e-16,-51.256,-2.4422e-15
-0.92502,93.922,1.6983e-15,11.717,-1.5049e-15,-51.806,-1.9351e-15
-0.90757,94.539,1.1332e-15,11.861,-1.0254e-15,-52.293,2.64e-16
-0.89012,95.164,3.1225e-17,11.988,2.9491e-16,-52.716,-5.2341e-16
-0.87266,95.794,1.3816e-16,12.098,-1.3471e-15,-53.075,-2.2384e-17
-0.85521,96.431,1.1406e-15,12.195,3.8392e-16,-53.37,-7.1102e-16
-0.83776,97.071,-1.0391e-15,12.279,-8.0676e-16,-53.599,-1.6945e-16
-0.8203,97.716,1.621e-15,12.35,-2.4321e-15,-53.763,8.4032e-16
-0.80285,98.364,1.8464e-16,12.409,2.4309e-15,-53.861,-3.6631e-15
-0.7854,99.015,1.4013e-15,12.453,1.0923e-15,-53.894,1.4456e-15
-0.76794,99.668,2.4917e-15,12.481,-6.734e-16,-53.861,1.2548e-15
-0.75049,100.32,5.0719e-16,12.491,-1.0346e-15,-53.763,-3.6707e-16
-0.73304,100.98,-1.4702e-16,12.483,-2.9834e-15,-53.599,4.8313e-15
-0.71558,101.63,1.9516e-15,12.458,-2.4895e-15,-53.37,3.6373e-15
-0.69813,102.28,-7.8424e-16,12.419,-4.522e-17,-53.075,-1.0207e-15
-0.68068,102.93,2.0425e-15,12.366,-1.8854e-15,-52.716,2.3867e-15
-0.66323,103.58,-8.8189e-16,12.3,-2.0758e-15,-52.293,4.0838e-15
-0.64577,104.22,-1.3006e-15,12.219,-5.3893e-16,-51.806,3.5126e-15
-0.62832,104.85,1.1576e-15,12.122,1.7832e-16,-51.256,2.0805e-15
-0.61087,105.49,-4.6144e-16,12.008,2.3407e-15,-50.644,-2.6276e-15
-0.59341,106.11,-1.2794e-16,11.875,1.1575e-15,-49.97,1.9504e-15
-0.57596,106.73,1.8651e-15,11.725,-7.2624e-16,-49.235,1.0529e-15
-0.55851,107.34,1.9564e-15,11.56,-6.9213e-16,-48.44,1.3314e-15
-0.54105,107.94,-5.3746e-16,11.381,7.1463e-16,-47.586,-3.9468e-15
-0.5236,108.53,2.4004e-16,11.188,-9.508e-16,-46.674,4.1906e-15
-0.50615,109.11,-2.3717e-16,10.982,-2.2098e-16,-45.705,1.0197e-15
-0.48869,109.68,2.11e-15,10.76,-7.0353e-16,-44.68,4.6064e-15
-0.47124,110.24,-1.4288e-15,10.524,-2.6001e-16,-43.601,6.5743e-15
-0.45379,110.78,1.0365e-16,10.27,-4.1212e-16,-42.469,-3.6989e-16
-0.43633,111.31,1.391e-16,10.003,-6.0672e-16,-41.285,-1.0021e-15
-0.41888,111.83,-2.099e-16,9.7216,3.0791e-16,-40.051,-4.8478e-16
-0.40143,112.33,-1.222e-15,9.4274,-4.8015e-15,-38.768,8.8586e-15
-0.38397,112.82,1.1714e-15,9.1205,-1.3064e-15,-37.438,6.6287e-15
-0.36652,113.29,-8.2889e-16,8.8014,-2.2824e-15,-36.062,4.6974e-15
-0.34907,113.74,1.493e-15,8.4697,-2.2105e-15,-34.642,5.9999e-15
-0.33161,114.17,8.546e-16,8.1252,-1.78e-15,-33.181,6.42e-15
-0.31416,114.59,9.4298e-16,7.7697,-1.0219e-15,-31.678,4.8314e-15
-0.29671,114.99,3.8099e-16,7.4047,-1.8044e-15,-30.137,7.8898e-15
-0.27925,115.36,5.4633e-16,7.0295,-1.4083e-15,-28.56,6.6704e-15
-0.2618,115.72,1.0961e-16,6.6435,1.1899e-15,-26.947,1.1507e-15
-0.24435,116.06,2.0106e-15,6.2462,-1.0302e-15,-25.302,5.5391e-15
-0.22689,116.38,-6.476e-16,5.8399,-8.8848e-16,-23.626,2.8745e-15
-0.20944,116.67,1.3826e-15,5.4265,1.0437e-15,-21.921,2.5872e-15
-0.19199,116.94,8.4086e-16,5.0055,-4.3464e-16,-20.189,2.1336e-15
-0.17453,117.19,-2.0794e-15,4.5776,-4.4594e-16,-18.433,4.2142e-15
-0.15708,117.42,1.8793e-15,4.1438,-1.6178e-16,-16.654,4.2673e-15
-0.13963,117.63,1.0963e-15,3.7038,-6.6526e-16,-14.855,4.7013e-15
-0.12217,117.81,2.3984e-15,3.2577,8.8151e-16,-13.038,7.3251e-16
-0.10472,117.97,3.1393e-15,2.8067,1.0614e-16,-11.205,5.5475e-15
-0.087266,118.1,1.5627e-15,2.3505,-2.4835e-17,-9.3586,4.9252e-15
-0.069813,118.22,1.7063e-15,1.8891,-5.6236e-16,-7.5006,2.3371e-15
-0.05236,118.3,9.6425e-16,1.4232,-1.1772e-15,-5.6335,5.1515e-15
-0.034907,118.36,3.4944e-15,0.95313,-1.1187e-16,-3.7595,4.4259e-15
-0.017453,118.4,1.4512e-15,0.47878,9.0336e-17,-1.8809,2.6121e-16
0,118.41,1.1005e-15,-9.4915e-15,-2.3621e-16,-2.0938e-14,7.5847e-15
0.017453,118.4,2.9226e-15,-0.47878,2.9443e-16,1.8809,3.0868e-15
0.034907,118.36,2.0946e-15,-0.95313,5.4095e-17,3.7595,5.3423e-15
0.05236,118.3,3.8896e-17,-1.4232,-2.6976e-17,5.6335,3.3742e-15
0.069813,118.22,2.5522e-15,-1.8891,-8.8136e-16,7.5006,2.2477e-15
0.087266,118.1,1.4854e-15,-2.3505,-8.9852e-17,9.3586,5.6625e-15
0.10472,117.97,1.793e-17,-2.8067,6.8036e-16,11.205,6.3326e-15
0.12217,117.81,1.1656e-15,-3.2577,9.5196e-16,13.038,6.2376e-15
0.13963,117.63,1.4285e-15,-3.7038,-2.4416e-16,14.855,5.3527e-15
0.15708,117.42,2.4946e-16,-4.1438,1.1422e-15,16.654,4.8024e-15
0.17453,117.19,-3.1616e-15,-4.5776,-1.1212e-16,18.433,-6.4774e-16
0.19199,116.94,-9.197e-16,-5.0055,7.1796e-16,20.189,2.8589e-15
0.20944,116.67,-1.8857e-15,-5.4265,-6.6092e-16,21.921,4.1108e-16
0.22689,116.38,-1.996e-15,-5.8399,6.7943e-16,23.626,1.6575e-15
0.24435,116.06,-4.1025e-15,-6.2462,2.6834e-16,25.302,3.6568e-15
0.2618,115.72,9.6521e-17,-6.6435,-5.8473e-16,26.947,2.7659e-15
0.27925,115.36,-2.0272e-15,-7.0295,-1.1915e-15,28.56,5.8202e-16
0.29671,114.99,-1.8998e-15,-7.4047,5.2392e-16,30.137,4.3421e-15
0.31416,114.59,7.2419e-16,-7.7697,1.2391e-15,31.678,7.3965e-15
0.33161,114.17,-2.0708e-17,-8.1252,3.323e-17,33.181,3.9196e-15
0.34907,113.74,6.091e-16,-8.4697,6.8967e-16,34.642,4.3148e-15
0.36652,113.29,7.8063e-18,-8.8014,1.1976e-15,36.062,3.7629e-15
0.38397,112.82,-1.3416e-15,-9.1205,3.9623e-16,37.438,4.0544e-15
0.40143,112.33,3.2531e-16,-9.4274,-2.8121e-16,38.768,6.683e-15
0.41888,111.83,-4.9928e-16,-9.7216,2.4526e-15,40.051,7.6433e-15
0.43633,111.31,-8.0231e-18,-10.003,4.715e-16,41.285,6.1287e-15
0.45379,110.78,3.3616e-16,-10.27,-3.6036e-16,42.469,3.5631e-16
0.47124,110.24,-3.3175e-15,-10.524,8.641e-16,43.601,3.4307e-15
0.48869,109.68,-5.0209e-16,-10.76,1.8532e-15,44.68,6.7527e-15
0.50615,109.11,7.7271e-16,-10.982,-3.3046e-15,45.705,-6.6965e-16
0.5236,108.53,-3.1755e-15,-11.188,-1.3457e-15,46.674,2.4023e-15
0.54105,107.94,-3.169e-15,-11.381,-8.252e-16,47.586,1.9594e-15
0.55851,107.34,-1.3323e-15,-11.56,7.4748e-16,48.44,2.2339e-15
0.57596,106.73,-1.5246e-15,-11.725,2.0112e-15,49.235,5.872e-15
0.59341,106.11,-2.5887e-15,-11.875,-2.4581e-15,49.97,4.3097e-15
0.61087,105.49,-1.7223e-15,-12.008,1.1189e-15,50.644,4.7872e-15
0.62832,104.85,-1.8532e-15,-12.122,-1.2815e-15,51.256,-3.1765e-16
0.64577,104.22,-3.0204e-15,-12.219,-2.2746e-15,51.806,2.5562e-15
0.66323,103.58,-1.3685e-15,-12.3,7.8745e-16,52.293,5.1513e-15
0.68068,102.93,-2.5652e-15,-12.366,-9.8011e-17,52.716,1.8871e-15
0.69813,102.28,-1.6164e-15,-12.419,-1.5601e-15,53.075,-2.6154e-16
0.71558,101.63,-4.5383e-15,-12.458,6.4929e-16,53.37,1.8786e-15
0.73304,100.98,-1.9486e-15,-12.483,-7.4196e-16,53.599,2.2753e-15
0.75049,100.32,-6.8402e-16,-12.491,-1.0336e-15,53.763,3.1101e-15
0.76794,99.668,-2.1532e-16,-12.481,-1.2126e-15,53.861,1.2741e-15
0.7854,99.015,2.1782e-16,-12.453,-2.6407e-15,53.894,3.2202e-15
0.80285,98.364,-3.3751e-15,-12.409,-2.0921e-15,53.861,-3.6823e-17
0.8203,97.716,-4.0181e-16,-12.35,-1.9024e-15,53.763,1.4495e-15
0.83776,97.071,-1.7493e-15,-12.279,-7.6298e-16,53.599,4.0855e-15
0.85521,96.431,-1.4333e-16,-12.195,-2.2713e-15,53.37,2.3008e-15
0.87266,95.794,-2.8226e-15,-12.098,-1.3236e-15,53.075,3.1569e-15
0.89012,95.164,-2.3807e-15,-11.988,-2.6004e-15,52.716,1.1153e-15
0.90757,94.539,-4.146e-15,-11.861,-5.0502e-15,52.293,-1.2522e-15
0.92502,93.922,-4.4058e-15,-11.717,-1.5072e-15,51.806,4.1153e-15
0.94248,93.313,-1.7018e-15,-11.559,-1.5965e-15,51.256,1.1891e-15
0.95993,92.712,-3.3977e-15,-11.388,5.3543e-16,50.644,1.9664e-15
0.97738,92.12,-2.5325e-15,-11.207,-1.7102e-15,49.97,1.4034e-15
0.99484,91.538,-2.7944e-15,-11.014,-3.8991e-15,49.235,-3.0026e-16
1.0123,90.967,-7.0126e-16,-10.811,-3.2747e-15,48.44,2.4782e-16
1.0297,90.407,-4.1054e-15,-10.597,-3.535e-15,47.586,1.4358e-15
1.0472,89.858,-2.3534e-15,-10.369,-2.8335e-15,46.674,2.77e-16
