 -4150000.0 0.50 1 1 0 16.358825 
 -4152000.0 0.50 1 1 0 15.092290 
 -4154000.0 0.50 1 1 0 13.609876 
 -4156000.0 0.50 1 1 0 11.769395 
 -4158000.0 0.50 1 1 0 9.061640 
 -4160000.0 0.50 1 0 0 2.621987 
 -4158048.8 0.50 1 1 0 8.971633 
 -4158097.6 0.50 1 1 0 8.878704 
 -4158146.3 0.50 1 1 0 8.783315 
 -4158195.1 0.50 1 1 0 8.685690 
 -4158243.9 0.50 1 1 0 8.585765 
 -4158292.7 0.50 1 1 0 8.483116 
 -4158341.5 0.50 1 1 0 8.376882 
 -4158390.2 0.50 1 1 0 8.267188 
 -4158439.0 0.50 1 1 0 8.154415 
 -4158487.8 0.50 1 1 0 8.037780 
 -4158536.6 0.50 1 1 0 7.916456 
 -4158585.4 0.50 1 1 0 7.790049 
 -4158634.1 0.50 1 1 0 7.657081 
 -4158682.9 0.50 1 1 0 7.518788 
 -4158731.7 0.50 1 1 0 7.374734 
 -4158780.5 0.50 1 1 0 7.222171 
 -4158829.3 0.50 1 1 0 7.060028 
 -4158878.0 0.50 1 1 0 6.888029 
 -4158926.8 0.50 1 1 0 6.702919 
 -4158975.6 0.50 1 1 0 6.501406 
 -4159024.4 0.50 1 1 0 6.279044 
 -4159073.2 0.50 1 1 0 6.030733 
 -4159122.0 0.50 1 1 0 5.744621 
 -4159170.7 0.50 1 1 0 5.400337 
 -4159219.5 0.50 1 1 0 4.953610 
 -4159268.3 0.50 1 1 0 4.228662 
 -4159317.1 0.50 1 0 1 2.987355 
 -4159365.9 0.50 1 0 1 2.958276 
 -4159414.6 0.50 1 0 0 2.929939 
 -4159463.4 0.50 1 0 0 2.901971 
 -4159512.2 0.50 1 0 0 2.874401 
 -4159561.0 0.50 1 0 0 2.847498 
 -4159609.8 0.50 1 0 0 2.820829 
 -4159658.5 0.50 1 0 0 2.794625 
 -4159707.3 0.50 1 0 0 2.768971 
 -4159756.1 0.50 1 0 0 2.743543 
 -4159804.9 0.50 1 0 0 2.718454 
 -4159853.7 0.50 1 0 0 2.693991 
 -4159902.4 0.50 1 0 0 2.669747 
 -4159951.2 0.50 1 0 0 2.645493 
 -4150000.0 0.55 1 1 0 16.937530 
 -4152000.0 0.55 1 1 0 15.718635 
 -4154000.0 0.55 1 1 0 14.326603 
 -4156000.0 0.55 1 1 0 12.649896 
 -4158000.0 0.55 1 1 0 10.390382 
 -4160000.0 0.55 1 1 0 5.050441 
 -4162000.0 0.55 1 0 0 2.125525 
 -4160048.8 0.55 1 1 0 4.371399 
 -4160097.6 0.55 1 0 1 2.996062 
 -4160146.3 0.55 1 0 1 2.966199 
 -4160195.1 0.55 1 0 0 2.936893 
 -4160243.9 0.55 1 0 0 2.908239 
 -4160292.7 0.55 1 0 0 2.879856 
 -4160341.5 0.55 1 0 0 2.852343 
 -4160390.2 0.55 1 0 0 2.825108 
 -4160439.0 0.55 1 0 0 2.798266 
 -4160487.8 0.55 1 0 0 2.772131 
 -4160536.6 0.55 1 0 0 2.746251 
 -4160585.4 0.55 1 0 0 2.720694 
 -4160634.1 0.55 1 0 0 2.695855 
 -4160682.9 0.55 1 0 0 2.671260 
 -4160731.7 0.55 1 0 0 2.646910 
 -4160780.5 0.55 1 0 0 2.623130 
 -4160829.3 0.55 1 0 0 2.599761 
 -4160878.0 0.55 1 0 0 2.576628 
 -4160926.8 0.55 1 0 0 2.553729 
 -4160975.6 0.55 1 0 0 2.531407 
 -4161024.4 0.55 1 0 0 2.509432 
 -4161073.2 0.55 1 0 0 2.487683 
 -4161122.0 0.55 1 0 0 2.466160 
 -4161170.7 0.55 1 0 0 2.445015 
 -4161219.5 0.55 1 0 0 2.424365 
 -4161268.3 0.55 1 0 0 2.403724 
 -4161317.1 0.55 1 0 0 2.383511 
 -4161365.9 0.55 1 0 0 2.363517 
 -4161414.6 0.55 1 0 0 2.343921 
 -4161463.4 0.55 1 0 0 2.324745 
 -4161512.2 0.55 1 0 0 2.305781 
 -4161561.0 0.55 1 0 0 2.287027 
 -4161609.8 0.55 1 0 0 2.268476 
 -4161658.5 0.55 1 0 0 2.250039 
 -4161707.3 0.55 1 0 0 2.231867 
 -4161756.1 0.55 1 0 0 2.213905 
 -4161804.9 0.55 1 0 0 2.196037 
 -4161853.7 0.55 1 0 0 2.178263 
 -4161902.4 0.55 1 0 0 2.160586 
 -4161951.2 0.55 1 0 0 2.143006 
 -4150000.0 0.60 1 1 0 17.441231 
 -4152000.0 0.60 1 1 0 16.270808 
 -4154000.0 0.60 1 1 0 14.944938 
 -4156000.0 0.60 1 1 0 13.374895 
 -4158000.0 0.60 1 1 0 11.376589 
 -4160000.0 0.60 1 1 0 8.126712 
 -4162000.0 0.60 1 0 0 2.396133 
 -4160048.8 0.60 1 1 0 8.001706 
 -4160097.6 0.60 1 1 0 7.872986 
 -4160146.3 0.60 1 1 0 7.737716 
 -4160195.1 0.60 1 1 0 7.595853 
 -4160243.9 0.60 1 1 0 7.446296 
 -4160292.7 0.60 1 1 0 7.288024 
 -4160341.5 0.60 1 1 0 7.120631 
 -4160390.2 0.60 1 1 0 6.940919 
 -4160439.0 0.60 1 1 0 6.746540 
 -4160487.8 0.60 1 1 0 6.535506 
 -4160536.6 0.60 1 1 0 6.302451 
 -4160585.4 0.60 1 1 0 6.038828 
 -4160634.1 0.60 1 1 0 5.733240 
 -4160682.9 0.60 1 1 0 5.358824 
 -4160731.7 0.60 1 1 0 4.847676 
 -4160780.5 0.60 1 0 1 3.017674 
 -4160829.3 0.60 1 0 1 2.986945 
 -4160878.0 0.60 1 0 0 2.956659 
 -4160926.8 0.60 1 0 0 2.927178 
 -4160975.6 0.60 1 0 0 2.898191 
 -4161024.4 0.60 1 0 0 2.869736 
 -4161073.2 0.60 1 0 0 2.841988 
 -4161122.0 0.60 1 0 0 2.814532 
 -4161170.7 0.60 1 0 0 2.787790 
 -4161219.5 0.60 1 0 0 2.761509 
 -4161268.3 0.60 1 0 0 2.735218 
 -4161317.1 0.60 1 0 0 2.709918 
 -4161365.9 0.60 1 0 0 2.685036 
 -4161414.6 0.60 1 0 0 2.660424 
 -4161463.4 0.60 1 0 0 2.636293 
 -4161512.2 0.60 1 0 0 2.612738 
 -4161561.0 0.60 1 0 0 2.589444 
 -4161609.8 0.60 1 0 0 2.566410 
 -4161658.5 0.60 1 0 0 2.543960 
 -4161707.3 0.60 1 0 0 2.521920 
 -4161756.1 0.60 1 0 0 2.500131 
 -4161804.9 0.60 1 0 0 2.478594 
 -4161853.7 0.60 1 0 0 2.457538 
 -4161902.4 0.60 1 0 0 2.436940 
 -4161951.2 0.60 1 0 0 2.416483 
 -4150000.0 0.65 1 1 0 17.885565 
 -4152000.0 0.65 1 1 0 16.756231 
 -4154000.0 0.65 1 1 0 15.481908 
 -4156000.0 0.65 1 1 0 14.002387 
 -4158000.0 0.65 1 1 0 12.173042 
 -4160000.0 0.65 1 1 0 9.532567 
 -4162000.0 0.65 1 0 0 2.694216 
 -4160048.8 0.65 1 1 0 9.446423 
 -4160097.6 0.65 1 1 0 9.358073 
 -4160146.3 0.65 1 1 0 9.268483 
 -4160195.1 0.65 1 1 0 9.174366 
 -4160243.9 0.65 1 1 0 9.081401 
 -4160292.7 0.65 1 1 0 8.985156 
 -4160341.5 0.65 1 1 0 8.885890 
 -4160390.2 0.65 1 1 0 8.783873 
 -4160439.0 0.65 1 1 0 8.678875 
 -4160487.8 0.65 1 1 0 8.570042 
 -4160536.6 0.65 1 1 0 8.458517 
 -4160585.4 0.65 1 1 0 8.343818 
 -4160634.1 0.65 1 1 0 8.224672 
 -4160682.9 0.65 1 1 0 8.100503 
 -4160731.7 0.65 1 1 0 7.971989 
 -4160780.5 0.65 1 1 0 7.837495 
 -4160829.3 0.65 1 1 0 7.697001 
 -4160878.0 0.65 1 1 0 7.549287 
 -4160926.8 0.65 1 1 0 7.393021 
 -4160975.6 0.65 1 1 0 7.227899 
 -4161024.4 0.65 1 1 0 7.051651 
 -4161073.2 0.65 1 1 0 6.861586 
 -4161122.0 0.65 1 1 0 6.655426 
 -4161170.7 0.65 1 1 0 6.428338 
 -4161219.5 0.65 1 1 0 6.173685 
 -4161268.3 0.65 1 1 0 5.875894 
 -4161317.1 0.65 1 1 0 5.520541 
 -4161365.9 0.65 1 1 0 5.053183 
 -4161414.6 0.65 1 1 0 4.240795 
 -4161463.4 0.65 1 0 1 2.998870 
 -4161512.2 0.65 1 0 0 2.968133 
 -4161561.0 0.65 1 0 0 2.938053 
 -4161609.8 0.65 1 0 0 2.908708 
 -4161658.5 0.65 1 0 0 2.879806 
 -4161707.3 0.65 1 0 0 2.851787 
 -4161756.1 0.65 1 0 0 2.824089 
 -4161804.9 0.65 1 0 0 2.797098 
 -4161853.7 0.65 1 0 0 2.770656 
 -4161902.4 0.65 1 0 0 2.744525 
 -4161951.2 0.65 1 0 0 2.719155 
 -4150000.0 0.70 1 1 0 18.296280 
 -4152000.0 0.70 1 1 0 17.191502 
 -4154000.0 0.70 1 1 0 15.963546 
 -4156000.0 0.70 1 1 0 14.550135 
 -4158000.0 0.70 1 1 0 12.844246 
 -4160000.0 0.70 1 1 0 10.536569 
 -4162000.0 0.70 1 1 0 4.521467 
 -4164000.0 0.70 1 0 0 2.081700 
 -4162048.8 0.70 1 0 1 3.009367 
 -4162097.6 0.70 1 0 1 2.978356 
 -4162146.3 0.70 1 0 0 2.947977 
 -4162195.1 0.70 1 0 0 2.918450 
 -4162243.9 0.70 1 0 0 2.889409 
 -4162292.7 0.70 1 0 0 2.861300 
 -4162341.5 0.70 1 0 0 2.833542 
 -4162390.2 0.70 1 0 0 2.806624 
 -4162439.0 0.70 1 0 0 2.780211 
 -4162487.8 0.70 1 0 0 2.754176 
 -4162536.6 0.70 1 0 0 2.728698 
 -4162585.4 0.70 1 0 0 2.703701 
 -4162634.1 0.70 1 0 0 2.678843 
 -4162682.9 0.70 1 0 0 2.654294 
 -4162731.7 0.70 1 0 0 2.630184 
 -4162780.5 0.70 1 0 0 2.606218 
 -4162829.3 0.70 1 0 0 2.582399 
 -4162878.0 0.70 1 0 0 2.558729 
 -4162926.8 0.70 1 0 0 2.535638 
 -4162975.6 0.70 1 0 0 2.512705 
 -4163024.4 0.70 1 0 0 2.489923 
 -4163073.2 0.70 1 0 0 2.467296 
 -4163122.0 0.70 1 0 0 2.444853 
 -4163170.7 0.70 1 0 0 2.422943 
 -4163219.5 0.70 1 0 0 2.401189 
 -4163268.3 0.70 1 0 0 2.379591 
 -4163317.1 0.70 1 0 0 2.358153 
 -4163365.9 0.70 1 0 0 2.336874 
 -4163414.6 0.70 1 0 0 2.315961 
 -4163463.4 0.70 1 0 0 2.295379 
 -4163512.2 0.70 1 0 0 2.274958 
 -4163561.0 0.70 1 0 0 2.254698 
 -4163609.8 0.70 1 0 0 2.234601 
 -4163658.5 0.70 1 0 0 2.214669 
 -4163707.3 0.70 1 0 0 2.195005 
 -4163756.1 0.70 1 0 0 2.175746 
 -4163804.9 0.70 1 0 0 2.156410 
 -4163853.7 0.70 1 0 0 2.137482 
 -4163902.4 0.70 1 0 0 2.118720 
 -4163951.2 0.70 1 0 0 2.100126 
 -4150000.0 0.75 1 1 0 18.677685 
 -4152000.0 0.75 1 1 0 17.598725 
 -4154000.0 0.75 1 1 0 16.404428 
 -4156000.0 0.75 1 1 0 15.046276 
 -4158000.0 0.75 1 1 0 13.430308 
 -4160000.0 0.75 1 1 0 11.339246 
 -4162000.0 0.75 1 1 0 7.730971 
 -4164000.0 0.75 1 0 0 2.293321 
 -4162048.8 0.75 1 1 0 7.578460 
 -4162097.6 0.75 1 1 0 7.415847 
 -4162146.3 0.75 1 1 0 7.243935 
 -4162195.1 0.75 1 1 0 7.059178 
 -4162243.9 0.75 1 1 0 6.860571 
 -4162292.7 0.75 1 1 0 6.642335 
 -4162341.5 0.75 1 1 0 6.400496 
 -4162390.2 0.75 1 1 0 6.124885 
 -4162439.0 0.75 1 1 0 5.801221 
 -4162487.8 0.75 1 1 0 5.397154 
 -4162536.6 0.75 1 1 0 4.807812 
 -4162585.4 0.75 1 0 1 3.023169 
 -4162634.1 0.75 1 0 1 2.992014 
 -4162682.9 0.75 1 0 0 2.961516 
 -4162731.7 0.75 1 0 0 2.931943 
 -4162780.5 0.75 1 0 0 2.902962 
 -4162829.3 0.75 1 0 0 2.874907 
 -4162878.0 0.75 1 0 0 2.847128 
 -4162926.8 0.75 1 0 0 2.819854 
 -4162975.6 0.75 1 0 0 2.792939 
 -4163024.4 0.75 1 0 0 2.766187 
 -4163073.2 0.75 1 0 0 2.739729 
 -4163122.0 0.75 1 0 0 2.713828 
 -4163170.7 0.75 1 0 0 2.688094 
 -4163219.5 0.75 1 0 0 2.662531 
 -4163268.3 0.75 1 0 0 2.637367 
 -4163317.1 0.75 1 0 0 2.612640 
 -4163365.9 0.75 1 0 0 2.588088 
 -4163414.6 0.75 1 0 0 2.563711 
 -4163463.4 0.75 1 0 0 2.539609 
 -4163512.2 0.75 1 0 0 2.516048 
 -4163561.0 0.75 1 0 0 2.492666 
 -4163609.8 0.75 1 0 0 2.469463 
 -4163658.5 0.75 1 0 0 2.446443 
 -4163707.3 0.75 1 0 0 2.423790 
 -4163756.1 0.75 1 0 0 2.401562 
 -4163804.9 0.75 1 0 0 2.379218 
 -4163853.7 0.75 1 0 0 2.357361 
 -4163902.4 0.75 1 0 0 2.335688 
 -4163951.2 0.75 1 0 0 2.314228 
 -4150000.0 0.80 1 1 0 19.040476 
 -4152000.0 0.80 1 1 0 17.982207 
 -4154000.0 0.80 1 1 0 16.822098 
 -4156000.0 0.80 1 1 0 15.507180 
 -4158000.0 0.80 1 1 0 13.966306 
 -4160000.0 0.80 1 1 0 12.024359 
 -4162000.0 0.80 1 1 0 9.064782 
 -4164000.0 0.80 1 0 0 2.522602 
 -4162048.8 0.80 1 1 0 8.961251 
 -4162097.6 0.80 1 1 0 8.854708 
 -4162146.3 0.80 1 1 0 8.744620 
 -4162195.1 0.80 1 1 0 8.631306 
 -4162243.9 0.80 1 1 0 8.514939 
 -4162292.7 0.80 1 1 0 8.393669 
 -4162341.5 0.80 1 1 0 8.267526 
 -4162390.2 0.80 1 1 0 8.137050 
 -4162439.0 0.80 1 1 0 8.001346 
 -4162487.8 0.80 1 1 0 7.857671 
 -4162536.6 0.80 1 1 0 7.705454 
 -4162585.4 0.80 1 1 0 7.548327 
 -4162634.1 0.80 1 1 0 7.380276 
 -4162682.9 0.80 1 1 0 7.201433 
 -4162731.7 0.80 1 1 0 7.007962 
 -4162780.5 0.80 1 1 0 6.799298 
 -4162829.3 0.80 1 1 0 6.568078 
 -4162878.0 0.80 1 1 0 6.308936 
 -4162926.8 0.80 1 1 0 6.011242 
 -4162975.6 0.80 1 1 0 5.651533 
 -4163024.4 0.80 1 1 0 5.180305 
 -4163073.2 0.80 1 1 0 4.398237 
 -4163122.0 0.80 1 0 1 3.014430 
 -4163170.7 0.80 1 0 0 2.983660 
 -4163219.5 0.80 1 0 0 2.953703 
 -4163268.3 0.80 1 0 0 2.923927 
 -4163317.1 0.80 1 0 0 2.894600 
 -4163365.9 0.80 1 0 0 2.865801 
 -4163414.6 0.80 1 0 0 2.837193 
 -4163463.4 0.80 1 0 0 2.809064 
 -4163512.2 0.80 1 0 0 2.781417 
 -4163561.0 0.80 1 0 0 2.753965 
 -4163609.8 0.80 1 0 0 2.726825 
 -4163658.5 0.80 1 0 0 2.700318 
 -4163707.3 0.80 1 0 0 2.674010 
 -4163756.1 0.80 1 0 0 2.647903 
 -4163804.9 0.80 1 0 0 2.621902 
 -4163853.7 0.80 1 0 0 2.596721 
 -4163902.4 0.80 1 0 0 2.571745 
 -4163951.2 0.80 1 0 0 2.546973 
 -4150000.0 0.85 1 1 0 19.384787 
 -4152000.0 0.85 1 1 0 18.343750 
 -4154000.0 0.85 1 1 0 17.212818 
 -4156000.0 0.85 1 1 0 15.931878 
 -4158000.0 0.85 1 1 0 14.453119 
 -4160000.0 0.85 1 1 0 12.626273 
 -4162000.0 0.85 1 1 0 10.031170 
 -4164000.0 0.85 1 0 0 2.774987 
 -4162048.8 0.85 1 1 0 9.946684 
 -4162097.6 0.85 1 1 0 9.861106 
 -4162146.3 0.85 1 1 0 9.776125 
 -4162195.1 0.85 1 1 0 9.685475 
 -4162243.9 0.85 1 1 0 9.597134 
 -4162292.7 0.85 1 1 0 9.502386 
 -4162341.5 0.85 1 1 0 9.410130 
 -4162390.2 0.85 1 1 0 9.312677 
 -4162439.0 0.85 1 1 0 9.211634 
 -4162487.8 0.85 1 1 0 9.110526 
 -4162536.6 0.85 1 1 0 9.004211 
 -4162585.4 0.85 1 1 0 8.895954 
 -4162634.1 0.85 1 1 0 8.785002 
 -4162682.9 0.85 1 1 0 8.671680 
 -4162731.7 0.85 1 1 0 8.552082 
 -4162780.5 0.85 1 1 0 8.430216 
 -4162829.3 0.85 1 1 0 8.302201 
 -4162878.0 0.85 1 1 0 8.169455 
 -4162926.8 0.85 1 1 0 8.030924 
 -4162975.6 0.85 1 1 0 7.885444 
 -4163024.4 0.85 1 1 0 7.732787 
 -4163073.2 0.85 1 1 0 7.571721 
 -4163122.0 0.85 1 1 0 7.400668 
 -4163170.7 0.85 1 1 0 7.217657 
 -4163219.5 0.85 1 1 0 7.020866 
 -4163268.3 0.85 1 1 0 6.806248 
 -4163317.1 0.85 1 1 0 6.569655 
 -4163365.9 0.85 1 1 0 6.303293 
 -4163414.6 0.85 1 1 0 5.994625 
 -4163463.4 0.85 1 1 0 5.619544 
 -4163512.2 0.85 1 1 0 5.120056 
 -4163561.0 0.85 1 1 0 4.214041 
 -4163609.8 0.85 1 0 1 3.015321 
 -4163658.5 0.85 1 0 0 2.983594 
 -4163707.3 0.85 1 0 0 2.952496 
 -4163756.1 0.85 1 0 0 2.921871 
 -4163804.9 0.85 1 0 0 2.891048 
 -4163853.7 0.85 1 0 0 2.861510 
 -4163902.4 0.85 1 0 0 2.832195 
 -4163951.2 0.85 1 0 0 2.803244 
 -4150000.0 0.90 1 1 0 19.716034 
 -4152000.0 0.90 1 1 0 18.693099 
 -4154000.0 0.90 1 1 0 17.574311 
 -4156000.0 0.90 1 1 0 16.322867 
 -4158000.0 0.90 1 1 0 14.892324 
 -4160000.0 0.90 1 1 0 13.155042 
 -4162000.0 0.90 1 1 0 10.801670 
 -4164000.0 0.90 1 1 0 4.546665 
 -4166000.0 0.90 1 0 0 2.055608 
 -4164048.8 0.90 1 0 1 3.025292 
 -4164097.6 0.90 1 0 0 2.992677 
 -4164146.3 0.90 1 0 0 2.960314 
 -4164195.1 0.90 1 0 0 2.928866 
 -4164243.9 0.90 1 0 0 2.897715 
 -4164292.7 0.90 1 0 0 2.867125 
 -4164341.5 0.90 1 0 0 2.837157 
 -4164390.2 0.90 1 0 0 2.807449 
 -4164439.0 0.90 1 0 0 2.778421 
 -4164487.8 0.90 1 0 0 2.749863 
 -4164536.6 0.90 1 0 0 2.721567 
 -4164585.4 0.90 1 0 0 2.693855 
 -4164634.1 0.90 1 0 0 2.666679 
 -4164682.9 0.90 1 0 0 2.639766 
 -4164731.7 0.90 1 0 0 2.613132 
 -4164780.5 0.90 1 0 0 2.587304 
 -4164829.3 0.90 1 0 0 2.561738 
 -4164878.0 0.90 1 0 0 2.536437 
 -4164926.8 0.90 1 0 0 2.511444 
 -4164975.6 0.90 1 0 0 2.487188 
 -4165024.4 0.90 1 0 0 2.462807 
 -4165073.2 0.90 1 0 0 2.439083 
 -4165122.0 0.90 1 0 0 2.415625 
 -4165170.7 0.90 1 0 0 2.392753 
 -4165219.5 0.90 1 0 0 2.370293 
 -4165268.3 0.90 1 0 0 2.348096 
 -4165317.1 0.90 1 0 0 2.326165 
 -4165365.9 0.90 1 0 0 2.304500 
 -4165414.6 0.90 1 0 0 2.283419 
 -4165463.4 0.90 1 0 0 2.262712 
 -4165512.2 0.90 1 0 0 2.242267 
 -4165561.0 0.90 1 0 0 2.222086 
 -4165609.8 0.90 1 0 0 2.202170 
 -4165658.5 0.90 1 0 0 2.182620 
 -4165707.3 0.90 1 0 0 2.163623 
 -4165756.1 0.90 1 0 0 2.144887 
 -4165804.9 0.90 1 0 0 2.126414 
 -4165853.7 0.90 1 0 0 2.108205 
 -4165902.4 0.90 1 0 0 2.090262 
 -4165951.2 0.90 1 0 0 2.072669 
 -4150000.0 0.95 1 1 0 20.013097 
 -4152000.0 0.95 1 1 0 18.996317 
 -4154000.0 0.95 1 1 0 17.904979 
 -4156000.0 0.95 1 1 0 16.683180 
 -4158000.0 0.95 1 1 0 15.289179 
 -4160000.0 0.95 1 1 0 13.628678 
 -4162000.0 0.95 1 1 0 11.452419 
 -4164000.0 0.95 1 1 0 7.485520 
 -4166000.0 0.95 1 0 0 2.213147 
 -4164048.8 0.95 1 1 0 7.298210 
 -4164097.6 0.95 1 1 0 7.097749 
 -4164146.3 0.95 1 1 0 6.878888 
 -4164195.1 0.95 1 1 0 6.636253 
 -4164243.9 0.95 1 1 0 6.361698 
 -4164292.7 0.95 1 1 0 6.043589 
 -4164341.5 0.95 1 1 0 5.655559 
 -4164390.2 0.95 1 1 0 5.136985 
 -4164439.0 0.95 1 1 0 4.088371 
 -4164487.8 0.95 1 0 1 3.015943 
 -4164536.6 0.95 1 0 0 2.982716 
 -4164585.4 0.95 1 0 0 2.949779 
 -4164634.1 0.95 1 0 0 2.917787 
 -4164682.9 0.95 1 0 0 2.886167 
 -4164731.7 0.95 1 0 0 2.855163 
 -4164780.5 0.95 1 0 0 2.824825 
 -4164829.3 0.95 1 0 0 2.794783 
 -4164878.0 0.95 1 0 0 2.765518 
 -4164926.8 0.95 1 0 0 2.736719 
 -4164975.6 0.95 1 0 0 2.708216 
 -4165024.4 0.95 1 0 0 2.679954 
 -4165073.2 0.95 1 0 0 2.652660 
 -4165122.0 0.95 1 0 0 2.625660 
 -4165170.7 0.95 1 0 0 2.599111 
 -4165219.5 0.95 1 0 0 2.573271 
 -4165268.3 0.95 1 0 0 2.547724 
 -4165317.1 0.95 1 0 0 2.522472 
 -4165365.9 0.95 1 0 0 2.497745 
 -4165414.6 0.95 1 0 0 2.473609 
 -4165463.4 0.95 1 0 0 2.449766 
 -4165512.2 0.95 1 0 0 2.426216 
 -4165561.0 0.95 1 0 0 2.403033 
 -4165609.8 0.95 1 0 0 2.380554 
 -4165658.5 0.95 1 0 0 2.358366 
 -4165707.3 0.95 1 0 0 2.336469 
 -4165756.1 0.95 1 0 0 2.314864 
 -4165804.9 0.95 1 0 0 2.293727 
 -4165853.7 0.95 1 0 0 2.273148 
 -4165902.4 0.95 1 0 0 2.252857 
 -4165951.2 0.95 1 0 0 2.232856 
 -4150000.0 1.00 1 1 0 20.286704 
 -4152000.0 1.00 1 1 0 19.298536 
 -4154000.0 1.00 1 1 0 18.211328 
 -4156000.0 1.00 1 1 0 17.013535 
 -4158000.0 1.00 1 1 0 15.660636 
 -4160000.0 1.00 1 1 0 14.057954 
 -4162000.0 1.00 1 1 0 12.014546 
 -4164000.0 1.00 1 1 0 8.728442 
 -4166000.0 1.00 1 0 0 2.381916 
 -4164048.8 1.00 1 1 0 8.605930 
 -4164097.6 1.00 1 1 0 8.477523 
 -4164146.3 1.00 1 1 0 8.343625 
 -4164195.1 1.00 1 1 0 8.204187 
 -4164243.9 1.00 1 1 0 8.055930 
 -4164292.7 1.00 1 1 0 7.903469 
 -4164341.5 1.00 1 1 0 7.740031 
 -4164390.2 1.00 1 1 0 7.569201 
 -4164439.0 1.00 1 1 0 7.383634 
 -4164487.8 1.00 1 1 0 7.185839 
 -4164536.6 1.00 1 1 0 6.970519 
 -4164585.4 1.00 1 1 0 6.732538 
 -4164634.1 1.00 1 1 0 6.465279 
 -4164682.9 1.00 1 1 0 6.156244 
 -4164731.7 1.00 1 1 0 5.784109 
 -4164780.5 1.00 1 1 0 5.296606 
 -4164829.3 1.00 1 1 0 4.451673 
 -4164878.0 1.00 1 0 1 3.022755 
 -4164926.8 1.00 1 0 0 2.988529 
 -4164975.6 1.00 1 0 0 2.955013 
 -4165024.4 1.00 1 0 0 2.921549 
 -4165073.2 1.00 1 0 0 2.889460 
 -4165122.0 1.00 1 0 0 2.857737 
 -4165170.7 1.00 1 0 0 2.827023 
 -4165219.5 1.00 1 0 0 2.796637 
 -4165268.3 1.00 1 0 0 2.766844 
 -4165317.1 1.00 1 0 0 2.737790 
 -4165365.9 1.00 1 0 0 2.709066 
 -4165414.6 1.00 1 0 0 2.680926 
 -4165463.4 1.00 1 0 0 2.653489 
 -4165512.2 1.00 1 0 0 2.626377 
 -4165561.0 1.00 1 0 0 2.599632 
 -4165609.8 1.00 1 0 0 2.573760 
 -4165658.5 1.00 1 0 0 2.548211 
 -4165707.3 1.00 1 0 0 2.522987 
 -4165756.1 1.00 1 0 0 2.498274 
 -4165804.9 1.00 1 0 0 2.474239 
 -4165853.7 1.00 1 0 0 2.450523 
 -4165902.4 1.00 1 0 0 2.427130 
 -4165951.2 1.00 1 0 0 2.404168 
