 -4000000.0 1.05 1 1 0 39.711795 
 -4010000.0 1.05 1 1 0 38.305054 
 -4020000.0 1.05 1 1 0 36.788489 
 -4030000.0 1.05 1 1 0 35.191424 
 -4040000.0 1.05 1 1 0 33.618966 
 -4050000.0 1.05 1 1 0 31.928323 
 -4060000.0 1.05 1 1 0 30.201582 
 -4070000.0 1.05 1 1 0 28.424441 
 -4080000.0 1.05 1 1 0 26.484298 
 -4090000.0 1.05 1 1 0 24.445945 
 -4100000.0 1.05 1 1 0 22.251560 
 -4110000.0 1.05 1 1 0 19.924745 
 -4120000.0 1.05 1 1 0 17.382472 
 -4130000.0 1.05 1 1 0 14.483994 
 -4140000.0 1.05 1 1 0 11.142451 
 -4150000.0 1.05 1 1 0 7.140421 
 -4160000.0 1.05 1 0 0 3.250018 
 -4150476.2 1.05 1 1 0 6.935916 
 -4150952.4 1.05 1 1 0 6.732991 
 -4151428.6 1.05 1 1 0 6.529921 
 -4151904.8 1.05 1 1 0 6.331139 
 -4152381.0 1.05 1 0 1 6.134813 
 -4152857.1 1.05 1 0 1 5.942337 
 -4153333.3 1.05 1 0 1 5.751923 
 -4153809.5 1.05 1 0 1 5.559101 
 -4154285.7 1.05 1 0 1 5.368308 
 -4154761.9 1.05 1 0 1 5.176512 
 -4155238.1 1.05 1 0 0 4.986469 
 -4155714.3 1.05 1 0 0 4.798168 
 -4156190.5 1.05 1 0 0 4.611438 
 -4156666.7 1.05 1 0 0 4.428403 
 -4157142.9 1.05 1 0 0 4.249460 
 -4157619.0 1.05 1 0 0 4.074782 
 -4158095.2 1.05 1 0 0 3.905408 
 -4158571.4 1.05 1 0 0 3.739870 
 -4159047.6 1.05 1 0 0 3.575633 
 -4159523.8 1.05 1 0 0 3.412009 
 -4000000.0 1.10 1 1 0 39.989093 
 -4010000.0 1.10 1 1 0 38.532076 
 -4020000.0 1.10 1 1 0 37.006907 
 -4030000.0 1.10 1 1 0 35.438731 
 -4040000.0 1.10 1 1 0 33.770562 
 -4050000.0 1.10 1 1 0 32.171881 
 -4060000.0 1.10 1 1 0 30.431029 
 -4070000.0 1.10 1 1 0 28.576076 
 -4080000.0 1.10 1 1 0 26.648016 
 -4090000.0 1.10 1 1 0 24.598437 
 -4100000.0 1.10 1 1 0 22.416962 
 -4110000.0 1.10 1 1 0 20.117450 
 -4120000.0 1.10 1 1 0 17.559463 
 -4130000.0 1.10 1 1 0 14.666676 
 -4140000.0 1.10 1 1 0 11.326372 
 -4150000.0 1.10 1 1 0 7.324792 
 -4160000.0 1.10 1 0 0 3.375050 
 -4150476.2 1.10 1 1 0 7.119871 
 -4150952.4 1.10 1 1 0 6.915172 
 -4151428.6 1.10 1 1 0 6.712194 
 -4151904.8 1.10 1 1 0 6.510292 
 -4152381.0 1.10 1 0 1 6.313893 
 -4152857.1 1.10 1 0 1 6.120386 
 -4153333.3 1.10 1 0 1 5.926569 
 -4153809.5 1.10 1 0 1 5.732312 
 -4154285.7 1.10 1 0 1 5.537480 
 -4154761.9 1.10 1 0 1 5.343676 
 -4155238.1 1.10 1 0 1 5.149404 
 -4155714.3 1.10 1 0 0 4.958398 
 -4156190.5 1.10 1 0 0 4.768739 
 -4156666.7 1.10 1 0 0 4.581367 
 -4157142.9 1.10 1 0 0 4.398821 
 -4157619.0 1.10 1 0 0 4.220657 
 -4158095.2 1.10 1 0 0 4.047664 
 -4158571.4 1.10 1 0 0 3.877822 
 -4159047.6 1.10 1 0 0 3.709223 
 -4159523.8 1.10 1 0 0 3.541425 
 -4000000.0 1.15 1 1 0 40.211804 
 -4010000.0 1.15 1 1 0 38.708070 
 -4020000.0 1.15 1 1 0 37.176907 
 -4030000.0 1.15 1 1 0 35.639410 
 -4040000.0 1.15 1 1 0 34.024353 
 -4050000.0 1.15 1 1 0 32.371676 
 -4060000.0 1.15 1 1 0 30.619469 
 -4070000.0 1.15 1 1 0 28.755363 
 -4080000.0 1.15 1 1 0 26.830166 
 -4090000.0 1.15 1 1 0 24.765375 
 -4100000.0 1.15 1 1 0 22.602432 
 -4110000.0 1.15 1 1 0 20.283454 
 -4120000.0 1.15 1 1 0 17.732315 
 -4130000.0 1.15 1 1 0 14.848754 
 -4140000.0 1.15 1 1 0 11.504028 
 -4150000.0 1.15 1 1 0 7.502151 
 -4160000.0 1.15 1 0 0 3.497754 
 -4150476.2 1.15 1 1 0 7.296678 
 -4150952.4 1.15 1 1 0 7.090782 
 -4151428.6 1.15 1 1 0 6.886850 
 -4151904.8 1.15 1 1 0 6.685274 
 -4152381.0 1.15 1 1 0 6.486275 
 -4152857.1 1.15 1 0 1 6.292070 
 -4153333.3 1.15 1 0 1 6.095345 
 -4153809.5 1.15 1 0 1 5.899455 
 -4154285.7 1.15 1 0 1 5.701719 
 -4154761.9 1.15 1 0 1 5.505359 
 -4155238.1 1.15 1 0 1 5.309030 
 -4155714.3 1.15 1 0 1 5.113795 
 -4156190.5 1.15 1 0 0 4.921567 
 -4156666.7 1.15 1 0 0 4.731310 
 -4157142.9 1.15 1 0 0 4.544291 
 -4157619.0 1.15 1 0 0 4.362953 
 -4158095.2 1.15 1 0 0 4.186634 
 -4158571.4 1.15 1 0 0 4.013269 
 -4159047.6 1.15 1 0 0 3.840001 
 -4159523.8 1.15 1 0 0 3.668278 
 -4000000.0 1.20 1 1 0 40.385509 
 -4010000.0 1.20 1 1 0 38.838435 
 -4020000.0 1.20 1 1 0 37.320008 
 -4030000.0 1.20 1 1 0 35.798279 
 -4040000.0 1.20 1 1 0 34.235196 
 -4050000.0 1.20 1 1 0 32.532002 
 -4060000.0 1.20 1 1 0 30.770948 
 -4070000.0 1.20 1 1 0 28.934123 
 -4080000.0 1.20 1 1 0 26.980401 
 -4090000.0 1.20 1 1 0 24.932981 
 -4100000.0 1.20 1 1 0 22.761449 
 -4110000.0 1.20 1 1 0 20.466468 
 -4120000.0 1.20 1 1 0 17.899911 
 -4130000.0 1.20 1 1 0 15.018716 
 -4140000.0 1.20 1 1 0 11.671373 
 -4150000.0 1.20 1 1 0 7.673447 
 -4160000.0 1.20 1 0 0 3.618174 
 -4150476.2 1.20 1 1 0 7.465808 
 -4150952.4 1.20 1 1 0 7.260740 
 -4151428.6 1.20 1 1 0 7.055239 
 -4151904.8 1.20 1 1 0 6.853154 
 -4152381.0 1.20 1 1 0 6.654664 
 -4152857.1 1.20 1 1 0 6.457163 
 -4153333.3 1.20 1 0 1 6.260083 
 -4153809.5 1.20 1 0 1 6.060657 
 -4154285.7 1.20 1 0 1 5.861860 
 -4154761.9 1.20 1 0 1 5.661739 
 -4155238.1 1.20 1 0 1 5.463716 
 -4155714.3 1.20 1 0 1 5.265479 
 -4156190.5 1.20 1 0 0 5.070047 
 -4156666.7 1.20 1 0 0 4.877233 
 -4157142.9 1.20 1 0 0 4.687259 
 -4157619.0 1.20 1 0 0 4.501757 
 -4158095.2 1.20 1 0 0 4.322392 
 -4158571.4 1.20 1 0 0 4.145769 
 -4159047.6 1.20 1 0 0 3.968173 
 -4159523.8 1.20 1 0 0 3.792620 
 -4000000.0 1.25 1 1 0 40.515193 
 -4010000.0 1.25 1 1 0 39.077384 
 -4020000.0 1.25 1 1 0 37.575018 
 -4030000.0 1.25 1 1 0 35.959780 
 -4040000.0 1.25 1 1 0 34.407072 
 -4050000.0 1.25 1 1 0 32.656730 
 -4060000.0 1.25 1 1 0 30.889110 
 -4070000.0 1.25 1 1 0 29.081085 
 -4080000.0 1.25 1 1 0 27.103772 
 -4090000.0 1.25 1 1 0 25.073882 
 -4100000.0 1.25 1 1 0 22.949073 
 -4110000.0 1.25 1 1 0 20.630894 
 -4120000.0 1.25 1 1 0 18.047965 
 -4130000.0 1.25 1 1 0 15.193853 
 -4140000.0 1.25 1 1 0 11.833369 
 -4150000.0 1.25 1 1 0 7.836486 
 -4160000.0 1.25 1 0 0 3.736351 
 -4150476.2 1.25 1 1 0 7.630930 
 -4150952.4 1.25 1 1 0 7.423086 
 -4151428.6 1.25 1 1 0 7.219006 
 -4151904.8 1.25 1 1 0 7.015535 
 -4152381.0 1.25 1 1 0 6.816470 
 -4152857.1 1.25 1 1 0 6.618336 
 -4153333.3 1.25 1 1 0 6.418842 
 -4153809.5 1.25 1 0 1 6.217611 
 -4154285.7 1.25 1 0 1 6.016625 
 -4154761.9 1.25 1 0 1 5.814675 
 -4155238.1 1.25 1 0 1 5.613612 
 -4155714.3 1.25 1 0 1 5.413607 
 -4156190.5 1.25 1 0 1 5.214303 
 -4156666.7 1.25 1 0 0 5.019242 
 -4157142.9 1.25 1 0 0 4.826737 
 -4157619.0 1.25 1 0 0 4.638051 
 -4158095.2 1.25 1 0 0 4.455014 
 -4158571.4 1.25 1 0 0 4.275385 
 -4159047.6 1.25 1 0 0 4.094457 
 -4159523.8 1.25 1 0 0 3.914499 
 -4000000.0 1.30 1 1 0 40.725550 
 -4010000.0 1.30 1 1 0 39.309792 
 -4020000.0 1.30 1 1 0 37.789254 
 -4030000.0 1.30 1 1 0 36.186070 
 -4040000.0 1.30 1 1 0 34.543591 
 -4050000.0 1.30 1 1 0 32.839054 
 -4060000.0 1.30 1 1 0 31.073665 
 -4070000.0 1.30 1 1 0 29.199258 
 -4080000.0 1.30 1 1 0 27.282105 
 -4090000.0 1.30 1 1 0 25.252126 
 -4100000.0 1.30 1 1 0 23.118252 
 -4110000.0 1.30 1 1 0 20.774255 
 -4120000.0 1.30 1 1 0 18.211282 
 -4130000.0 1.30 1 1 0 15.355101 
 -4140000.0 1.30 1 1 0 11.987969 
 -4150000.0 1.30 1 1 0 7.996561 
 -4160000.0 1.30 1 0 0 3.852328 
 -4150476.2 1.30 1 1 0 7.788528 
 -4150952.4 1.30 1 1 0 7.582188 
 -4151428.6 1.30 1 1 0 7.375848 
 -4151904.8 1.30 1 1 0 7.173729 
 -4152381.0 1.30 1 1 0 6.973405 
 -4152857.1 1.30 1 1 0 6.774366 
 -4153333.3 1.30 1 1 0 6.571836 
 -4153809.5 1.30 1 0 1 6.370422 
 -4154285.7 1.30 1 0 1 6.166191 
 -4154761.9 1.30 1 0 1 5.963386 
 -4155238.1 1.30 1 0 1 5.758868 
 -4155714.3 1.30 1 0 1 5.557408 
 -4156190.5 1.30 1 0 1 5.356147 
 -4156666.7 1.30 1 0 1 5.157443 
 -4157142.9 1.30 1 0 0 4.962691 
 -4157619.0 1.30 1 0 0 4.771518 
 -4158095.2 1.30 1 0 0 4.585203 
 -4158571.4 1.30 1 0 0 4.402183 
 -4159047.6 1.30 1 0 0 4.218156 
 -4159523.8 1.30 1 0 0 4.033964 
 -4000000.0 1.35 1 1 0 40.967870 
 -4010000.0 1.35 1 1 0 39.502841 
 -4020000.0 1.35 1 1 0 37.966216 
 -4030000.0 1.35 1 1 0 36.376554 
 -4040000.0 1.35 1 1 0 34.651439 
 -4050000.0 1.35 1 1 0 33.015226 
 -4060000.0 1.35 1 1 0 31.236226 
 -4070000.0 1.35 1 1 0 29.360115 
 -4080000.0 1.35 1 1 0 27.435096 
 -4090000.0 1.35 1 1 0 25.418312 
 -4100000.0 1.35 1 1 0 23.265517 
 -4110000.0 1.35 1 1 0 20.931029 
 -4120000.0 1.35 1 1 0 18.357267 
 -4130000.0 1.35 1 1 0 15.506944 
 -4140000.0 1.35 1 1 0 12.136235 
 -4150000.0 1.35 1 1 0 8.149353 
 -4160000.0 1.35 1 0 0 3.966145 
 -4150476.2 1.35 1 1 0 7.941792 
 -4150952.4 1.35 1 1 0 7.734844 
 -4151428.6 1.35 1 1 0 7.529320 
 -4151904.8 1.35 1 1 0 7.325616 
 -4152381.0 1.35 1 1 0 7.126481 
 -4152857.1 1.35 1 1 0 6.924620 
 -4153333.3 1.35 1 1 0 6.722160 
 -4153809.5 1.35 1 1 0 6.517989 
 -4154285.7 1.35 1 0 1 6.312651 
 -4154761.9 1.35 1 0 1 6.107380 
 -4155238.1 1.35 1 0 1 5.901811 
 -4155714.3 1.35 1 0 1 5.697009 
 -4156190.5 1.35 1 0 1 5.494205 
 -4156666.7 1.35 1 0 1 5.292520 
 -4157142.9 1.35 1 0 0 5.095209 
 -4157619.0 1.35 1 0 0 4.901809 
 -4158095.2 1.35 1 0 0 4.713070 
 -4158571.4 1.35 1 0 0 4.526222 
 -4159047.6 1.35 1 0 0 4.339323 
 -4159523.8 1.35 1 0 0 4.151653 
 -4000000.0 1.40 1 1 0 41.171720 
 -4010000.0 1.40 1 1 0 39.659901 
 -4020000.0 1.40 1 1 0 38.109089 
 -4030000.0 1.40 1 1 0 36.534225 
 -4040000.0 1.40 1 1 0 34.848989 
 -4050000.0 1.40 1 1 0 33.162191 
 -4060000.0 1.40 1 1 0 31.371692 
 -4070000.0 1.40 1 1 0 29.518779 
 -4080000.0 1.40 1 1 0 27.564932 
 -4090000.0 1.40 1 1 0 25.562532 
 -4100000.0 1.40 1 1 0 23.405092 
 -4110000.0 1.40 1 1 0 21.079614 
 -4120000.0 1.40 1 1 0 18.498506 
 -4130000.0 1.40 1 1 0 15.660821 
 -4140000.0 1.40 1 1 0 12.281204 
 -4150000.0 1.40 1 1 0 8.297056 
 -4160000.0 1.40 1 0 0 4.077842 
 -4150476.2 1.40 1 1 0 8.090197 
 -4150952.4 1.40 1 1 0 7.882316 
 -4151428.6 1.40 1 1 0 7.677507 
 -4151904.8 1.40 1 1 0 7.474670 
 -4152381.0 1.40 1 1 0 7.273792 
 -4152857.1 1.40 1 1 0 7.070995 
 -4153333.3 1.40 1 1 0 6.867466 
 -4153809.5 1.40 1 1 0 6.660490 
 -4154285.7 1.40 1 1 0 6.455079 
 -4154761.9 1.40 1 0 1 6.246806 
 -4155238.1 1.40 1 0 1 6.040528 
 -4155714.3 1.40 1 0 1 5.832897 
 -4156190.5 1.40 1 0 1 5.628460 
 -4156666.7 1.40 1 0 1 5.425161 
 -4157142.9 1.40 1 0 1 5.224378 
 -4157619.0 1.40 1 0 0 5.028999 
 -4158095.2 1.40 1 0 0 4.838074 
 -4158571.4 1.40 1 0 0 4.647563 
 -4159047.6 1.40 1 0 0 4.458008 
 -4159523.8 1.40 1 0 0 4.267368 
 -4000000.0 1.45 1 1 0 41.340172 
 -4010000.0 1.45 1 1 0 39.784007 
 -4020000.0 1.45 1 1 0 38.220789 
 -4030000.0 1.45 1 1 0 36.661830 
 -4040000.0 1.45 1 1 0 35.017273 
 -4050000.0 1.45 1 1 0 33.282411 
 -4060000.0 1.45 1 1 0 31.482395 
 -4070000.0 1.45 1 1 0 29.653917 
 -4080000.0 1.45 1 1 0 27.733375 
 -4090000.0 1.45 1 1 0 25.708338 
 -4100000.0 1.45 1 1 0 23.564811 
 -4110000.0 1.45 1 1 0 21.211076 
 -4120000.0 1.45 1 1 0 18.646348 
 -4130000.0 1.45 1 1 0 15.801506 
 -4140000.0 1.45 1 1 0 12.417488 
 -4150000.0 1.45 1 1 0 8.441192 
 -4160000.0 1.45 1 0 0 4.187459 
 -4150476.2 1.45 1 1 0 8.232104 
 -4150952.4 1.45 1 1 0 8.026739 
 -4151428.6 1.45 1 1 0 7.820351 
 -4151904.8 1.45 1 1 0 7.618847 
 -4152381.0 1.45 1 1 0 7.416308 
 -4152857.1 1.45 1 1 0 7.213832 
 -4153333.3 1.45 1 1 0 7.007686 
 -4153809.5 1.45 1 1 0 6.801039 
 -4154285.7 1.45 1 1 0 6.592888 
 -4154761.9 1.45 1 0 1 6.383878 
 -4155238.1 1.45 1 0 1 6.175092 
 -4155714.3 1.45 1 0 1 5.966601 
 -4156190.5 1.45 1 0 1 5.759016 
 -4156666.7 1.45 1 0 1 5.554359 
 -4157142.9 1.45 1 0 1 5.351578 
 -4157619.0 1.45 1 0 1 5.153163 
 -4158095.2 1.45 1 0 0 4.960277 
 -4158571.4 1.45 1 0 0 4.767323 
 -4159047.6 1.45 1 0 0 4.574263 
 -4159523.8 1.45 1 0 0 4.380853 
 -4000000.0 1.50 1 1 0 41.476061 
 -4010000.0 1.50 1 1 0 39.877940 
 -4020000.0 1.50 1 1 0 38.334397 
 -4030000.0 1.50 1 1 0 36.761887 
 -4040000.0 1.50 1 1 0 35.158631 
 -4050000.0 1.50 1 1 0 33.378145 
 -4060000.0 1.50 1 1 0 31.619550 
 -4070000.0 1.50 1 1 0 29.767473 
 -4080000.0 1.50 1 1 0 27.899074 
 -4090000.0 1.50 1 1 0 25.872786 
 -4100000.0 1.50 1 1 0 23.706473 
 -4110000.0 1.50 1 1 0 21.340069 
 -4120000.0 1.50 1 1 0 18.780032 
 -4130000.0 1.50 1 1 0 15.930007 
 -4140000.0 1.50 1 1 0 12.555407 
 -4150000.0 1.50 1 1 0 8.578926 
 -4160000.0 1.50 1 0 0 4.295890 
 -4150476.2 1.50 1 1 0 8.372529 
 -4150952.4 1.50 1 1 0 8.165200 
 -4151428.6 1.50 1 1 0 7.961186 
 -4151904.8 1.50 1 1 0 7.757554 
 -4152381.0 1.50 1 1 0 7.556517 
 -4152857.1 1.50 1 1 0 7.351579 
 -4153333.3 1.50 1 1 0 7.144456 
 -4153809.5 1.50 1 1 0 6.936992 
 -4154285.7 1.50 1 1 0 6.726228 
 -4154761.9 1.50 1 1 0 6.517208 
 -4155238.1 1.50 1 0 1 6.305627 
 -4155714.3 1.50 1 0 1 6.096531 
 -4156190.5 1.50 1 0 1 5.886667 
 -4156666.7 1.50 1 0 1 5.680201 
 -4157142.9 1.50 1 0 1 5.475992 
 -4157619.0 1.50 1 0 1 5.274889 
 -4158095.2 1.50 1 0 0 5.079743 
 -4158571.4 1.50 1 0 0 4.884703 
 -4159047.6 1.50 1 0 0 4.688138 
 -4159523.8 1.50 1 0 0 4.492152 
 -4100000.0 1.05 1 1 0 22.251560 
 -4101000.0 1.05 1 1 0 22.017908 
 -4102000.0 1.05 1 1 0 21.783769 
 -4103000.0 1.05 1 1 0 21.563507 
 -4104000.0 1.05 1 1 0 21.336985 
 -4105000.0 1.05 1 1 0 21.105490 
 -4106000.0 1.05 1 1 0 20.869608 
 -4107000.0 1.05 1 1 0 20.630245 
 -4108000.0 1.05 1 1 0 20.391279 
 -4109000.0 1.05 1 1 0 20.160212 
 -4110000.0 1.05 1 1 0 19.924745 
 -4111000.0 1.05 1 1 0 19.685663 
 -4112000.0 1.05 1 1 0 19.442996 
 -4113000.0 1.05 1 1 0 19.196728 
 -4114000.0 1.05 1 1 0 18.947356 
 -4115000.0 1.05 1 1 0 18.694681 
 -4116000.0 1.05 1 1 0 18.439035 
 -4117000.0 1.05 1 1 0 18.180019 
 -4118000.0 1.05 1 1 0 17.917766 
 -4119000.0 1.05 1 1 0 17.651884 
 -4120000.0 1.05 1 1 0 17.382472 
 -4121000.0 1.05 1 1 0 17.109223 
 -4122000.0 1.05 1 1 0 16.831837 
 -4123000.0 1.05 1 1 0 16.550327 
 -4124000.0 1.05 1 1 0 16.264225 
 -4125000.0 1.05 1 1 0 15.974883 
 -4126000.0 1.05 1 1 0 15.686725 
 -4127000.0 1.05 1 1 0 15.393497 
 -4128000.0 1.05 1 1 0 15.095347 
 -4129000.0 1.05 1 1 0 14.792021 
 -4130000.0 1.05 1 1 0 14.483994 
 -4131000.0 1.05 1 1 0 14.171454 
 -4132000.0 1.05 1 1 0 13.854868 
 -4133000.0 1.05 1 1 0 13.540219 
 -4134000.0 1.05 1 1 0 13.221892 
 -4135000.0 1.05 1 1 0 12.896536 
 -4136000.0 1.05 1 1 0 12.559362 
 -4137000.0 1.05 1 1 0 12.221219 
 -4138000.0 1.05 1 1 0 11.868891 
 -4139000.0 1.05 1 1 0 11.510220 
 -4140000.0 1.05 1 1 0 11.142451 
 -4141000.0 1.05 1 1 0 10.763763 
 -4142000.0 1.05 1 1 0 10.381058 
 -4143000.0 1.05 1 1 0 9.988572 
 -4144000.0 1.05 1 1 0 9.591308 
 -4145000.0 1.05 1 1 0 9.194661 
 -4146000.0 1.05 1 1 0 8.800960 
 -4147000.0 1.05 1 1 0 8.399961 
 -4148000.0 1.05 1 1 0 7.987541 
 -4149000.0 1.05 1 1 0 7.567400 
 -4150000.0 1.05 1 1 0 7.140421 
 -4151000.0 1.05 1 1 0 6.712638 
 -4152000.0 1.05 1 0 1 6.291612 
 -4153000.0 1.05 1 0 1 5.885528 
 -4154000.0 1.05 1 0 1 5.482969 
 -4155000.0 1.05 1 0 1 5.080894 
 -4156000.0 1.05 1 0 0 4.685876 
 -4151238.1 1.05 1 1 0 6.610855 
 -4151476.2 1.05 1 1 0 6.509988 
 -4151714.3 1.05 1 1 0 6.410462 
 -4151952.4 1.05 1 0 1 6.311362 
 -4152190.5 1.05 1 0 1 6.212916 
 -4152428.6 1.05 1 0 1 6.115395 
 -4152666.7 1.05 1 0 1 6.018999 
 -4152904.8 1.05 1 0 1 5.923434 
 -4153142.9 1.05 1 0 1 5.828434 
 -4153381.0 1.05 1 0 1 5.732729 
 -4153619.0 1.05 1 0 1 5.636418 
 -4153857.1 1.05 1 0 1 5.540094 
 -4154095.2 1.05 1 0 1 5.444803 
 -4154333.3 1.05 1 0 1 5.349157 
 -4154571.4 1.05 1 0 1 5.253285 
 -4154809.5 1.05 1 0 1 5.157313 
 -4155047.6 1.05 1 0 0 5.062004 
 -4155285.7 1.05 1 0 0 4.967597 
 -4155523.8 1.05 1 0 0 4.873356 
 -4155761.9 1.05 1 0 0 4.779407 
 -4100000.0 1.10 1 1 0 22.416962 
 -4101000.0 1.10 1 1 0 22.200336 
 -4102000.0 1.10 1 1 0 21.976499 
 -4103000.0 1.10 1 1 0 21.746700 
 -4104000.0 1.10 1 1 0 21.511585 
 -4105000.0 1.10 1 1 0 21.280069 
 -4106000.0 1.10 1 1 0 21.056581 
 -4107000.0 1.10 1 1 0 20.828150 
 -4108000.0 1.10 1 1 0 20.594983 
 -4109000.0 1.10 1 1 0 20.358049 
 -4110000.0 1.10 1 1 0 20.117450 
 -4111000.0 1.10 1 1 0 19.873951 
 -4112000.0 1.10 1 1 0 19.627563 
 -4113000.0 1.10 1 1 0 19.378249 
 -4114000.0 1.10 1 1 0 19.126478 
 -4115000.0 1.10 1 1 0 18.872030 
 -4116000.0 1.10 1 1 0 18.615213 
 -4117000.0 1.10 1 1 0 18.355606 
 -4118000.0 1.10 1 1 0 18.093309 
 -4119000.0 1.10 1 1 0 17.827905 
 -4120000.0 1.10 1 1 0 17.559463 
 -4121000.0 1.10 1 1 0 17.287677 
 -4122000.0 1.10 1 1 0 17.012205 
 -4123000.0 1.10 1 1 0 16.733010 
 -4124000.0 1.10 1 1 0 16.449599 
 -4125000.0 1.10 1 1 0 16.162134 
 -4126000.0 1.10 1 1 0 15.870392 
 -4127000.0 1.10 1 1 0 15.574139 
 -4128000.0 1.10 1 1 0 15.273703 
 -4129000.0 1.10 1 1 0 14.969223 
 -4130000.0 1.10 1 1 0 14.666676 
 -4131000.0 1.10 1 1 0 14.359785 
 -4132000.0 1.10 1 1 0 14.048973 
 -4133000.0 1.10 1 1 0 13.734941 
 -4134000.0 1.10 1 1 0 13.412294 
 -4135000.0 1.10 1 1 0 13.086118 
 -4136000.0 1.10 1 1 0 12.752499 
 -4137000.0 1.10 1 1 0 12.405393 
 -4138000.0 1.10 1 1 0 12.056831 
 -4139000.0 1.10 1 1 0 11.695944 
 -4140000.0 1.10 1 1 0 11.326372 
 -4141000.0 1.10 1 1 0 10.951012 
 -4142000.0 1.10 1 1 0 10.564744 
 -4143000.0 1.10 1 1 0 10.175242 
 -4144000.0 1.10 1 1 0 9.781456 
 -4145000.0 1.10 1 1 0 9.386869 
 -4146000.0 1.10 1 1 0 8.993265 
 -4147000.0 1.10 1 1 0 8.590773 
 -4148000.0 1.10 1 1 0 8.177051 
 -4149000.0 1.10 1 1 0 7.752757 
 -4150000.0 1.10 1 1 0 7.324792 
 -4151000.0 1.10 1 1 0 6.894892 
 -4152000.0 1.10 1 1 0 6.470781 
 -4153000.0 1.10 1 0 1 6.061916 
 -4154000.0 1.10 1 0 1 5.653985 
 -4155000.0 1.10 1 0 1 5.246532 
 -4156000.0 1.10 1 0 0 4.844387 
 -4152190.5 1.10 1 1 0 6.392070 
 -4152381.0 1.10 1 0 1 6.313893 
 -4152571.4 1.10 1 0 1 6.236380 
 -4152761.9 1.10 1 0 1 6.159190 
 -4152952.4 1.10 1 0 1 6.081440 
 -4153142.9 1.10 1 0 1 6.003470 
 -4153333.3 1.10 1 0 1 5.926569 
 -4153523.8 1.10 1 0 1 5.849176 
 -4153714.3 1.10 1 0 1 5.771361 
 -4153904.8 1.10 1 0 1 5.693185 
 -4154095.2 1.10 1 0 1 5.614719 
 -4154285.7 1.10 1 0 1 5.537480 
 -4154476.2 1.10 1 0 1 5.460076 
 -4154666.7 1.10 1 0 1 5.382507 
 -4154857.1 1.10 1 0 1 5.304824 
 -4155047.6 1.10 1 0 1 5.227101 
 -4155238.1 1.10 1 0 1 5.149404 
 -4155428.6 1.10 1 0 0 5.072845 
 -4155619.0 1.10 1 0 0 4.996510 
 -4155809.5 1.10 1 0 0 4.920332 
 -4100000.0 1.15 1 1 0 22.602432 
 -4101000.0 1.15 1 1 0 22.374832 
 -4102000.0 1.15 1 1 0 22.141012 
 -4103000.0 1.15 1 1 0 21.923426 
 -4104000.0 1.15 1 1 0 21.703178 
 -4105000.0 1.15 1 1 0 21.477125 
 -4106000.0 1.15 1 1 0 21.245912 
 -4107000.0 1.15 1 1 0 21.010530 
 -4108000.0 1.15 1 1 0 20.771166 
 -4109000.0 1.15 1 1 0 20.528777 
 -4110000.0 1.15 1 1 0 20.283454 
 -4111000.0 1.15 1 1 0 20.041452 
 -4112000.0 1.15 1 1 0 19.799557 
 -4113000.0 1.15 1 1 0 19.553421 
 -4114000.0 1.15 1 1 0 19.303708 
 -4115000.0 1.15 1 1 0 19.050282 
 -4116000.0 1.15 1 1 0 18.793641 
 -4117000.0 1.15 1 1 0 18.533437 
 -4118000.0 1.15 1 1 0 18.269942 
 -4119000.0 1.15 1 1 0 18.002819 
 -4120000.0 1.15 1 1 0 17.732315 
 -4121000.0 1.15 1 1 0 17.458261 
 -4122000.0 1.15 1 1 0 17.180387 
 -4123000.0 1.15 1 1 0 16.898821 
 -4124000.0 1.15 1 1 0 16.613184 
 -4125000.0 1.15 1 1 0 16.328910 
 -4126000.0 1.15 1 1 0 16.040891 
 -4127000.0 1.15 1 1 0 15.748685 
 -4128000.0 1.15 1 1 0 15.452568 
 -4129000.0 1.15 1 1 0 15.152385 
 -4130000.0 1.15 1 1 0 14.848754 
 -4131000.0 1.15 1 1 0 14.541803 
 -4132000.0 1.15 1 1 0 14.230613 
 -4133000.0 1.15 1 1 0 13.915939 
 -4134000.0 1.15 1 1 0 13.597795 
 -4135000.0 1.15 1 1 0 13.267141 
 -4136000.0 1.15 1 1 0 12.929386 
 -4137000.0 1.15 1 1 0 12.587324 
 -4138000.0 1.15 1 1 0 12.232045 
 -4139000.0 1.15 1 1 0 11.872734 
 -4140000.0 1.15 1 1 0 11.504028 
 -4141000.0 1.15 1 1 0 11.124919 
 -4142000.0 1.15 1 1 0 10.743746 
 -4143000.0 1.15 1 1 0 10.354381 
 -4144000.0 1.15 1 1 0 9.961332 
 -4145000.0 1.15 1 1 0 9.570047 
 -4146000.0 1.15 1 1 0 9.178253 
 -4147000.0 1.15 1 1 0 8.772877 
 -4148000.0 1.15 1 1 0 8.357767 
 -4149000.0 1.15 1 1 0 7.933439 
 -4150000.0 1.15 1 1 0 7.502151 
 -4151000.0 1.15 1 1 0 7.070125 
 -4152000.0 1.15 1 1 0 6.645197 
 -4153000.0 1.15 1 0 1 6.233433 
 -4154000.0 1.15 1 0 1 5.820611 
 -4155000.0 1.15 1 0 1 5.407239 
 -4156000.0 1.15 1 0 0 4.998283 
 -4152190.5 1.15 1 1 0 6.565423 
 -4152381.0 1.15 1 1 0 6.486275 
 -4152571.4 1.15 1 1 0 6.408232 
 -4152761.9 1.15 1 0 1 6.330957 
 -4152952.4 1.15 1 0 1 6.253019 
 -4153142.9 1.15 1 0 1 6.174453 
 -4153333.3 1.15 1 0 1 6.095345 
 -4153523.8 1.15 1 0 1 6.016943 
 -4153714.3 1.15 1 0 1 5.938732 
 -4153904.8 1.15 1 0 1 5.860079 
 -4154095.2 1.15 1 0 1 5.781057 
 -4154285.7 1.15 1 0 1 5.701719 
 -4154476.2 1.15 1 0 1 5.622783 
 -4154666.7 1.15 1 0 1 5.544550 
 -4154857.1 1.15 1 0 1 5.466129 
 -4155047.6 1.15 1 0 1 5.387600 
 -4155238.1 1.15 1 0 1 5.309030 
 -4155428.6 1.15 1 0 1 5.230491 
 -4155619.0 1.15 1 0 1 5.152380 
 -4155809.5 1.15 1 0 0 5.075243 
 -4100000.0 1.20 1 1 0 22.761449 
 -4101000.0 1.20 1 1 0 22.549247 
 -4102000.0 1.20 1 1 0 22.333798 
 -4103000.0 1.20 1 1 0 22.111173 
 -4104000.0 1.20 1 1 0 21.882072 
 -4105000.0 1.20 1 1 0 21.647941 
 -4106000.0 1.20 1 1 0 21.409426 
 -4107000.0 1.20 1 1 0 21.167941 
 -4108000.0 1.20 1 1 0 20.938938 
 -4109000.0 1.20 1 1 0 20.705050 
 -4110000.0 1.20 1 1 0 20.466468 
 -4111000.0 1.20 1 1 0 20.224140 
 -4112000.0 1.20 1 1 0 19.978169 
 -4113000.0 1.20 1 1 0 19.728611 
 -4114000.0 1.20 1 1 0 19.476099 
 -4115000.0 1.20 1 1 0 19.220483 
 -4116000.0 1.20 1 1 0 18.962236 
 -4117000.0 1.20 1 1 0 18.700994 
 -4118000.0 1.20 1 1 0 18.436998 
 -4119000.0 1.20 1 1 0 18.169887 
 -4120000.0 1.20 1 1 0 17.899911 
 -4121000.0 1.20 1 1 0 17.626867 
 -4122000.0 1.20 1 1 0 17.350444 
 -4123000.0 1.20 1 1 0 17.070739 
 -4124000.0 1.20 1 1 0 16.787397 
 -4125000.0 1.20 1 1 0 16.500726 
 -4126000.0 1.20 1 1 0 16.210524 
 -4127000.0 1.20 1 1 0 15.916748 
 -4128000.0 1.20 1 1 0 15.619793 
 -4129000.0 1.20 1 1 0 15.319569 
 -4130000.0 1.20 1 1 0 15.018716 
 -4131000.0 1.20 1 1 0 14.717067 
 -4132000.0 1.20 1 1 0 14.410284 
 -4133000.0 1.20 1 1 0 14.092933 
 -4134000.0 1.20 1 1 0 13.766207 
 -4135000.0 1.20 1 1 0 13.440302 
 -4136000.0 1.20 1 1 0 13.101848 
 -4137000.0 1.20 1 1 0 12.753400 
 -4138000.0 1.20 1 1 0 12.403311 
 -4139000.0 1.20 1 1 0 12.040487 
 -4140000.0 1.20 1 1 0 11.671373 
 -4141000.0 1.20 1 1 0 11.296463 
 -4142000.0 1.20 1 1 0 10.912315 
 -4143000.0 1.20 1 1 0 10.525012 
 -4144000.0 1.20 1 1 0 10.136648 
 -4145000.0 1.20 1 1 0 9.749454 
 -4146000.0 1.20 1 1 0 9.353239 
 -4147000.0 1.20 1 1 0 8.948704 
 -4148000.0 1.20 1 1 0 8.530975 
 -4149000.0 1.20 1 1 0 8.104939 
 -4150000.0 1.20 1 1 0 7.673447 
 -4151000.0 1.20 1 1 0 7.240208 
 -4152000.0 1.20 1 1 0 6.813208 
 -4153000.0 1.20 1 1 0 6.398476 
 -4154000.0 1.20 1 0 1 5.981448 
 -4155000.0 1.20 1 0 1 5.562826 
 -4156000.0 1.20 1 0 1 5.147698 
 -4157000.0 1.20 1 0 0 4.743881 
 -4153190.5 1.20 1 0 1 6.319623 
 -4153381.0 1.20 1 0 1 6.240158 
 -4153571.4 1.20 1 0 1 6.160118 
 -4153761.9 1.20 1 0 1 6.080387 
 -4153952.4 1.20 1 0 1 6.001292 
 -4154142.9 1.20 1 0 1 5.921760 
 -4154333.3 1.20 1 0 1 5.841853 
 -4154523.8 1.20 1 0 1 5.761650 
 -4154714.3 1.20 1 0 1 5.681485 
 -4154904.8 1.20 1 0 1 5.602422 
 -4155095.2 1.20 1 0 1 5.523198 
 -4155285.7 1.20 1 0 1 5.443882 
 -4155476.2 1.20 1 0 1 5.364552 
 -4155666.7 1.20 1 0 1 5.285280 
 -4155857.1 1.20 1 0 1 5.206135 
 -4156047.6 1.20 1 0 1 5.128264 
 -4156238.1 1.20 1 0 0 5.050671 
 -4156428.6 1.20 1 0 0 4.973358 
 -4156619.0 1.20 1 0 0 4.896406 
 -4156809.5 1.20 1 0 0 4.819887 
 -4100000.0 1.25 1 1 0 22.949073 
 -4101000.0 1.25 1 1 0 22.731462 
 -4102000.0 1.25 1 1 0 22.505993 
 -4103000.0 1.25 1 1 0 22.274163 
 -4104000.0 1.25 1 1 0 22.036637 
 -4105000.0 1.25 1 1 0 21.804334 
 -4106000.0 1.25 1 1 0 21.579818 
 -4107000.0 1.25 1 1 0 21.349704 
 -4108000.0 1.25 1 1 0 21.114221 
 -4109000.0 1.25 1 1 0 20.874553 
 -4110000.0 1.25 1 1 0 20.630894 
 -4111000.0 1.25 1 1 0 20.384168 
 -4112000.0 1.25 1 1 0 20.134457 
 -4113000.0 1.25 1 1 0 19.881802 
 -4114000.0 1.25 1 1 0 19.626809 
 -4115000.0 1.25 1 1 0 19.369310 
 -4116000.0 1.25 1 1 0 19.109756 
 -4117000.0 1.25 1 1 0 18.847766 
 -4118000.0 1.25 1 1 0 18.584520 
 -4119000.0 1.25 1 1 0 18.317873 
 -4120000.0 1.25 1 1 0 18.047965 
 -4121000.0 1.25 1 1 0 17.775808 
 -4122000.0 1.25 1 1 0 17.501102 
 -4123000.0 1.25 1 1 0 17.223529 
 -4124000.0 1.25 1 1 0 16.942772 
 -4125000.0 1.25 1 1 0 16.659050 
 -4126000.0 1.25 1 1 0 16.372142 
 -4127000.0 1.25 1 1 0 16.082021 
 -4128000.0 1.25 1 1 0 15.789000 
 -4129000.0 1.25 1 1 0 15.492983 
 -4130000.0 1.25 1 1 0 15.193853 
 -4131000.0 1.25 1 1 0 14.886345 
 -4132000.0 1.25 1 1 0 14.573362 
 -4133000.0 1.25 1 1 0 14.260170 
 -4134000.0 1.25 1 1 0 13.935589 
 -4135000.0 1.25 1 1 0 13.599358 
 -4136000.0 1.25 1 1 0 13.264470 
 -4137000.0 1.25 1 1 0 12.918284 
 -4138000.0 1.25 1 1 0 12.560230 
 -4139000.0 1.25 1 1 0 12.202706 
 -4140000.0 1.25 1 1 0 11.833369 
 -4141000.0 1.25 1 1 0 11.455867 
 -4142000.0 1.25 1 1 0 11.076916 
 -4143000.0 1.25 1 1 0 10.691850 
 -4144000.0 1.25 1 1 0 10.305499 
 -4145000.0 1.25 1 1 0 9.917751 
 -4146000.0 1.25 1 1 0 9.524252 
 -4147000.0 1.25 1 1 0 9.114668 
 -4148000.0 1.25 1 1 0 8.698464 
 -4149000.0 1.25 1 1 0 8.270723 
 -4150000.0 1.25 1 1 0 7.836486 
 -4151000.0 1.25 1 1 0 7.402717 
 -4152000.0 1.25 1 1 0 6.975111 
 -4153000.0 1.25 1 1 0 6.557941 
 -4154000.0 1.25 1 0 1 6.136696 
 -4155000.0 1.25 1 0 1 5.713454 
 -4156000.0 1.25 1 0 1 5.293803 
 -4157000.0 1.25 1 0 0 4.884145 
 -4153190.5 1.25 1 1 0 6.478436 
 -4153381.0 1.25 1 1 0 6.398888 
 -4153571.4 1.25 1 0 1 6.318681 
 -4153761.9 1.25 1 0 1 6.237890 
 -4153952.4 1.25 1 0 1 6.156604 
 -4154142.9 1.25 1 0 1 6.076788 
 -4154333.3 1.25 1 0 1 5.996520 
 -4154523.8 1.25 1 0 1 5.915879 
 -4154714.3 1.25 1 0 1 5.834950 
 -4154904.8 1.25 1 0 1 5.753778 
 -4155095.2 1.25 1 0 1 5.673546 
 -4155285.7 1.25 1 0 1 5.593620 
 -4155476.2 1.25 1 0 1 5.513613 
 -4155666.7 1.25 1 0 1 5.433603 
 -4155857.1 1.25 1 0 1 5.353658 
 -4156047.6 1.25 1 0 1 5.273874 
 -4156238.1 1.25 1 0 1 5.194717 
 -4156428.6 1.25 1 0 1 5.116529 
 -4156619.0 1.25 1 0 0 5.038654 
 -4156809.5 1.25 1 0 0 4.961164 
 -4100000.0 1.30 1 1 0 23.118252 
 -4101000.0 1.30 1 1 0 22.890209 
 -4102000.0 1.30 1 1 0 22.655142 
 -4103000.0 1.30 1 1 0 22.423520 
 -4104000.0 1.30 1 1 0 22.204399 
 -4105000.0 1.30 1 1 0 21.978415 
 -4106000.0 1.30 1 1 0 21.746329 
 -4107000.0 1.30 1 1 0 21.509378 
 -4108000.0 1.30 1 1 0 21.267766 
 -4109000.0 1.30 1 1 0 21.022660 
 -4110000.0 1.30 1 1 0 20.774255 
 -4111000.0 1.30 1 1 0 20.525792 
 -4112000.0 1.30 1 1 0 20.283059 
 -4113000.0 1.30 1 1 0 20.035871 
 -4114000.0 1.30 1 1 0 19.785053 
 -4115000.0 1.30 1 1 0 19.530522 
 -4116000.0 1.30 1 1 0 19.272946 
 -4117000.0 1.30 1 1 0 19.012024 
 -4118000.0 1.30 1 1 0 18.748161 
 -4119000.0 1.30 1 1 0 18.481101 
 -4120000.0 1.30 1 1 0 18.211282 
 -4121000.0 1.30 1 1 0 17.938553 
 -4122000.0 1.30 1 1 0 17.662695 
 -4123000.0 1.30 1 1 0 17.383998 
 -4124000.0 1.30 1 1 0 17.102263 
 -4125000.0 1.30 1 1 0 16.817857 
 -4126000.0 1.30 1 1 0 16.530678 
 -4127000.0 1.30 1 1 0 16.240657 
 -4128000.0 1.30 1 1 0 15.947739 
 -4129000.0 1.30 1 1 0 15.650334 
 -4130000.0 1.30 1 1 0 15.355101 
 -4131000.0 1.30 1 1 0 15.050926 
 -4132000.0 1.30 1 1 0 14.736835 
 -4133000.0 1.30 1 1 0 14.412658 
 -4134000.0 1.30 1 1 0 14.092148 
 -4135000.0 1.30 1 1 0 13.760293 
 -4136000.0 1.30 1 1 0 13.417020 
 -4137000.0 1.30 1 1 0 13.071935 
 -4138000.0 1.30 1 1 0 12.718742 
 -4139000.0 1.30 1 1 0 12.354354 
 -4140000.0 1.30 1 1 0 11.987969 
 -4141000.0 1.30 1 1 0 11.614137 
 -4142000.0 1.30 1 1 0 11.233200 
 -4143000.0 1.30 1 1 0 10.849953 
 -4144000.0 1.30 1 1 0 10.468564 
 -4145000.0 1.30 1 1 0 10.084024 
 -4146000.0 1.30 1 1 0 9.685289 
 -4147000.0 1.30 1 1 0 9.278073 
 -4148000.0 1.30 1 1 0 8.856980 
 -4149000.0 1.30 1 1 0 8.430563 
 -4150000.0 1.30 1 1 0 7.996561 
 -4151000.0 1.30 1 1 0 7.561465 
 -4152000.0 1.30 1 1 0 7.133529 
 -4153000.0 1.30 1 1 0 6.714026 
 -4154000.0 1.30 1 0 1 6.288801 
 -4155000.0 1.30 1 0 1 5.861244 
 -4156000.0 1.30 1 0 1 5.436548 
 -4157000.0 1.30 1 0 0 5.020801 
 -4153190.5 1.30 1 1 0 6.632890 
 -4153381.0 1.30 1 1 0 6.551887 
 -4153571.4 1.30 1 1 0 6.471648 
 -4153761.9 1.30 1 0 1 6.390742 
 -4153952.4 1.30 1 0 1 6.309256 
 -4154142.9 1.30 1 0 1 6.227252 
 -4154333.3 1.30 1 0 1 6.146022 
 -4154523.8 1.30 1 0 1 6.065075 
 -4154714.3 1.30 1 0 1 5.983767 
 -4154904.8 1.30 1 0 1 5.902143 
 -4155095.2 1.30 1 0 1 5.820298 
 -4155285.7 1.30 1 0 1 5.738749 
 -4155476.2 1.30 1 0 1 5.658192 
 -4155666.7 1.30 1 0 1 5.577568 
 -4155857.1 1.30 1 0 1 5.496947 
 -4156047.6 1.30 1 0 1 5.416430 
 -4156238.1 1.30 1 0 1 5.336079 
 -4156428.6 1.30 1 0 1 5.255979 
 -4156619.0 1.30 1 0 1 5.177064 
 -4156809.5 1.30 1 0 0 5.098719 
 -4100000.0 1.35 1 1 0 23.265517 
 -4101000.0 1.35 1 1 0 23.027443 
 -4102000.0 1.35 1 1 0 22.813195 
 -4103000.0 1.35 1 1 0 22.593231 
 -4104000.0 1.35 1 1 0 22.365445 
 -4105000.0 1.35 1 1 0 22.131516 
 -4106000.0 1.35 1 1 0 21.892212 
 -4107000.0 1.35 1 1 0 21.648769 
 -4108000.0 1.35 1 1 0 21.403238 
 -4109000.0 1.35 1 1 0 21.169783 
 -4110000.0 1.35 1 1 0 20.931029 
 -4111000.0 1.35 1 1 0 20.688141 
 -4112000.0 1.35 1 1 0 20.441277 
 -4113000.0 1.35 1 1 0 20.190579 
 -4114000.0 1.35 1 1 0 19.936849 
 -4115000.0 1.35 1 1 0 19.679989 
 -4116000.0 1.35 1 1 0 19.420648 
 -4117000.0 1.35 1 1 0 19.158509 
 -4118000.0 1.35 1 1 0 18.893961 
 -4119000.0 1.35 1 1 0 18.626751 
 -4120000.0 1.35 1 1 0 18.357267 
 -4121000.0 1.35 1 1 0 18.085337 
 -4122000.0 1.35 1 1 0 17.810722 
 -4123000.0 1.35 1 1 0 17.533735 
 -4124000.0 1.35 1 1 0 17.254131 
 -4125000.0 1.35 1 1 0 16.972230 
 -4126000.0 1.35 1 1 0 16.687905 
 -4127000.0 1.35 1 1 0 16.401062 
 -4128000.0 1.35 1 1 0 16.110892 
 -4129000.0 1.35 1 1 0 15.813043 
 -4130000.0 1.35 1 1 0 15.506944 
 -4131000.0 1.35 1 1 0 15.200785 
 -4132000.0 1.35 1 1 0 14.890379 
 -4133000.0 1.35 1 1 0 14.569923 
 -4134000.0 1.35 1 1 0 14.239026 
 -4135000.0 1.35 1 1 0 13.907715 
 -4136000.0 1.35 1 1 0 13.569050 
 -4137000.0 1.35 1 1 0 13.218986 
 -4138000.0 1.35 1 1 0 12.864824 
 -4139000.0 1.35 1 1 0 12.505515 
 -4140000.0 1.35 1 1 0 12.136235 
 -4141000.0 1.35 1 1 0 11.762410 
 -4142000.0 1.35 1 1 0 11.386688 
 -4143000.0 1.35 1 1 0 11.007388 
 -4144000.0 1.35 1 1 0 10.627967 
 -4145000.0 1.35 1 1 0 10.240740 
 -4146000.0 1.35 1 1 0 9.842628 
 -4147000.0 1.35 1 1 0 9.432528 
 -4148000.0 1.35 1 1 0 9.013157 
 -4149000.0 1.35 1 1 0 8.582624 
 -4150000.0 1.35 1 1 0 8.149353 
 -4151000.0 1.35 1 1 0 7.714320 
 -4152000.0 1.35 1 1 0 7.285707 
 -4153000.0 1.35 1 1 0 6.864432 
 -4154000.0 1.35 1 1 0 6.436280 
 -4155000.0 1.35 1 0 1 6.004794 
 -4156000.0 1.35 1 0 1 5.575266 
 -4157000.0 1.35 1 0 1 5.153941 
 -4158000.0 1.35 1 0 0 4.750427 
 -4154190.5 1.35 1 0 1 6.353989 
 -4154381.0 1.35 1 0 1 6.271199 
 -4154571.4 1.35 1 0 1 6.189047 
 -4154761.9 1.35 1 0 1 6.107380 
 -4154952.4 1.35 1 0 1 6.025347 
 -4155142.9 1.35 1 0 1 5.943041 
 -4155333.3 1.35 1 0 1 5.860544 
 -4155523.8 1.35 1 0 1 5.778152 
 -4155714.3 1.35 1 0 1 5.697009 
 -4155904.8 1.35 1 0 1 5.615832 
 -4156095.2 1.35 1 0 1 5.534719 
 -4156285.7 1.35 1 0 1 5.453733 
 -4156476.2 1.35 1 0 1 5.372971 
 -4156666.7 1.35 1 0 1 5.292520 
 -4156857.1 1.35 1 0 1 5.212935 
 -4157047.6 1.35 1 0 1 5.134333 
 -4157238.1 1.35 1 0 0 5.056217 
 -4157428.6 1.35 1 0 0 4.978683 
 -4157619.0 1.35 1 0 0 4.901809 
 -4157809.5 1.35 1 0 0 4.825695 
 -4100000.0 1.40 1 1 0 23.405092 
 -4101000.0 1.40 1 1 0 23.193244 
 -4102000.0 1.40 1 1 0 22.971949 
 -4103000.0 1.40 1 1 0 22.742930 
 -4104000.0 1.40 1 1 0 22.506832 
 -4105000.0 1.40 1 1 0 22.265307 
 -4106000.0 1.40 1 1 0 22.025080 
 -4107000.0 1.40 1 1 0 21.797085 
 -4108000.0 1.40 1 1 0 21.562758 
 -4109000.0 1.40 1 1 0 21.323508 
 -4110000.0 1.40 1 1 0 21.079614 
 -4111000.0 1.40 1 1 0 20.832240 
 -4112000.0 1.40 1 1 0 20.581524 
 -4113000.0 1.40 1 1 0 20.327586 
 -4114000.0 1.40 1 1 0 20.071207 
 -4115000.0 1.40 1 1 0 19.812274 
 -4116000.0 1.40 1 1 0 19.551414 
 -4117000.0 1.40 1 1 0 19.292071 
 -4118000.0 1.40 1 1 0 19.030723 
 -4119000.0 1.40 1 1 0 18.766005 
 -4120000.0 1.40 1 1 0 18.498506 
 -4121000.0 1.40 1 1 0 18.228185 
 -4122000.0 1.40 1 1 0 17.954939 
 -4123000.0 1.40 1 1 0 17.679233 
 -4124000.0 1.40 1 1 0 17.400808 
 -4125000.0 1.40 1 1 0 17.120097 
 -4126000.0 1.40 1 1 0 16.834374 
 -4127000.0 1.40 1 1 0 16.546983 
 -4128000.0 1.40 1 1 0 16.259454 
 -4129000.0 1.40 1 1 0 15.964183 
 -4130000.0 1.40 1 1 0 15.660821 
 -4131000.0 1.40 1 1 0 15.348715 
 -4132000.0 1.40 1 1 0 15.030446 
 -4133000.0 1.40 1 1 0 14.713948 
 -4134000.0 1.40 1 1 0 14.387064 
 -4135000.0 1.40 1 1 0 14.049556 
 -4136000.0 1.40 1 1 0 13.708736 
 -4137000.0 1.40 1 1 0 13.363455 
 -4138000.0 1.40 1 1 0 13.007676 
 -4139000.0 1.40 1 1 0 12.645277 
 -4140000.0 1.40 1 1 0 12.281204 
 -4141000.0 1.40 1 1 0 11.909499 
 -4142000.0 1.40 1 1 0 11.533247 
 -4143000.0 1.40 1 1 0 11.156362 
 -4144000.0 1.40 1 1 0 10.780965 
 -4145000.0 1.40 1 1 0 10.391734 
 -4146000.0 1.40 1 1 0 9.993270 
 -4147000.0 1.40 1 1 0 9.582026 
 -4148000.0 1.40 1 1 0 9.161583 
 -4149000.0 1.40 1 1 0 8.732667 
 -4150000.0 1.40 1 1 0 8.297056 
 -4151000.0 1.40 1 1 0 7.861456 
 -4152000.0 1.40 1 1 0 7.434359 
 -4153000.0 1.40 1 1 0 7.009361 
 -4154000.0 1.40 1 1 0 6.578810 
 -4155000.0 1.40 1 0 1 6.143920 
 -4156000.0 1.40 1 0 1 5.710072 
 -4157000.0 1.40 1 0 1 5.284066 
 -4158000.0 1.40 1 0 0 4.875886 
 -4154190.5 1.40 1 1 0 6.496471 
 -4154381.0 1.40 1 0 1 6.413553 
 -4154571.4 1.40 1 0 1 6.330145 
 -4154761.9 1.40 1 0 1 6.246806 
 -4154952.4 1.40 1 0 1 6.164543 
 -4155142.9 1.40 1 0 1 6.081935 
 -4155333.3 1.40 1 0 1 5.999067 
 -4155523.8 1.40 1 0 1 5.916028 
 -4155714.3 1.40 1 0 1 5.832897 
 -4155904.8 1.40 1 0 1 5.750891 
 -4156095.2 1.40 1 0 1 5.669257 
 -4156285.7 1.40 1 0 1 5.587692 
 -4156476.2 1.40 1 0 1 5.506296 
 -4156666.7 1.40 1 0 1 5.425161 
 -4156857.1 1.40 1 0 1 5.344373 
 -4157047.6 1.40 1 0 1 5.264026 
 -4157238.1 1.40 1 0 1 5.185010 
 -4157428.6 1.40 1 0 0 5.106693 
 -4157619.0 1.40 1 0 0 5.028999 
 -4157809.5 1.40 1 0 0 4.952034 
 -4100000.0 1.45 1 1 0 23.564811 
 -4101000.0 1.45 1 1 0 23.342696 
 -4102000.0 1.45 1 1 0 23.111892 
 -4103000.0 1.45 1 1 0 22.874157 
 -4104000.0 1.45 1 1 0 22.630442 
 -4105000.0 1.45 1 1 0 22.408867 
 -4106000.0 1.45 1 1 0 22.179908 
 -4107000.0 1.45 1 1 0 21.945079 
 -4108000.0 1.45 1 1 0 21.704589 
 -4109000.0 1.45 1 1 0 21.459830 
 -4110000.0 1.45 1 1 0 21.211076 
 -4111000.0 1.45 1 1 0 20.959482 
 -4112000.0 1.45 1 1 0 20.706865 
 -4113000.0 1.45 1 1 0 20.461156 
 -4114000.0 1.45 1 1 0 20.211571 
 -4115000.0 1.45 1 1 0 19.958082 
 -4116000.0 1.45 1 1 0 19.701550 
 -4117000.0 1.45 1 1 0 19.441749 
 -4118000.0 1.45 1 1 0 19.179293 
 -4119000.0 1.45 1 1 0 18.913969 
 -4120000.0 1.45 1 1 0 18.646348 
 -4121000.0 1.45 1 1 0 18.376369 
 -4122000.0 1.45 1 1 0 18.103925 
 -4123000.0 1.45 1 1 0 17.829447 
 -4124000.0 1.45 1 1 0 17.552653 
 -4125000.0 1.45 1 1 0 17.273570 
 -4126000.0 1.45 1 1 0 16.989024 
 -4127000.0 1.45 1 1 0 16.697807 
 -4128000.0 1.45 1 1 0 16.399779 
 -4129000.0 1.45 1 1 0 16.101926 
 -4130000.0 1.45 1 1 0 15.801506 
 -4131000.0 1.45 1 1 0 15.492504 
 -4132000.0 1.45 1 1 0 15.174451 
 -4133000.0 1.45 1 1 0 14.847259 
 -4134000.0 1.45 1 1 0 14.522965 
 -4135000.0 1.45 1 1 0 14.189702 
 -4136000.0 1.45 1 1 0 13.846386 
 -4137000.0 1.45 1 1 0 13.496633 
 -4138000.0 1.45 1 1 0 13.145807 
 -4139000.0 1.45 1 1 0 12.785531 
 -4140000.0 1.45 1 1 0 12.417488 
 -4141000.0 1.45 1 1 0 12.049417 
 -4142000.0 1.45 1 1 0 11.678357 
 -4143000.0 1.45 1 1 0 11.306400 
 -4144000.0 1.45 1 1 0 10.925138 
 -4145000.0 1.45 1 1 0 10.539024 
 -4146000.0 1.45 1 1 0 10.136059 
 -4147000.0 1.45 1 1 0 9.727139 
 -4148000.0 1.45 1 1 0 9.304586 
 -4149000.0 1.45 1 1 0 8.875536 
 -4150000.0 1.45 1 1 0 8.441192 
 -4151000.0 1.45 1 1 0 8.006106 
 -4152000.0 1.45 1 1 0 7.578872 
 -4153000.0 1.45 1 1 0 7.152045 
 -4154000.0 1.45 1 1 0 6.717066 
 -4155000.0 1.45 1 0 1 6.278758 
 -4156000.0 1.45 1 0 1 5.841238 
 -4157000.0 1.45 1 0 1 5.412127 
 -4158000.0 1.45 1 0 0 4.998501 
 -4154190.5 1.45 1 1 0 6.634278 
 -4154381.0 1.45 1 1 0 6.551346 
 -4154571.4 1.45 1 1 0 6.467848 
 -4154761.9 1.45 1 0 1 6.383878 
 -4154952.4 1.45 1 0 1 6.299489 
 -4155142.9 1.45 1 0 1 6.216621 
 -4155333.3 1.45 1 0 1 6.133492 
 -4155523.8 1.45 1 0 1 6.050125 
 -4155714.3 1.45 1 0 1 5.966601 
 -4155904.8 1.45 1 0 1 5.883013 
 -4156095.2 1.45 1 0 1 5.800044 
 -4156285.7 1.45 1 0 1 5.718003 
 -4156476.2 1.45 1 0 1 5.636077 
 -4156666.7 1.45 1 0 1 5.554359 
 -4156857.1 1.45 1 0 1 5.472938 
 -4157047.6 1.45 1 0 1 5.391914 
 -4157238.1 1.45 1 0 1 5.311376 
 -4157428.6 1.45 1 0 1 5.231582 
 -4157619.0 1.45 1 0 1 5.153163 
 -4157809.5 1.45 1 0 0 5.075438 
 -4100000.0 1.50 1 1 0 23.706473 
 -4101000.0 1.50 1 1 0 23.474433 
 -4102000.0 1.50 1 1 0 23.234464 
 -4103000.0 1.50 1 1 0 23.005380 
 -4104000.0 1.50 1 1 0 22.783471 
 -4105000.0 1.50 1 1 0 22.553981 
 -4106000.0 1.50 1 1 0 22.317788 
 -4107000.0 1.50 1 1 0 22.076413 
 -4108000.0 1.50 1 1 0 21.830044 
 -4109000.0 1.50 1 1 0 21.580052 
 -4110000.0 1.50 1 1 0 21.340069 
 -4111000.0 1.50 1 1 0 21.099496 
 -4112000.0 1.50 1 1 0 20.854427 
 -4113000.0 1.50 1 1 0 20.605052 
 -4114000.0 1.50 1 1 0 20.352379 
 -4115000.0 1.50 1 1 0 20.096365 
 -4116000.0 1.50 1 1 0 19.837860 
 -4117000.0 1.50 1 1 0 19.576646 
 -4118000.0 1.50 1 1 0 19.313294 
 -4119000.0 1.50 1 1 0 19.047573 
 -4120000.0 1.50 1 1 0 18.780032 
 -4121000.0 1.50 1 1 0 18.510599 
 -4122000.0 1.50 1 1 0 18.239154 
 -4123000.0 1.50 1 1 0 17.966097 
 -4124000.0 1.50 1 1 0 17.691128 
 -4125000.0 1.50 1 1 0 17.413528 
 -4126000.0 1.50 1 1 0 17.130348 
 -4127000.0 1.50 1 1 0 16.840758 
 -4128000.0 1.50 1 1 0 16.544618 
 -4129000.0 1.50 1 1 0 16.241085 
 -4130000.0 1.50 1 1 0 15.930007 
 -4131000.0 1.50 1 1 0 15.624166 
 -4132000.0 1.50 1 1 0 15.309537 
 -4133000.0 1.50 1 1 0 14.985863 
 -4134000.0 1.50 1 1 0 14.652950 
 -4135000.0 1.50 1 1 0 14.318708 
 -4136000.0 1.50 1 1 0 13.979860 
 -4137000.0 1.50 1 1 0 13.631166 
 -4138000.0 1.50 1 1 0 13.273891 
 -4139000.0 1.50 1 1 0 12.918429 
 -4140000.0 1.50 1 1 0 12.555407 
 -4141000.0 1.50 1 1 0 12.187380 
 -4142000.0 1.50 1 1 0 11.817651 
 -4143000.0 1.50 1 1 0 11.447493 
 -4144000.0 1.50 1 1 0 11.069708 
 -4145000.0 1.50 1 1 0 10.678001 
 -4146000.0 1.50 1 1 0 10.278188 
 -4147000.0 1.50 1 1 0 9.864634 
 -4148000.0 1.50 1 1 0 9.444624 
 -4149000.0 1.50 1 1 0 9.013690 
 -4150000.0 1.50 1 1 0 8.578926 
 -4151000.0 1.50 1 1 0 8.144822 
 -4152000.0 1.50 1 1 0 7.717916 
 -4153000.0 1.50 1 1 0 7.290092 
 -4154000.0 1.50 1 1 0 6.853140 
 -4155000.0 1.50 1 0 1 6.411496 
 -4156000.0 1.50 1 0 1 5.970617 
 -4157000.0 1.50 1 0 1 5.537000 
 -4158000.0 1.50 1 0 0 5.118337 
 -4154190.5 1.50 1 1 0 6.768568 
 -4154381.0 1.50 1 1 0 6.684720 
 -4154571.4 1.50 1 1 0 6.601237 
 -4154761.9 1.50 1 1 0 6.517208 
 -4154952.4 1.50 1 0 1 6.432689 
 -4155142.9 1.50 1 0 1 6.347782 
 -4155333.3 1.50 1 0 1 6.263938 
 -4155523.8 1.50 1 0 1 6.180345 
 -4155714.3 1.50 1 0 1 6.096531 
 -4155904.8 1.50 1 0 1 6.012590 
 -4156095.2 1.50 1 0 1 5.928635 
 -4156285.7 1.50 1 0 1 5.844765 
 -4156476.2 1.50 1 0 1 5.762406 
 -4156666.7 1.50 1 0 1 5.680201 
 -4156857.1 1.50 1 0 1 5.598244 
 -4157047.6 1.50 1 0 1 5.516636 
 -4157238.1 1.50 1 0 1 5.435472 
 -4157428.6 1.50 1 0 1 5.354864 
 -4157619.0 1.50 1 0 1 5.274889 
 -4157809.5 1.50 1 0 1 5.195977 
