 -4000000.0 0.50 1 1 0 36.978088 
 -4010000.0 0.50 1 1 0 35.530783 
 -4020000.0 0.50 1 1 0 34.006829 
 -4030000.0 0.50 1 1 0 32.456119 
 -4040000.0 0.50 1 1 0 30.853637 
 -4050000.0 0.50 1 1 0 29.194851 
 -4060000.0 0.50 1 1 0 27.442120 
 -4070000.0 0.50 1 1 0 25.652992 
 -4080000.0 0.50 1 1 0 23.769544 
 -4090000.0 0.50 1 1 0 21.756022 
 -4100000.0 0.50 1 1 0 19.586645 
 -4110000.0 0.50 1 1 0 17.203926 
 -4120000.0 0.50 1 1 0 14.611070 
 -4130000.0 0.50 1 1 0 11.592138 
 -4140000.0 0.50 1 1 0 8.147885 
 -4150000.0 0.50 1 0 0 4.437318 
 -4140476.2 0.50 1 1 0 7.973397 
 -4140952.4 0.50 1 1 0 7.796935 
 -4141428.6 0.50 1 1 0 7.623415 
 -4141904.8 0.50 1 1 0 7.448205 
 -4142381.0 0.50 1 1 0 7.272692 
 -4142857.1 0.50 1 1 0 7.094548 
 -4143333.3 0.50 1 1 0 6.913558 
 -4143809.5 0.50 1 1 0 6.732896 
 -4144285.7 0.50 1 1 0 6.549075 
 -4144761.9 0.50 1 1 0 6.366325 
 -4145238.1 0.50 1 1 0 6.181495 
 -4145714.3 0.50 1 0 1 5.998731 
 -4146190.5 0.50 1 0 1 5.815438 
 -4146666.7 0.50 1 0 1 5.634942 
 -4147142.9 0.50 1 0 1 5.457033 
 -4147619.0 0.50 1 0 1 5.282348 
 -4148095.2 0.50 1 0 1 5.111952 
 -4148571.4 0.50 1 0 1 4.943158 
 -4149047.6 0.50 1 0 0 4.773252 
 -4149523.8 0.50 1 0 0 4.604828 
 -4000000.0 0.55 1 1 0 37.295501 
 -4010000.0 0.55 1 1 0 35.815157 
 -4020000.0 0.55 1 1 0 34.326391 
 -4030000.0 0.55 1 1 0 32.775773 
 -4040000.0 0.55 1 1 0 31.149447 
 -4050000.0 0.55 1 1 0 29.464808 
 -4060000.0 0.55 1 1 0 27.765220 
 -4070000.0 0.55 1 1 0 25.997131 
 -4080000.0 0.55 1 1 0 24.105676 
 -4090000.0 0.55 1 1 0 22.091676 
 -4100000.0 0.55 1 1 0 19.905365 
 -4110000.0 0.55 1 1 0 17.551646 
 -4120000.0 0.55 1 1 0 14.958709 
 -4130000.0 0.55 1 1 0 11.953254 
 -4140000.0 0.55 1 1 0 8.525813 
 -4150000.0 0.55 1 0 0 4.749902 
 -4140476.2 0.55 1 1 0 8.352031 
 -4140952.4 0.55 1 1 0 8.176554 
 -4141428.6 0.55 1 1 0 8.003340 
 -4141904.8 0.55 1 1 0 7.826306 
 -4142381.0 0.55 1 1 0 7.647696 
 -4142857.1 0.55 1 1 0 7.467570 
 -4143333.3 0.55 1 1 0 7.283890 
 -4143809.5 0.55 1 1 0 7.100391 
 -4144285.7 0.55 1 1 0 6.914518 
 -4144761.9 0.55 1 1 0 6.727898 
 -4145238.1 0.55 1 1 0 6.540996 
 -4145714.3 0.55 1 1 0 6.354082 
 -4146190.5 0.55 1 1 0 6.167808 
 -4146666.7 0.55 1 0 1 5.983927 
 -4147142.9 0.55 1 0 1 5.801687 
 -4147619.0 0.55 1 0 1 5.623527 
 -4148095.2 0.55 1 0 1 5.449522 
 -4148571.4 0.55 1 0 1 5.273797 
 -4149047.6 0.55 1 0 1 5.099351 
 -4149523.8 0.55 1 0 0 4.924231 
 -4000000.0 0.60 1 1 0 37.554760 
 -4010000.0 0.60 1 1 0 36.110569 
 -4020000.0 0.60 1 1 0 34.588911 
 -4030000.0 0.60 1 1 0 33.020816 
 -4040000.0 0.60 1 1 0 31.459278 
 -4050000.0 0.60 1 1 0 29.810346 
 -4060000.0 0.60 1 1 0 28.111687 
 -4070000.0 0.60 1 1 0 26.297186 
 -4080000.0 0.60 1 1 0 24.405177 
 -4090000.0 0.60 1 1 0 22.380956 
 -4100000.0 0.60 1 1 0 20.199994 
 -4110000.0 0.60 1 1 0 17.872612 
 -4120000.0 0.60 1 1 0 15.270383 
 -4130000.0 0.60 1 1 0 12.295361 
 -4140000.0 0.60 1 1 0 8.874754 
 -4150000.0 0.60 1 0 1 5.046517 
 -4160000.0 0.60 1 0 0 2.015514 
 -4140952.4 0.60 1 1 0 8.526839 
 -4141904.8 0.60 1 1 0 8.174087 
 -4142857.1 0.60 1 1 0 7.810959 
 -4143809.5 0.60 1 1 0 7.439241 
 -4144761.9 0.60 1 1 0 7.062147 
 -4145714.3 0.60 1 1 0 6.683722 
 -4146666.7 0.60 1 1 0 6.309109 
 -4147619.0 0.60 1 0 1 5.944639 
 -4148571.4 0.60 1 0 1 5.586398 
 -4149523.8 0.60 1 0 1 5.226026 
 -4150476.2 0.60 1 0 0 4.867347 
 -4151428.6 0.60 1 0 0 4.517475 
 -4152381.0 0.60 1 0 0 4.179979 
 -4153333.3 0.60 1 0 0 3.864233 
 -4154285.7 0.60 1 0 0 3.560198 
 -4155238.1 0.60 1 0 0 3.266077 
 -4156190.5 0.60 1 0 0 2.983708 
 -4157142.9 0.60 1 0 0 2.716677 
 -4158095.2 0.60 1 0 0 2.469559 
 -4159047.6 0.60 1 0 0 2.238445 
 -4000000.0 0.65 1 1 0 37.863708 
 -4010000.0 0.65 1 1 0 36.380322 
 -4020000.0 0.65 1 1 0 34.881989 
 -4030000.0 0.65 1 1 0 33.345844 
 -4040000.0 0.65 1 1 0 31.716228 
 -4050000.0 0.65 1 1 0 30.097690 
 -4060000.0 0.65 1 1 0 28.371949 
 -4070000.0 0.65 1 1 0 26.603007 
 -4080000.0 0.65 1 1 0 24.691363 
 -4090000.0 0.65 1 1 0 22.649047 
 -4100000.0 0.65 1 1 0 20.497152 
 -4110000.0 0.65 1 1 0 18.178269 
 -4120000.0 0.65 1 1 0 15.553177 
 -4130000.0 0.65 1 1 0 12.609796 
 -4140000.0 0.65 1 1 0 9.199261 
 -4150000.0 0.65 1 0 1 5.327029 
 -4160000.0 0.65 1 0 0 2.163405 
 -4140952.4 0.65 1 1 0 8.851298 
 -4141904.8 0.65 1 1 0 8.495204 
 -4142857.1 0.65 1 1 0 8.128148 
 -4143809.5 0.65 1 1 0 7.753792 
 -4144761.9 0.65 1 1 0 7.374808 
 -4145714.3 0.65 1 1 0 6.993116 
 -4146666.7 0.65 1 1 0 6.614009 
 -4147619.0 0.65 1 1 0 6.245893 
 -4148571.4 0.65 1 0 1 5.879937 
 -4149523.8 0.65 1 0 1 5.511322 
 -4150476.2 0.65 1 0 1 5.143962 
 -4151428.6 0.65 1 0 0 4.782548 
 -4152381.0 0.65 1 0 0 4.434541 
 -4153333.3 0.65 1 0 0 4.106260 
 -4154285.7 0.65 1 0 0 3.790435 
 -4155238.1 0.65 1 0 0 3.482136 
 -4156190.5 0.65 1 0 0 3.186356 
 -4157142.9 0.65 1 0 0 2.905524 
 -4158095.2 0.65 1 0 0 2.644207 
 -4159047.6 0.65 1 0 0 2.399862 
 -4000000.0 0.70 1 1 0 38.034352 
 -4010000.0 0.70 1 1 0 36.628303 
 -4020000.0 0.70 1 1 0 35.137389 
 -4030000.0 0.70 1 1 0 33.594343 
 -4040000.0 0.70 1 1 0 32.056067 
 -4050000.0 0.70 1 1 0 30.408168 
 -4060000.0 0.70 1 1 0 28.678188 
 -4070000.0 0.70 1 1 0 26.841765 
 -4080000.0 0.70 1 1 0 24.925708 
 -4090000.0 0.70 1 1 0 22.926325 
 -4100000.0 0.70 1 1 0 20.790509 
 -4110000.0 0.70 1 1 0 18.444385 
 -4120000.0 0.70 1 1 0 15.813460 
 -4130000.0 0.70 1 1 0 12.903643 
 -4140000.0 0.70 1 1 0 9.500562 
 -4150000.0 0.70 1 0 1 5.593606 
 -4160000.0 0.70 1 0 0 2.308477 
 -4140952.4 0.70 1 1 0 9.152458 
 -4141904.8 0.70 1 1 0 8.792462 
 -4142857.1 0.70 1 1 0 8.423010 
 -4143809.5 0.70 1 1 0 8.047811 
 -4144761.9 0.70 1 1 0 7.666130 
 -4145714.3 0.70 1 1 0 7.282232 
 -4146666.7 0.70 1 1 0 6.901557 
 -4147619.0 0.70 1 1 0 6.530185 
 -4148571.4 0.70 1 0 1 6.158124 
 -4149523.8 0.70 1 0 1 5.781962 
 -4150476.2 0.70 1 0 1 5.405734 
 -4151428.6 0.70 1 0 1 5.035556 
 -4152381.0 0.70 1 0 0 4.678036 
 -4153333.3 0.70 1 0 0 4.339830 
 -4154285.7 0.70 1 0 0 4.012172 
 -4155238.1 0.70 1 0 0 3.691419 
 -4156190.5 0.70 1 0 0 3.382902 
 -4157142.9 0.70 1 0 0 3.089350 
 -4158095.2 0.70 1 0 0 2.815033 
 -4159047.6 0.70 1 0 0 2.557795 
 -4000000.0 0.75 1 1 0 38.392706 
 -4010000.0 0.75 1 1 0 36.943345 
 -4020000.0 0.75 1 1 0 35.461131 
 -4030000.0 0.75 1 1 0 33.907201 
 -4040000.0 0.75 1 1 0 32.312477 
 -4050000.0 0.75 1 1 0 30.620963 
 -4060000.0 0.75 1 1 0 28.906856 
 -4070000.0 0.75 1 1 0 27.102809 
 -4080000.0 0.75 1 1 0 25.194527 
 -4090000.0 0.75 1 1 0 23.182563 
 -4100000.0 0.75 1 1 0 21.031284 
 -4110000.0 0.75 1 1 0 18.683389 
 -4120000.0 0.75 1 1 0 16.064376 
 -4130000.0 0.75 1 1 0 13.174763 
 -4140000.0 0.75 1 1 0 9.783646 
 -4150000.0 0.75 1 0 1 5.846936 
 -4160000.0 0.75 1 0 0 2.450784 
 -4140952.4 0.75 1 1 0 9.431792 
 -4141904.8 0.75 1 1 0 9.068405 
 -4142857.1 0.75 1 1 0 8.699714 
 -4143809.5 0.75 1 1 0 8.321839 
 -4144761.9 0.75 1 1 0 7.938151 
 -4145714.3 0.75 1 1 0 7.553037 
 -4146666.7 0.75 1 1 0 7.172096 
 -4147619.0 0.75 1 1 0 6.798904 
 -4148571.4 0.75 1 1 0 6.420796 
 -4149523.8 0.75 1 0 1 6.038374 
 -4150476.2 0.75 1 0 1 5.655728 
 -4151428.6 0.75 1 0 1 5.277820 
 -4152381.0 0.75 1 0 0 4.910782 
 -4153333.3 0.75 1 0 0 4.564518 
 -4154285.7 0.75 1 0 0 4.225724 
 -4155238.1 0.75 1 0 0 3.894578 
 -4156190.5 0.75 1 0 0 3.573530 
 -4157142.9 0.75 1 0 0 3.268253 
 -4158095.2 0.75 1 0 0 2.982055 
 -4159047.6 0.75 1 0 0 2.712320 
 -4000000.0 0.80 1 1 0 38.646254 
 -4010000.0 0.80 1 1 0 37.156934 
 -4020000.0 0.80 1 1 0 35.683339 
 -4030000.0 0.80 1 1 0 34.176895 
 -4040000.0 0.80 1 1 0 32.524485 
 -4050000.0 0.80 1 1 0 30.891293 
 -4060000.0 0.80 1 1 0 29.144844 
 -4070000.0 0.80 1 1 0 27.322281 
 -4080000.0 0.80 1 1 0 25.416011 
 -4090000.0 0.80 1 1 0 23.441692 
 -4100000.0 0.80 1 1 0 21.286797 
 -4110000.0 0.80 1 1 0 18.916732 
 -4120000.0 0.80 1 1 0 16.309217 
 -4130000.0 0.80 1 1 0 13.424481 
 -4140000.0 0.80 1 1 0 10.047024 
 -4150000.0 0.80 1 0 1 6.087761 
 -4160000.0 0.80 1 0 0 2.590378 
 -4140952.4 0.80 1 1 0 9.690816 
 -4141904.8 0.80 1 1 0 9.329431 
 -4142857.1 0.80 1 1 0 8.957675 
 -4143809.5 0.80 1 1 0 8.577554 
 -4144761.9 0.80 1 1 0 8.194277 
 -4145714.3 0.80 1 1 0 7.809255 
 -4146666.7 0.80 1 1 0 7.427498 
 -4147619.0 0.80 1 1 0 7.052209 
 -4148571.4 0.80 1 1 0 6.670314 
 -4149523.8 0.80 1 1 0 6.282754 
 -4150476.2 0.80 1 0 1 5.893707 
 -4151428.6 0.80 1 0 1 5.508297 
 -4152381.0 0.80 1 0 1 5.135638 
 -4153333.3 0.80 1 0 0 4.780191 
 -4154285.7 0.80 1 0 0 4.432507 
 -4155238.1 0.80 1 0 0 4.091049 
 -4156190.5 0.80 1 0 0 3.758818 
 -4157142.9 0.80 1 0 0 3.442365 
 -4158095.2 0.80 1 0 0 3.145103 
 -4159047.6 0.80 1 0 0 2.863509 
 -4000000.0 0.85 1 1 0 38.840249 
 -4010000.0 0.85 1 1 0 37.440074 
 -4020000.0 0.85 1 1 0 35.926908 
 -4030000.0 0.85 1 1 0 34.362231 
 -4040000.0 0.85 1 1 0 32.795996 
 -4050000.0 0.85 1 1 0 31.113836 
 -4060000.0 0.85 1 1 0 29.375319 
 -4070000.0 0.85 1 1 0 27.561535 
 -4080000.0 0.85 1 1 0 25.681636 
 -4090000.0 0.85 1 1 0 23.656164 
 -4100000.0 0.85 1 1 0 21.490257 
 -4110000.0 0.85 1 1 0 19.117601 
 -4120000.0 0.85 1 1 0 16.549587 
 -4130000.0 0.85 1 1 0 13.657814 
 -4140000.0 0.85 1 1 0 10.291054 
 -4150000.0 0.85 1 1 0 6.318036 
 -4160000.0 0.85 1 0 0 2.727311 
 -4150476.2 0.85 1 0 1 6.120619 
 -4150952.4 0.85 1 0 1 5.924806 
 -4151428.6 0.85 1 0 1 5.730595 
 -4151904.8 0.85 1 0 1 5.538108 
 -4152381.0 0.85 1 0 1 5.350710 
 -4152857.1 0.85 1 0 1 5.168008 
 -4153333.3 0.85 1 0 0 4.988649 
 -4153809.5 0.85 1 0 0 4.810079 
 -4154285.7 0.85 1 0 0 4.632596 
 -4154761.9 0.85 1 0 0 4.455542 
 -4155238.1 0.85 1 0 0 4.281054 
 -4155714.3 0.85 1 0 0 4.109006 
 -4156190.5 0.85 1 0 0 3.939452 
 -4156666.7 0.85 1 0 0 3.773184 
 -4157142.9 0.85 1 0 0 3.611816 
 -4157619.0 0.85 1 0 0 3.455352 
 -4158095.2 0.85 1 0 0 3.304275 
 -4158571.4 0.85 1 0 0 3.157644 
 -4159047.6 0.85 1 0 0 3.011913 
 -4159523.8 0.85 1 0 0 2.868322 
 -4000000.0 0.90 1 1 0 39.167233 
 -4010000.0 0.90 1 1 0 37.715303 
 -4020000.0 0.90 1 1 0 36.196514 
 -4030000.0 0.90 1 1 0 34.603169 
 -4040000.0 0.90 1 1 0 32.995519 
 -4050000.0 0.90 1 1 0 31.289902 
 -4060000.0 0.90 1 1 0 29.564362 
 -4070000.0 0.90 1 1 0 27.788255 
 -4080000.0 0.90 1 1 0 25.890709 
 -4090000.0 0.90 1 1 0 23.890407 
 -4100000.0 0.90 1 1 0 21.704332 
 -4110000.0 0.90 1 1 0 19.332701 
 -4120000.0 0.90 1 1 0 16.767858 
 -4130000.0 0.90 1 1 0 13.882830 
 -4140000.0 0.90 1 1 0 10.523931 
 -4150000.0 0.90 1 1 0 6.536585 
 -4160000.0 0.90 1 0 0 2.861633 
 -4150476.2 0.90 1 1 0 6.338302 
 -4150952.4 0.90 1 0 1 6.139331 
 -4151428.6 0.90 1 0 1 5.942704 
 -4151904.8 0.90 1 0 1 5.748687 
 -4152381.0 0.90 1 0 1 5.557597 
 -4152857.1 0.90 1 0 1 5.371713 
 -4153333.3 0.90 1 0 1 5.189904 
 -4153809.5 0.90 1 0 0 5.006896 
 -4154285.7 0.90 1 0 0 4.825514 
 -4154761.9 0.90 1 0 0 4.644888 
 -4155238.1 0.90 1 0 0 4.465088 
 -4155714.3 0.90 1 0 0 4.288699 
 -4156190.5 0.90 1 0 0 4.114792 
 -4156666.7 0.90 1 0 0 3.943938 
 -4157142.9 0.90 1 0 0 3.776980 
 -4157619.0 0.90 1 0 0 3.615535 
 -4158095.2 0.90 1 0 0 3.459661 
 -4158571.4 0.90 1 0 0 3.308179 
 -4159047.6 0.90 1 0 0 3.157373 
 -4159523.8 0.90 1 0 0 3.007926 
 -4000000.0 0.95 1 1 0 39.413808 
 -4010000.0 0.95 1 1 0 37.915080 
 -4020000.0 0.95 1 1 0 36.394184 
 -4030000.0 0.95 1 1 0 34.838897 
 -4040000.0 0.95 1 1 0 33.173225 
 -4050000.0 0.95 1 1 0 31.544279 
 -4060000.0 0.95 1 1 0 29.818209 
 -4070000.0 0.95 1 1 0 27.994307 
 -4080000.0 0.95 1 1 0 26.110644 
 -4090000.0 0.95 1 1 0 24.077802 
 -4100000.0 0.95 1 1 0 21.889250 
 -4110000.0 0.95 1 1 0 19.526287 
 -4120000.0 0.95 1 1 0 16.991462 
 -4130000.0 0.95 1 1 0 14.090099 
 -4140000.0 0.95 1 1 0 10.741338 
 -4150000.0 0.95 1 1 0 6.747287 
 -4160000.0 0.95 1 0 0 2.993393 
 -4150476.2 0.95 1 1 0 6.545029 
 -4150952.4 0.95 1 1 0 6.345736 
 -4151428.6 0.95 1 0 1 6.146285 
 -4151904.8 0.95 1 0 1 5.949885 
 -4152381.0 0.95 1 0 1 5.757456 
 -4152857.1 0.95 1 0 1 5.569320 
 -4153333.3 0.95 1 0 1 5.383336 
 -4153809.5 0.95 1 0 1 5.197897 
 -4154285.7 0.95 1 0 0 5.011519 
 -4154761.9 0.95 1 0 0 4.827826 
 -4155238.1 0.95 1 0 0 4.644555 
 -4155714.3 0.95 1 0 0 4.462810 
 -4156190.5 0.95 1 0 0 4.284994 
 -4156666.7 0.95 1 0 0 4.109972 
 -4157142.9 0.95 1 0 0 3.938649 
 -4157619.0 0.95 1 0 0 3.771927 
 -4158095.2 0.95 1 0 0 3.611354 
 -4158571.4 0.95 1 0 0 3.455345 
 -4159047.6 0.95 1 0 0 3.299770 
 -4159523.8 0.95 1 0 0 3.145281 
 -4000000.0 1.00 1 1 0 39.589766 
 -4010000.0 1.00 1 1 0 38.048939 
 -4020000.0 1.00 1 1 0 36.529012 
 -4030000.0 1.00 1 1 0 35.013849 
 -4040000.0 1.00 1 1 0 33.422482 
 -4050000.0 1.00 1 1 0 31.743850 
 -4060000.0 1.00 1 1 0 30.020664 
 -4070000.0 1.00 1 1 0 28.232162 
 -4080000.0 1.00 1 1 0 26.318286 
 -4090000.0 1.00 1 1 0 24.258835 
 -4100000.0 1.00 1 1 0 22.071531 
 -4110000.0 1.00 1 1 0 19.726341 
 -4120000.0 1.00 1 1 0 17.184556 
 -4130000.0 1.00 1 1 0 14.291872 
 -4140000.0 1.00 1 1 0 10.946653 
 -4150000.0 1.00 1 1 0 6.947059 
 -4160000.0 1.00 1 0 0 3.122641 
 -4150476.2 1.00 1 1 0 6.745393 
 -4150952.4 1.00 1 1 0 6.542202 
 -4151428.6 1.00 1 1 0 6.342573 
 -4151904.8 1.00 1 0 1 6.143929 
 -4152381.0 1.00 1 0 1 5.948904 
 -4152857.1 1.00 1 0 1 5.759611 
 -4153333.3 1.00 1 0 1 5.570455 
 -4153809.5 1.00 1 0 1 5.381880 
 -4154285.7 1.00 1 0 1 5.193051 
 -4154761.9 1.00 1 0 0 5.004572 
 -4155238.1 1.00 1 0 0 4.818288 
 -4155714.3 1.00 1 0 0 4.632957 
 -4156190.5 1.00 1 0 0 4.450209 
 -4156666.7 1.00 1 0 0 4.271418 
 -4157142.9 1.00 1 0 0 4.096105 
 -4157619.0 1.00 1 0 0 3.925236 
 -4158095.2 1.00 1 0 0 3.759785 
 -4158571.4 1.00 1 0 0 3.599217 
 -4159047.6 1.00 1 0 0 3.439169 
 -4159523.8 1.00 1 0 0 3.279979 
 -4100000.0 0.50 1 1 0 19.586645 
 -4101000.0 0.50 1 1 0 19.359687 
 -4102000.0 0.50 1 1 0 19.129243 
 -4103000.0 0.50 1 1 0 18.895845 
 -4104000.0 0.50 1 1 0 18.659708 
 -4105000.0 0.50 1 1 0 18.421251 
 -4106000.0 0.50 1 1 0 18.180555 
 -4107000.0 0.50 1 1 0 17.937824 
 -4108000.0 0.50 1 1 0 17.693063 
 -4109000.0 0.50 1 1 0 17.449464 
 -4110000.0 0.50 1 1 0 17.203926 
 -4111000.0 0.50 1 1 0 16.956062 
 -4112000.0 0.50 1 1 0 16.705911 
 -4113000.0 0.50 1 1 0 16.453589 
 -4114000.0 0.50 1 1 0 16.199422 
 -4115000.0 0.50 1 1 0 15.943391 
 -4116000.0 0.50 1 1 0 15.683522 
 -4117000.0 0.50 1 1 0 15.418551 
 -4118000.0 0.50 1 1 0 15.152520 
 -4119000.0 0.50 1 1 0 14.884724 
 -4120000.0 0.50 1 1 0 14.611070 
 -4121000.0 0.50 1 1 0 14.331187 
 -4122000.0 0.50 1 1 0 14.044870 
 -4123000.0 0.50 1 1 0 13.752028 
 -4124000.0 0.50 1 1 0 13.458844 
 -4125000.0 0.50 1 1 0 13.161170 
 -4126000.0 0.50 1 1 0 12.856491 
 -4127000.0 0.50 1 1 0 12.545161 
 -4128000.0 0.50 1 1 0 12.229850 
 -4129000.0 0.50 1 1 0 11.913514 
 -4130000.0 0.50 1 1 0 11.592138 
 -4131000.0 0.50 1 1 0 11.267499 
 -4132000.0 0.50 1 1 0 10.941887 
 -4133000.0 0.50 1 1 0 10.614499 
 -4134000.0 0.50 1 1 0 10.283506 
 -4135000.0 0.50 1 1 0 9.943925 
 -4136000.0 0.50 1 1 0 9.594807 
 -4137000.0 0.50 1 1 0 9.242669 
 -4138000.0 0.50 1 1 0 8.882473 
 -4139000.0 0.50 1 1 0 8.516393 
 -4140000.0 0.50 1 1 0 8.147885 
 -4141000.0 0.50 1 1 0 7.779654 
 -4142000.0 0.50 1 1 0 7.413661 
 -4143000.0 0.50 1 1 0 7.040828 
 -4144000.0 0.50 1 1 0 6.659598 
 -4145000.0 0.50 1 1 0 6.273915 
 -4146000.0 0.50 1 0 1 5.888725 
 -4147000.0 0.50 1 0 1 5.510136 
 -4148000.0 0.50 1 0 1 5.145511 
 -4149000.0 0.50 1 0 0 4.790268 
 -4145190.5 0.50 1 1 0 6.199692 
 -4145381.0 0.50 1 0 1 6.126800 
 -4145571.4 0.50 1 0 1 6.053676 
 -4145761.9 0.50 1 0 1 5.980402 
 -4145952.4 0.50 1 0 1 5.907060 
 -4146142.9 0.50 1 0 1 5.833751 
 -4146333.3 0.50 1 0 1 5.760585 
 -4146523.8 0.50 1 0 1 5.688715 
 -4146714.3 0.50 1 0 1 5.617049 
 -4146904.8 0.50 1 0 1 5.545679 
 -4147095.2 0.50 1 0 1 5.474704 
 -4147285.7 0.50 1 0 1 5.404218 
 -4147476.2 0.50 1 0 1 5.334321 
 -4147666.7 0.50 1 0 1 5.265116 
 -4147857.1 0.50 1 0 1 5.196688 
 -4148047.6 0.50 1 0 1 5.128740 
 -4148238.1 0.50 1 0 1 5.061477 
 -4148428.6 0.50 1 0 1 4.993949 
 -4148619.0 0.50 1 0 1 4.926205 
 -4148809.5 0.50 1 0 0 4.858294 
 -4100000.0 0.55 1 1 0 19.905365 
 -4101000.0 0.55 1 1 0 19.681319 
 -4102000.0 0.55 1 1 0 19.453312 
 -4103000.0 0.55 1 1 0 19.222006 
 -4104000.0 0.55 1 1 0 18.987686 
 -4105000.0 0.55 1 1 0 18.750903 
 -4106000.0 0.55 1 1 0 18.511851 
 -4107000.0 0.55 1 1 0 18.270868 
 -4108000.0 0.55 1 1 0 18.031301 
 -4109000.0 0.55 1 1 0 17.792674 
 -4110000.0 0.55 1 1 0 17.551646 
 -4111000.0 0.55 1 1 0 17.308463 
 -4112000.0 0.55 1 1 0 17.061836 
 -4113000.0 0.55 1 1 0 16.811303 
 -4114000.0 0.55 1 1 0 16.556836 
 -4115000.0 0.55 1 1 0 16.298097 
 -4116000.0 0.55 1 1 0 16.034992 
 -4117000.0 0.55 1 1 0 15.771925 
 -4118000.0 0.55 1 1 0 15.505974 
 -4119000.0 0.55 1 1 0 15.234972 
 -4120000.0 0.55 1 1 0 14.958709 
 -4121000.0 0.55 1 1 0 14.676966 
 -4122000.0 0.55 1 1 0 14.389578 
 -4123000.0 0.55 1 1 0 14.096562 
 -4124000.0 0.55 1 1 0 13.802616 
 -4125000.0 0.55 1 1 0 13.505817 
 -4126000.0 0.55 1 1 0 13.203223 
 -4127000.0 0.55 1 1 0 12.895330 
 -4128000.0 0.55 1 1 0 12.583125 
 -4129000.0 0.55 1 1 0 12.267806 
 -4130000.0 0.55 1 1 0 11.953254 
 -4131000.0 0.55 1 1 0 11.637708 
 -4132000.0 0.55 1 1 0 11.319868 
 -4133000.0 0.55 1 1 0 10.992225 
 -4134000.0 0.55 1 1 0 10.659126 
 -4135000.0 0.55 1 1 0 10.319619 
 -4136000.0 0.55 1 1 0 9.970606 
 -4137000.0 0.55 1 1 0 9.617445 
 -4138000.0 0.55 1 1 0 9.258298 
 -4139000.0 0.55 1 1 0 8.893464 
 -4140000.0 0.55 1 1 0 8.525813 
 -4141000.0 0.55 1 1 0 8.158901 
 -4142000.0 0.55 1 1 0 7.791197 
 -4143000.0 0.55 1 1 0 7.412836 
 -4144000.0 0.55 1 1 0 7.025556 
 -4145000.0 0.55 1 1 0 6.633707 
 -4146000.0 0.55 1 1 0 6.241460 
 -4147000.0 0.55 1 0 1 5.856088 
 -4148000.0 0.55 1 0 1 5.484403 
 -4149000.0 0.55 1 0 1 5.116818 
 -4150000.0 0.55 1 0 0 4.749902 
 -4146190.5 0.55 1 1 0 6.167808 
 -4146381.0 0.55 1 0 1 6.094162 
 -4146571.4 0.55 1 0 1 6.020623 
 -4146761.9 0.55 1 0 1 5.947294 
 -4146952.4 0.55 1 0 1 5.874280 
 -4147142.9 0.55 1 0 1 5.801687 
 -4147333.3 0.55 1 0 1 5.729620 
 -4147523.8 0.55 1 0 1 5.658628 
 -4147714.3 0.55 1 0 1 5.588594 
 -4147904.8 0.55 1 0 1 5.519178 
 -4148095.2 0.55 1 0 1 5.449522 
 -4148285.7 0.55 1 0 1 5.379475 
 -4148476.2 0.55 1 0 1 5.309095 
 -4148666.7 0.55 1 0 1 5.238730 
 -4148857.1 0.55 1 0 1 5.169152 
 -4149047.6 0.55 1 0 1 5.099351 
 -4149238.1 0.55 1 0 1 5.029381 
 -4149428.6 0.55 1 0 1 4.959296 
 -4149619.0 0.55 1 0 0 4.889160 
 -4149809.5 0.55 1 0 0 4.819033 
 -4100000.0 0.60 1 1 0 20.199994 
 -4101000.0 0.60 1 1 0 19.981100 
 -4102000.0 0.60 1 1 0 19.757684 
 -4103000.0 0.60 1 1 0 19.530553 
 -4104000.0 0.60 1 1 0 19.300064 
 -4105000.0 0.60 1 1 0 19.066882 
 -4106000.0 0.60 1 1 0 18.831280 
 -4107000.0 0.60 1 1 0 18.593703 
 -4108000.0 0.60 1 1 0 18.354276 
 -4109000.0 0.60 1 1 0 18.114124 
 -4110000.0 0.60 1 1 0 17.872612 
 -4111000.0 0.60 1 1 0 17.627450 
 -4112000.0 0.60 1 1 0 17.378574 
 -4113000.0 0.60 1 1 0 17.127934 
 -4114000.0 0.60 1 1 0 16.874190 
 -4115000.0 0.60 1 1 0 16.616957 
 -4116000.0 0.60 1 1 0 16.356093 
 -4117000.0 0.60 1 1 0 16.091192 
 -4118000.0 0.60 1 1 0 15.822134 
 -4119000.0 0.60 1 1 0 15.548554 
 -4120000.0 0.60 1 1 0 15.270383 
 -4121000.0 0.60 1 1 0 14.987557 
 -4122000.0 0.60 1 1 0 14.699939 
 -4123000.0 0.60 1 1 0 14.407754 
 -4124000.0 0.60 1 1 0 14.116024 
 -4125000.0 0.60 1 1 0 13.820878 
 -4126000.0 0.60 1 1 0 13.521311 
 -4127000.0 0.60 1 1 0 13.218022 
 -4128000.0 0.60 1 1 0 12.912210 
 -4129000.0 0.60 1 1 0 12.605075 
 -4130000.0 0.60 1 1 0 12.295361 
 -4131000.0 0.60 1 1 0 11.982404 
 -4132000.0 0.60 1 1 0 11.663603 
 -4133000.0 0.60 1 1 0 11.334851 
 -4134000.0 0.60 1 1 0 11.001408 
 -4135000.0 0.60 1 1 0 10.661816 
 -4136000.0 0.60 1 1 0 10.313175 
 -4137000.0 0.60 1 1 0 9.960308 
 -4138000.0 0.60 1 1 0 9.602637 
 -4139000.0 0.60 1 1 0 9.239808 
 -4140000.0 0.60 1 1 0 8.874754 
 -4141000.0 0.60 1 1 0 8.509239 
 -4142000.0 0.60 1 1 0 8.138374 
 -4143000.0 0.60 1 1 0 7.755222 
 -4144000.0 0.60 1 1 0 7.364146 
 -4145000.0 0.60 1 1 0 6.968561 
 -4146000.0 0.60 1 1 0 6.571436 
 -4147000.0 0.60 1 1 0 6.179388 
 -4148000.0 0.60 1 0 1 5.801421 
 -4149000.0 0.60 1 0 1 5.423980 
 -4150000.0 0.60 1 0 1 5.046517 
 -4151000.0 0.60 1 0 0 4.673961 
 -4147190.5 0.60 1 0 1 6.106582 
 -4147381.0 0.60 1 0 1 6.034238 
 -4147571.4 0.60 1 0 1 5.962474 
 -4147761.9 0.60 1 0 1 5.891177 
 -4147952.4 0.60 1 0 1 5.819438 
 -4148142.9 0.60 1 0 1 5.747187 
 -4148333.3 0.60 1 0 1 5.675836 
 -4148523.8 0.60 1 0 1 5.604337 
 -4148714.3 0.60 1 0 1 5.532441 
 -4148904.8 0.60 1 0 1 5.460204 
 -4149095.2 0.60 1 0 1 5.387699 
 -4149285.7 0.60 1 0 1 5.315526 
 -4149476.2 0.60 1 0 1 5.243947 
 -4149666.7 0.60 1 0 1 5.172217 
 -4149857.1 0.60 1 0 1 5.100400 
 -4150047.6 0.60 1 0 1 5.028558 
 -4150238.1 0.60 1 0 1 4.956758 
 -4150428.6 0.60 1 0 0 4.885070 
 -4150619.0 0.60 1 0 0 4.814449 
 -4150809.5 0.60 1 0 0 4.744080 
 -4100000.0 0.65 1 1 0 20.497152 
 -4101000.0 0.65 1 1 0 20.269610 
 -4102000.0 0.65 1 1 0 20.052208 
 -4103000.0 0.65 1 1 0 19.830259 
 -4104000.0 0.65 1 1 0 19.604088 
 -4105000.0 0.65 1 1 0 19.374320 
 -4106000.0 0.65 1 1 0 19.141130 
 -4107000.0 0.65 1 1 0 18.904870 
 -4108000.0 0.65 1 1 0 18.665489 
 -4109000.0 0.65 1 1 0 18.423322 
 -4110000.0 0.65 1 1 0 18.178269 
 -4111000.0 0.65 1 1 0 17.930508 
 -4112000.0 0.65 1 1 0 17.679821 
 -4113000.0 0.65 1 1 0 17.426007 
 -4114000.0 0.65 1 1 0 17.169120 
 -4115000.0 0.65 1 1 0 16.908858 
 -4116000.0 0.65 1 1 0 16.645235 
 -4117000.0 0.65 1 1 0 16.377938 
 -4118000.0 0.65 1 1 0 16.106938 
 -4119000.0 0.65 1 1 0 15.831964 
 -4120000.0 0.65 1 1 0 15.553177 
 -4121000.0 0.65 1 1 0 15.270572 
 -4122000.0 0.65 1 1 0 14.984136 
 -4123000.0 0.65 1 1 0 14.696057 
 -4124000.0 0.65 1 1 0 14.407221 
 -4125000.0 0.65 1 1 0 14.115000 
 -4126000.0 0.65 1 1 0 13.819935 
 -4127000.0 0.65 1 1 0 13.522889 
 -4128000.0 0.65 1 1 0 13.224975 
 -4129000.0 0.65 1 1 0 12.921628 
 -4130000.0 0.65 1 1 0 12.609796 
 -4131000.0 0.65 1 1 0 12.298730 
 -4132000.0 0.65 1 1 0 11.978002 
 -4133000.0 0.65 1 1 0 11.647901 
 -4134000.0 0.65 1 1 0 11.315930 
 -4135000.0 0.65 1 1 0 10.976119 
 -4136000.0 0.65 1 1 0 10.627946 
 -4137000.0 0.65 1 1 0 10.276819 
 -4138000.0 0.65 1 1 0 9.920986 
 -4139000.0 0.65 1 1 0 9.560813 
 -4140000.0 0.65 1 1 0 9.199261 
 -4141000.0 0.65 1 1 0 8.834039 
 -4142000.0 0.65 1 1 0 8.458816 
 -4143000.0 0.65 1 1 0 8.071756 
 -4144000.0 0.65 1 1 0 7.679076 
 -4145000.0 0.65 1 1 0 7.279743 
 -4146000.0 0.65 1 1 0 6.879137 
 -4147000.0 0.65 1 1 0 6.484085 
 -4148000.0 0.65 1 0 1 6.100246 
 -4149000.0 0.65 1 0 1 5.714472 
 -4150000.0 0.65 1 0 1 5.327029 
 -4151000.0 0.65 1 0 0 4.943367 
 -4147190.5 0.65 1 1 0 6.410320 
 -4147381.0 0.65 1 1 0 6.337059 
 -4147571.4 0.65 1 1 0 6.264183 
 -4147761.9 0.65 1 0 1 6.190750 
 -4147952.4 0.65 1 0 1 6.118370 
 -4148142.9 0.65 1 0 1 6.045637 
 -4148333.3 0.65 1 0 1 5.972317 
 -4148523.8 0.65 1 0 1 5.898472 
 -4148714.3 0.65 1 0 1 5.824189 
 -4148904.8 0.65 1 0 1 5.751146 
 -4149095.2 0.65 1 0 1 5.677708 
 -4149285.7 0.65 1 0 1 5.603925 
 -4149476.2 0.65 1 0 1 5.529870 
 -4149666.7 0.65 1 0 1 5.455615 
 -4149857.1 0.65 1 0 1 5.381902 
 -4150047.6 0.65 1 0 1 5.308727 
 -4150238.1 0.65 1 0 1 5.235487 
 -4150428.6 0.65 1 0 1 5.162258 
 -4150619.0 0.65 1 0 1 5.089115 
 -4150809.5 0.65 1 0 1 5.016125 
 -4100000.0 0.70 1 1 0 20.790509 
 -4101000.0 0.70 1 1 0 20.566311 
 -4102000.0 0.70 1 1 0 20.337900 
 -4103000.0 0.70 1 1 0 20.106082 
 -4104000.0 0.70 1 1 0 19.871182 
 -4105000.0 0.70 1 1 0 19.635974 
 -4106000.0 0.70 1 1 0 19.405210 
 -4107000.0 0.70 1 1 0 19.170502 
 -4108000.0 0.70 1 1 0 18.931883 
 -4109000.0 0.70 1 1 0 18.689846 
 -4110000.0 0.70 1 1 0 18.444385 
 -4111000.0 0.70 1 1 0 18.195833 
 -4112000.0 0.70 1 1 0 17.944070 
 -4113000.0 0.70 1 1 0 17.688993 
 -4114000.0 0.70 1 1 0 17.430805 
 -4115000.0 0.70 1 1 0 17.169316 
 -4116000.0 0.70 1 1 0 16.904726 
 -4117000.0 0.70 1 1 0 16.636775 
 -4118000.0 0.70 1 1 0 16.365577 
 -4119000.0 0.70 1 1 0 16.091020 
 -4120000.0 0.70 1 1 0 15.813460 
 -4121000.0 0.70 1 1 0 15.532960 
 -4122000.0 0.70 1 1 0 15.252186 
 -4123000.0 0.70 1 1 0 14.969164 
 -4124000.0 0.70 1 1 0 14.683516 
 -4125000.0 0.70 1 1 0 14.396030 
 -4126000.0 0.70 1 1 0 14.107264 
 -4127000.0 0.70 1 1 0 13.816171 
 -4128000.0 0.70 1 1 0 13.517604 
 -4129000.0 0.70 1 1 0 13.210780 
 -4130000.0 0.70 1 1 0 12.903643 
 -4131000.0 0.70 1 1 0 12.589787 
 -4132000.0 0.70 1 1 0 12.266904 
 -4133000.0 0.70 1 1 0 11.938155 
 -4134000.0 0.70 1 1 0 11.606795 
 -4135000.0 0.70 1 1 0 11.266750 
 -4136000.0 0.70 1 1 0 10.919239 
 -4137000.0 0.70 1 1 0 10.571321 
 -4138000.0 0.70 1 1 0 10.217727 
 -4139000.0 0.70 1 1 0 9.860874 
 -4140000.0 0.70 1 1 0 9.500562 
 -4141000.0 0.70 1 1 0 9.134815 
 -4142000.0 0.70 1 1 0 8.755311 
 -4143000.0 0.70 1 1 0 8.367923 
 -4144000.0 0.70 1 1 0 7.971891 
 -4145000.0 0.70 1 1 0 7.569677 
 -4146000.0 0.70 1 1 0 7.166817 
 -4147000.0 0.70 1 1 0 6.770353 
 -4148000.0 0.70 1 1 0 6.382191 
 -4149000.0 0.70 1 0 1 5.988928 
 -4150000.0 0.70 1 0 1 5.593606 
 -4151000.0 0.70 1 0 1 5.201484 
 -4152000.0 0.70 1 0 0 4.818874 
 -4148190.5 0.70 1 1 0 6.307112 
 -4148381.0 0.70 1 1 0 6.232429 
 -4148571.4 0.70 1 0 1 6.158124 
 -4148761.9 0.70 1 0 1 6.083240 
 -4148952.4 0.70 1 0 1 6.007846 
 -4149142.9 0.70 1 0 1 5.932025 
 -4149333.3 0.70 1 0 1 5.856845 
 -4149523.8 0.70 1 0 1 5.781962 
 -4149714.3 0.70 1 0 1 5.706781 
 -4149904.8 0.70 1 0 1 5.631371 
 -4150095.2 0.70 1 0 1 5.555811 
 -4150285.7 0.70 1 0 1 5.480174 
 -4150476.2 0.70 1 0 1 5.405734 
 -4150666.7 0.70 1 0 1 5.331374 
 -4150857.1 0.70 1 0 1 5.257092 
 -4151047.6 0.70 1 0 1 5.182974 
 -4151238.1 0.70 1 0 1 5.109104 
 -4151428.6 0.70 1 0 1 5.035556 
 -4151619.0 0.70 1 0 0 4.962422 
 -4151809.5 0.70 1 0 0 4.890219 
 -4100000.0 0.75 1 1 0 21.031284 
 -4101000.0 0.75 1 1 0 20.814688 
 -4102000.0 0.75 1 1 0 20.593092 
 -4103000.0 0.75 1 1 0 20.366621 
 -4104000.0 0.75 1 1 0 20.135713 
 -4105000.0 0.75 1 1 0 19.901147 
 -4106000.0 0.75 1 1 0 19.663173 
 -4107000.0 0.75 1 1 0 19.422272 
 -4108000.0 0.75 1 1 0 19.178451 
 -4109000.0 0.75 1 1 0 18.932167 
 -4110000.0 0.75 1 1 0 18.683389 
 -4111000.0 0.75 1 1 0 18.432423 
 -4112000.0 0.75 1 1 0 18.179118 
 -4113000.0 0.75 1 1 0 17.923336 
 -4114000.0 0.75 1 1 0 17.665258 
 -4115000.0 0.75 1 1 0 17.404709 
 -4116000.0 0.75 1 1 0 17.141813 
 -4117000.0 0.75 1 1 0 16.876272 
 -4118000.0 0.75 1 1 0 16.608169 
 -4119000.0 0.75 1 1 0 16.337457 
 -4120000.0 0.75 1 1 0 16.064376 
 -4121000.0 0.75 1 1 0 15.788968 
 -4122000.0 0.75 1 1 0 15.511480 
 -4123000.0 0.75 1 1 0 15.232368 
 -4124000.0 0.75 1 1 0 14.951969 
 -4125000.0 0.75 1 1 0 14.670151 
 -4126000.0 0.75 1 1 0 14.382181 
 -4127000.0 0.75 1 1 0 14.086992 
 -4128000.0 0.75 1 1 0 13.784452 
 -4129000.0 0.75 1 1 0 13.483116 
 -4130000.0 0.75 1 1 0 13.174763 
 -4131000.0 0.75 1 1 0 12.858031 
 -4132000.0 0.75 1 1 0 12.533378 
 -4133000.0 0.75 1 1 0 12.209428 
 -4134000.0 0.75 1 1 0 11.877044 
 -4135000.0 0.75 1 1 0 11.536943 
 -4136000.0 0.75 1 1 0 11.193633 
 -4137000.0 0.75 1 1 0 10.847274 
 -4138000.0 0.75 1 1 0 10.496440 
 -4139000.0 0.75 1 1 0 10.143020 
 -4140000.0 0.75 1 1 0 9.783646 
 -4141000.0 0.75 1 1 0 9.413693 
 -4142000.0 0.75 1 1 0 9.032669 
 -4143000.0 0.75 1 1 0 8.643590 
 -4144000.0 0.75 1 1 0 8.244675 
 -4145000.0 0.75 1 1 0 7.841519 
 -4146000.0 0.75 1 1 0 7.437950 
 -4147000.0 0.75 1 1 0 7.040053 
 -4148000.0 0.75 1 1 0 6.647927 
 -4149000.0 0.75 1 1 0 6.249254 
 -4150000.0 0.75 1 0 1 5.846936 
 -4151000.0 0.75 1 0 1 5.446409 
 -4152000.0 0.75 1 0 1 5.055859 
 -4153000.0 0.75 1 0 0 4.683588 
 -4149190.5 0.75 1 0 1 6.172973 
 -4149381.0 0.75 1 0 1 6.096210 
 -4149571.4 0.75 1 0 1 6.019053 
 -4149761.9 0.75 1 0 1 5.942100 
 -4149952.4 0.75 1 0 1 5.866001 
 -4150142.9 0.75 1 0 1 5.789659 
 -4150333.3 0.75 1 0 1 5.713156 
 -4150523.8 0.75 1 0 1 5.636581 
 -4150714.3 0.75 1 0 1 5.560010 
 -4150904.8 0.75 1 0 1 5.484002 
 -4151095.2 0.75 1 0 1 5.408851 
 -4151285.7 0.75 1 0 1 5.333880 
 -4151476.2 0.75 1 0 1 5.259174 
 -4151666.7 0.75 1 0 1 5.184827 
 -4151857.1 0.75 1 0 1 5.110932 
 -4152047.6 0.75 1 0 1 5.037575 
 -4152238.1 0.75 1 0 0 4.964852 
 -4152428.6 0.75 1 0 0 4.892857 
 -4152619.0 0.75 1 0 0 4.822212 
 -4152809.5 0.75 1 0 0 4.752432 
 -4100000.0 0.80 1 1 0 21.286797 
 -4101000.0 0.80 1 1 0 21.059407 
 -4102000.0 0.80 1 1 0 20.827272 
 -4103000.0 0.80 1 1 0 20.591332 
 -4104000.0 0.80 1 1 0 20.352017 
 -4105000.0 0.80 1 1 0 20.118484 
 -4106000.0 0.80 1 1 0 19.885573 
 -4107000.0 0.80 1 1 0 19.648680 
 -4108000.0 0.80 1 1 0 19.407918 
 -4109000.0 0.80 1 1 0 19.163910 
 -4110000.0 0.80 1 1 0 18.916732 
 -4111000.0 0.80 1 1 0 18.666867 
 -4112000.0 0.80 1 1 0 18.414282 
 -4113000.0 0.80 1 1 0 18.158960 
 -4114000.0 0.80 1 1 0 17.901298 
 -4115000.0 0.80 1 1 0 17.641200 
 -4116000.0 0.80 1 1 0 17.378953 
 -4117000.0 0.80 1 1 0 17.114379 
 -4118000.0 0.80 1 1 0 16.847799 
 -4119000.0 0.80 1 1 0 16.579285 
 -4120000.0 0.80 1 1 0 16.309217 
 -4121000.0 0.80 1 1 0 16.037775 
 -4122000.0 0.80 1 1 0 15.765195 
 -4123000.0 0.80 1 1 0 15.490722 
 -4124000.0 0.80 1 1 0 15.210636 
 -4125000.0 0.80 1 1 0 14.924508 
 -4126000.0 0.80 1 1 0 14.631901 
 -4127000.0 0.80 1 1 0 14.337043 
 -4128000.0 0.80 1 1 0 14.040495 
 -4129000.0 0.80 1 1 0 13.736301 
 -4130000.0 0.80 1 1 0 13.424481 
 -4131000.0 0.80 1 1 0 13.105659 
 -4132000.0 0.80 1 1 0 12.787886 
 -4133000.0 0.80 1 1 0 12.462130 
 -4134000.0 0.80 1 1 0 12.128981 
 -4135000.0 0.80 1 1 0 11.790902 
 -4136000.0 0.80 1 1 0 11.451838 
 -4137000.0 0.80 1 1 0 11.107515 
 -4138000.0 0.80 1 1 0 10.760044 
 -4139000.0 0.80 1 1 0 10.406997 
 -4140000.0 0.80 1 1 0 10.047024 
 -4141000.0 0.80 1 1 0 9.672879 
 -4142000.0 0.80 1 1 0 9.292846 
 -4143000.0 0.80 1 1 0 8.900412 
 -4144000.0 0.80 1 1 0 8.501895 
 -4145000.0 0.80 1 1 0 8.098748 
 -4146000.0 0.80 1 1 0 7.694751 
 -4147000.0 0.80 1 1 0 7.297357 
 -4148000.0 0.80 1 1 0 6.900853 
 -4149000.0 0.80 1 1 0 6.496156 
 -4150000.0 0.80 1 0 1 6.087761 
 -4151000.0 0.80 1 0 1 5.681188 
 -4152000.0 0.80 1 0 1 5.283153 
 -4153000.0 0.80 1 0 0 4.902659 
 -4149190.5 0.80 1 1 0 6.417770 
 -4149381.0 0.80 1 1 0 6.340765 
 -4149571.4 0.80 1 1 0 6.263360 
 -4149761.9 0.80 1 0 1 6.185530 
 -4149952.4 0.80 1 0 1 6.107350 
 -4150142.9 0.80 1 0 1 6.028908 
 -4150333.3 0.80 1 0 1 5.951591 
 -4150523.8 0.80 1 0 1 5.874396 
 -4150714.3 0.80 1 0 1 5.797105 
 -4150904.8 0.80 1 0 1 5.719807 
 -4151095.2 0.80 1 0 1 5.642605 
 -4151285.7 0.80 1 0 1 5.565588 
 -4151476.2 0.80 1 0 1 5.489411 
 -4151666.7 0.80 1 0 1 5.414057 
 -4151857.1 0.80 1 0 1 5.339081 
 -4152047.6 0.80 1 0 1 5.264577 
 -4152238.1 0.80 1 0 1 5.190648 
 -4152428.6 0.80 1 0 1 5.117394 
 -4152619.0 0.80 1 0 1 5.044916 
 -4152809.5 0.80 1 0 0 4.973319 
 -4100000.0 0.85 1 1 0 21.490257 
 -4101000.0 0.85 1 1 0 21.261589 
 -4102000.0 0.85 1 1 0 21.039626 
 -4103000.0 0.85 1 1 0 20.812189 
 -4104000.0 0.85 1 1 0 20.579815 
 -4105000.0 0.85 1 1 0 20.343465 
 -4106000.0 0.85 1 1 0 20.103506 
 -4107000.0 0.85 1 1 0 19.860533 
 -4108000.0 0.85 1 1 0 19.614647 
 -4109000.0 0.85 1 1 0 19.366429 
 -4110000.0 0.85 1 1 0 19.117601 
 -4111000.0 0.85 1 1 0 18.871892 
 -4112000.0 0.85 1 1 0 18.623030 
 -4113000.0 0.85 1 1 0 18.371158 
 -4114000.0 0.85 1 1 0 18.116825 
 -4115000.0 0.85 1 1 0 17.860055 
 -4116000.0 0.85 1 1 0 17.601323 
 -4117000.0 0.85 1 1 0 17.340592 
 -4118000.0 0.85 1 1 0 17.078315 
 -4119000.0 0.85 1 1 0 16.814596 
 -4120000.0 0.85 1 1 0 16.549587 
 -4121000.0 0.85 1 1 0 16.280559 
 -4122000.0 0.85 1 1 0 16.006554 
 -4123000.0 0.85 1 1 0 15.727416 
 -4124000.0 0.85 1 1 0 15.442673 
 -4125000.0 0.85 1 1 0 15.159262 
 -4126000.0 0.85 1 1 0 14.871550 
 -4127000.0 0.85 1 1 0 14.577290 
 -4128000.0 0.85 1 1 0 14.276323 
 -4129000.0 0.85 1 1 0 13.968386 
 -4130000.0 0.85 1 1 0 13.657814 
 -4131000.0 0.85 1 1 0 13.345123 
 -4132000.0 0.85 1 1 0 13.024917 
 -4133000.0 0.85 1 1 0 12.697798 
 -4134000.0 0.85 1 1 0 12.366171 
 -4135000.0 0.85 1 1 0 12.033794 
 -4136000.0 0.85 1 1 0 11.696017 
 -4137000.0 0.85 1 1 0 11.354410 
 -4138000.0 0.85 1 1 0 11.007169 
 -4139000.0 0.85 1 1 0 10.656799 
 -4140000.0 0.85 1 1 0 10.291054 
 -4141000.0 0.85 1 1 0 9.919342 
 -4142000.0 0.85 1 1 0 9.535164 
 -4143000.0 0.85 1 1 0 9.143204 
 -4144000.0 0.85 1 1 0 8.744508 
 -4145000.0 0.85 1 1 0 8.340454 
 -4146000.0 0.85 1 1 0 7.937046 
 -4147000.0 0.85 1 1 0 7.540555 
 -4148000.0 0.85 1 1 0 7.139171 
 -4149000.0 0.85 1 1 0 6.731195 
 -4150000.0 0.85 1 1 0 6.318036 
 -4151000.0 0.85 1 0 1 5.905352 
 -4152000.0 0.85 1 0 1 5.500102 
 -4153000.0 0.85 1 0 1 5.114245 
 -4154000.0 0.85 1 0 0 4.739085 
 -4150190.5 0.85 1 0 1 6.239244 
 -4150381.0 0.85 1 0 1 6.160200 
 -4150571.4 0.85 1 0 1 6.081005 
 -4150761.9 0.85 1 0 1 6.002621 
 -4150952.4 0.85 1 0 1 5.924806 
 -4151142.9 0.85 1 0 1 5.847019 
 -4151333.3 0.85 1 0 1 5.769352 
 -4151523.8 0.85 1 0 1 5.691907 
 -4151714.3 0.85 1 0 1 5.614791 
 -4151904.8 0.85 1 0 1 5.538108 
 -4152095.2 0.85 1 0 1 5.462539 
 -4152285.7 0.85 1 0 1 5.387829 
 -4152476.2 0.85 1 0 1 5.313765 
 -4152666.7 0.85 1 0 1 5.240452 
 -4152857.1 0.85 1 0 1 5.168008 
 -4153047.6 0.85 1 0 1 5.096336 
 -4153238.1 0.85 1 0 1 5.024585 
 -4153428.6 0.85 1 0 0 4.952681 
 -4153619.0 0.85 1 0 0 4.881019 
 -4153809.5 0.85 1 0 0 4.810079 
 -4100000.0 0.90 1 1 0 21.704332 
 -4101000.0 0.90 1 1 0 21.477554 
 -4102000.0 0.90 1 1 0 21.245262 
 -4103000.0 0.90 1 1 0 21.008510 
 -4104000.0 0.90 1 1 0 20.767832 
 -4105000.0 0.90 1 1 0 20.531238 
 -4106000.0 0.90 1 1 0 20.299136 
 -4107000.0 0.90 1 1 0 20.062869 
 -4108000.0 0.90 1 1 0 19.822630 
 -4109000.0 0.90 1 1 0 19.579185 
 -4110000.0 0.90 1 1 0 19.332701 
 -4111000.0 0.90 1 1 0 19.083846 
 -4112000.0 0.90 1 1 0 18.832723 
 -4113000.0 0.90 1 1 0 18.579423 
 -4114000.0 0.90 1 1 0 18.324466 
 -4115000.0 0.90 1 1 0 18.067958 
 -4116000.0 0.90 1 1 0 17.815508 
 -4117000.0 0.90 1 1 0 17.559674 
 -4118000.0 0.90 1 1 0 17.299962 
 -4119000.0 0.90 1 1 0 17.035969 
 -4120000.0 0.90 1 1 0 16.767858 
 -4121000.0 0.90 1 1 0 16.501162 
 -4122000.0 0.90 1 1 0 16.229914 
 -4123000.0 0.90 1 1 0 15.953946 
 -4124000.0 0.90 1 1 0 15.672710 
 -4125000.0 0.90 1 1 0 15.386019 
 -4126000.0 0.90 1 1 0 15.093542 
 -4127000.0 0.90 1 1 0 14.795008 
 -4128000.0 0.90 1 1 0 14.493680 
 -4129000.0 0.90 1 1 0 14.191651 
 -4130000.0 0.90 1 1 0 13.882830 
 -4131000.0 0.90 1 1 0 13.567348 
 -4132000.0 0.90 1 1 0 13.245388 
 -4133000.0 0.90 1 1 0 12.921777 
 -4134000.0 0.90 1 1 0 12.595479 
 -4135000.0 0.90 1 1 0 12.263732 
 -4136000.0 0.90 1 1 0 11.928049 
 -4137000.0 0.90 1 1 0 11.587174 
 -4138000.0 0.90 1 1 0 11.244884 
 -4139000.0 0.90 1 1 0 10.887766 
 -4140000.0 0.90 1 1 0 10.523931 
 -4141000.0 0.90 1 1 0 10.148599 
 -4142000.0 0.90 1 1 0 9.764247 
 -4143000.0 0.90 1 1 0 9.372432 
 -4144000.0 0.90 1 1 0 8.972024 
 -4145000.0 0.90 1 1 0 8.568949 
 -4146000.0 0.90 1 1 0 8.167288 
 -4147000.0 0.90 1 1 0 7.771342 
 -4148000.0 0.90 1 1 0 7.367731 
 -4149000.0 0.90 1 1 0 6.954601 
 -4150000.0 0.90 1 1 0 6.536585 
 -4151000.0 0.90 1 0 1 6.119422 
 -4152000.0 0.90 1 0 1 5.710178 
 -4153000.0 0.90 1 0 1 5.317279 
 -4154000.0 0.90 1 0 0 4.933941 
 -4150190.5 0.90 1 1 0 6.457139 
 -4150381.0 0.90 1 1 0 6.377978 
 -4150571.4 0.90 1 1 0 6.298566 
 -4150761.9 0.90 1 0 1 6.218979 
 -4150952.4 0.90 1 0 1 6.139331 
 -4151142.9 0.90 1 0 1 6.059812 
 -4151333.3 0.90 1 0 1 5.981710 
 -4151523.8 0.90 1 0 1 5.903748 
 -4151714.3 0.90 1 0 1 5.826036 
 -4151904.8 0.90 1 0 1 5.748687 
 -4152095.2 0.90 1 0 1 5.671801 
 -4152285.7 0.90 1 0 1 5.595495 
 -4152476.2 0.90 1 0 1 5.519887 
 -4152666.7 0.90 1 0 1 5.445087 
 -4152857.1 0.90 1 0 1 5.371713 
 -4153047.6 0.90 1 0 1 5.299131 
 -4153238.1 0.90 1 0 1 5.226375 
 -4153428.6 0.90 1 0 1 5.153382 
 -4153619.0 0.90 1 0 1 5.080206 
 -4153809.5 0.90 1 0 0 5.006896 
 -4100000.0 0.95 1 1 0 21.889250 
 -4101000.0 0.95 1 1 0 21.651840 
 -4102000.0 0.95 1 1 0 21.426224 
 -4103000.0 0.95 1 1 0 21.201071 
 -4104000.0 0.95 1 1 0 20.970323 
 -4105000.0 0.95 1 1 0 20.735113 
 -4106000.0 0.95 1 1 0 20.495926 
 -4107000.0 0.95 1 1 0 20.253517 
 -4108000.0 0.95 1 1 0 20.008067 
 -4109000.0 0.95 1 1 0 19.765424 
 -4110000.0 0.95 1 1 0 19.526287 
 -4111000.0 0.95 1 1 0 19.284168 
 -4112000.0 0.95 1 1 0 19.039274 
 -4113000.0 0.95 1 1 0 18.791811 
 -4114000.0 0.95 1 1 0 18.542478 
 -4115000.0 0.95 1 1 0 18.291404 
 -4116000.0 0.95 1 1 0 18.038318 
 -4117000.0 0.95 1 1 0 17.781903 
 -4118000.0 0.95 1 1 0 17.522175 
 -4119000.0 0.95 1 1 0 17.258700 
 -4120000.0 0.95 1 1 0 16.991462 
 -4121000.0 0.95 1 1 0 16.720081 
 -4122000.0 0.95 1 1 0 16.444145 
 -4123000.0 0.95 1 1 0 16.163616 
 -4124000.0 0.95 1 1 0 15.877991 
 -4125000.0 0.95 1 1 0 15.588717 
 -4126000.0 0.95 1 1 0 15.300824 
 -4127000.0 0.95 1 1 0 15.007092 
 -4128000.0 0.95 1 1 0 14.707468 
 -4129000.0 0.95 1 1 0 14.401729 
 -4130000.0 0.95 1 1 0 14.090099 
 -4131000.0 0.95 1 1 0 13.774933 
 -4132000.0 0.95 1 1 0 13.459558 
 -4133000.0 0.95 1 1 0 13.138443 
 -4134000.0 0.95 1 1 0 12.812319 
 -4135000.0 0.95 1 1 0 12.482178 
 -4136000.0 0.95 1 1 0 12.148331 
 -4137000.0 0.95 1 1 0 11.813263 
 -4138000.0 0.95 1 1 0 11.463686 
 -4139000.0 0.95 1 1 0 11.108104 
 -4140000.0 0.95 1 1 0 10.741338 
 -4141000.0 0.95 1 1 0 10.365092 
 -4142000.0 0.95 1 1 0 9.981368 
 -4143000.0 0.95 1 1 0 9.586813 
 -4144000.0 0.95 1 1 0 9.189512 
 -4145000.0 0.95 1 1 0 8.788179 
 -4146000.0 0.95 1 1 0 8.388515 
 -4147000.0 0.95 1 1 0 7.991225 
 -4148000.0 0.95 1 1 0 7.583265 
 -4149000.0 0.95 1 1 0 7.168401 
 -4150000.0 0.95 1 1 0 6.747287 
 -4151000.0 0.95 1 1 0 6.325776 
 -4152000.0 0.95 1 0 1 5.911140 
 -4153000.0 0.95 1 0 1 5.513295 
 -4154000.0 0.95 1 0 1 5.123403 
 -4155000.0 0.95 1 0 0 4.736081 
 -4151190.5 0.95 1 0 1 6.245942 
 -4151381.0 0.95 1 0 1 6.166195 
 -4151571.4 0.95 1 0 1 6.086653 
 -4151761.9 0.95 1 0 1 6.008180 
 -4151952.4 0.95 1 0 1 5.930499 
 -4152142.9 0.95 1 0 1 5.853242 
 -4152333.3 0.95 1 0 1 5.776533 
 -4152523.8 0.95 1 0 1 5.700495 
 -4152714.3 0.95 1 0 1 5.625246 
 -4152904.8 0.95 1 0 1 5.550667 
 -4153095.2 0.95 1 0 1 5.475840 
 -4153285.7 0.95 1 0 1 5.401794 
 -4153476.2 0.95 1 0 1 5.327858 
 -4153666.7 0.95 1 0 1 5.253672 
 -4153857.1 0.95 1 0 1 5.179285 
 -4154047.6 0.95 1 0 1 5.104762 
 -4154238.1 0.95 1 0 0 5.030150 
 -4154428.6 0.95 1 0 0 4.956418 
 -4154619.0 0.95 1 0 0 4.882929 
 -4154809.5 0.95 1 0 0 4.809465 
 -4100000.0 1.00 1 1 0 22.071531 
 -4101000.0 1.00 1 1 0 21.848637 
 -4102000.0 1.00 1 1 0 21.619366 
 -4103000.0 1.00 1 1 0 21.384864 
 -4104000.0 1.00 1 1 0 21.145741 
 -4105000.0 1.00 1 1 0 20.908812 
 -4106000.0 1.00 1 1 0 20.680179 
 -4107000.0 1.00 1 1 0 20.447148 
 -4108000.0 1.00 1 1 0 20.209993 
 -4109000.0 1.00 1 1 0 19.969645 
 -4110000.0 1.00 1 1 0 19.726341 
 -4111000.0 1.00 1 1 0 19.480908 
 -4112000.0 1.00 1 1 0 19.233537 
 -4113000.0 1.00 1 1 0 18.986987 
 -4114000.0 1.00 1 1 0 18.740410 
 -4115000.0 1.00 1 1 0 18.489893 
 -4116000.0 1.00 1 1 0 18.235793 
 -4117000.0 1.00 1 1 0 17.977738 
 -4118000.0 1.00 1 1 0 17.715890 
 -4119000.0 1.00 1 1 0 17.450359 
 -4120000.0 1.00 1 1 0 17.184556 
 -4121000.0 1.00 1 1 0 16.915074 
 -4122000.0 1.00 1 1 0 16.641502 
 -4123000.0 1.00 1 1 0 16.363737 
 -4124000.0 1.00 1 1 0 16.081231 
 -4125000.0 1.00 1 1 0 15.793922 
 -4126000.0 1.00 1 1 0 15.501597 
 -4127000.0 1.00 1 1 0 15.203943 
 -4128000.0 1.00 1 1 0 14.901098 
 -4129000.0 1.00 1 1 0 14.597717 
 -4130000.0 1.00 1 1 0 14.291872 
 -4131000.0 1.00 1 1 0 13.980427 
 -4132000.0 1.00 1 1 0 13.663710 
 -4133000.0 1.00 1 1 0 13.342603 
 -4134000.0 1.00 1 1 0 13.017806 
 -4135000.0 1.00 1 1 0 12.693034 
 -4136000.0 1.00 1 1 0 12.363540 
 -4137000.0 1.00 1 1 0 12.020166 
 -4138000.0 1.00 1 1 0 11.673382 
 -4139000.0 1.00 1 1 0 11.314461 
 -4140000.0 1.00 1 1 0 10.946653 
 -4141000.0 1.00 1 1 0 10.571189 
 -4142000.0 1.00 1 1 0 10.183963 
 -4143000.0 1.00 1 1 0 9.793835 
 -4144000.0 1.00 1 1 0 9.396031 
 -4145000.0 1.00 1 1 0 8.995634 
 -4146000.0 1.00 1 1 0 8.598984 
 -4147000.0 1.00 1 1 0 8.200130 
 -4148000.0 1.00 1 1 0 7.790987 
 -4149000.0 1.00 1 1 0 7.371468 
 -4150000.0 1.00 1 1 0 6.947059 
 -4151000.0 1.00 1 1 0 6.522248 
 -4152000.0 1.00 1 0 1 6.104482 
 -4153000.0 1.00 1 0 1 5.703122 
 -4154000.0 1.00 1 0 1 5.306474 
 -4155000.0 1.00 1 0 0 4.911370 
 -4151190.5 1.00 1 1 0 6.442385 
 -4151381.0 1.00 1 1 0 6.362524 
 -4151571.4 1.00 1 0 1 6.282790 
 -4151761.9 1.00 1 0 1 6.203301 
 -4151952.4 1.00 1 0 1 6.124190 
 -4152142.9 1.00 1 0 1 6.045559 
 -4152333.3 1.00 1 0 1 5.968076 
 -4152523.8 1.00 1 0 1 5.891636 
 -4152714.3 1.00 1 0 1 5.815933 
 -4152904.8 1.00 1 0 1 5.740809 
 -4153095.2 1.00 1 0 1 5.665330 
 -4153285.7 1.00 1 0 1 5.589474 
 -4153476.2 1.00 1 0 1 5.513283 
 -4153666.7 1.00 1 0 1 5.438287 
 -4153857.1 1.00 1 0 1 5.363047 
 -4154047.6 1.00 1 0 1 5.287593 
 -4154238.1 1.00 1 0 1 5.211974 
 -4154428.6 1.00 1 0 1 5.136252 
 -4154619.0 1.00 1 0 1 5.060500 
 -4154809.5 1.00 1 0 0 4.985928 
