 -4145000.0 0.80 1 1 0 21.348932 
 -4150000.0 0.80 1 1 0 19.040476 
 -4145000.0 0.80 1 1 0 21.348932 
 -4150000.0 0.80 1 1 0 19.040476 
 -4155000.0 0.80 1 1 0 16.185905 
 -4160000.0 0.80 1 1 0 12.024359 
 -4145000.0 0.90 1 1 0 21.973058 
 -4150000.0 0.90 1 1 0 19.716034 
 -4155000.0 0.90 1 1 0 16.969069 
 -4160000.0 0.90 1 1 0 13.155042 
 -4145000.0 1.00 1 1 0 22.517849 
 -4150000.0 1.00 1 1 0 20.286704 
 -4155000.0 1.00 1 1 0 17.629592 
 -4160000.0 1.00 1 1 0 14.057954 
 -4145000.0 1.10 1 1 0 22.992124 
 -4150000.0 1.10 1 1 0 20.802385 
 -4155000.0 1.10 1 1 0 18.211243 
 -4145000.0 0.80 1 1 0 21.348932 
 -4150000.0 0.80 1 1 0 19.040476 
 -4155000.0 0.80 1 1 0 16.185905 
 -4145000.0 0.80 1 1 0 21.348932 
 -4150000.0 0.80 1 1 0 19.040476 
 -4155000.0 0.80 1 1 0 16.185905 
 -4160000.0 0.80 1 1 0 12.024359 
 -4145000.0 0.90 1 1 0 21.973058 
 -4150000.0 0.90 1 1 0 19.716034 
 -4155000.0 0.90 1 1 0 16.969069 
 -4160000.0 0.90 1 1 0 13.155042 
 -4145000.0 1.00 1 1 0 22.517849 
 -4145000.0 0.80 1 1 0 21.348932 
 -4150000.0 0.80 1 1 0 19.040476 
 -4155000.0 0.80 1 1 0 16.185905 
 -4160000.0 0.80 1 1 0 12.024359 
 -4145000.0 0.90 1 1 0 21.973058 
 -4150000.0 0.90 1 1 0 19.716034 
 -4155000.0 0.90 1 1 0 16.969069 
 -4160000.0 0.90 1 1 0 13.155042 
 -4145000.0 1.00 1 1 0 22.517849 
 -4150000.0 1.00 1 1 0 20.286704 
 -4155000.0 1.00 1 1 0 17.629592 
 -4160000.0 1.00 1 1 0 14.057954 
 -4145000.0 1.10 1 1 0 22.992124 
 -4150000.0 1.10 1 1 0 20.802385 
 -4155000.0 1.10 1 1 0 18.211243 
 -4160000.0 1.10 1 1 0 14.815432 
 -4145000.0 1.20 1 1 0 23.421693 
 -4150000.0 1.20 1 1 0 21.267725 
 -4155000.0 1.20 1 1 0 18.729433 
 -4160000.0 1.20 1 1 0 15.474550 
 -4200000.0 0.80 1 0 0 0.017071 
 -4200000.0 0.80 1 0 0 0.017071 
 -4200000.0 0.80 1 0 0 0.017071 
 -4200000.0 0.80 1 0 0 0.017071 
 -4200000.0 0.80 1 0 0 0.017071 
 -4100000.0 0.80 1 1 0 34.794646 
 -4110000.0 0.80 1 1 0 32.395821 
 -4120000.0 0.80 1 1 0 29.739442 
 -4130000.0 0.80 1 1 0 26.785487 
 -4140000.0 0.80 1 1 0 23.348834 
 -4150000.0 0.80 1 1 0 19.040476 
 -4160000.0 0.80 1 1 0 12.024359 
 -4170000.0 0.80 1 0 0 0.953871 
 -4160909.1 0.80 1 1 0 10.891968 
 -4161818.2 0.80 1 1 0 9.426933 
 -4162727.3 0.80 1 1 0 7.026970 
 -4163636.4 0.80 1 0 0 2.712343 
 -4164545.5 0.80 1 0 0 2.271278 
 -4165454.5 0.80 1 0 0 1.928804 
 -4166363.6 0.80 1 0 0 1.664527 
 -4167272.7 0.80 1 0 0 1.439229 
 -4168181.8 0.80 1 0 0 1.247121 
 -4169090.9 0.80 1 0 0 1.086388 
 -4100000.0 1.20 1 1 0 36.608587 
 -4110000.0 1.20 1 1 0 34.199655 
 -4120000.0 1.20 1 1 0 31.579926 
 -4130000.0 1.20 1 1 0 28.642069 
 -4140000.0 1.20 1 1 0 25.335880 
 -4150000.0 1.20 1 1 0 21.267725 
 -4160000.0 1.20 1 1 0 15.474550 
 -4170000.0 1.20 1 0 0 1.523882 
 -4160909.1 1.20 1 1 0 14.739289 
 -4161818.2 1.20 1 1 0 13.927305 
 -4162727.3 1.20 1 1 0 13.013806 
 -4163636.4 1.20 1 1 0 11.951215 
 -4164545.5 1.20 1 1 0 10.641644 
 -4165454.5 1.20 1 1 0 8.794270 
 -4166363.6 1.20 1 0 0 2.960331 
 -4167272.7 1.20 1 0 0 2.449732 
 -4168181.8 1.20 1 0 0 2.072531 
 -4169090.9 1.20 1 0 0 1.767394 
 -4160000.0 0.80 1 1 0 12.024359 
 -4162000.0 0.80 1 1 0 9.064782 
 -4164000.0 0.80 1 0 0 2.522602 
 -4162181.8 0.80 1 1 0 8.663159 
 -4162363.6 0.80 1 1 0 8.209572 
 -4162545.5 0.80 1 1 0 7.678115 
 -4162727.3 0.80 1 1 0 7.026970 
 -4162909.1 0.80 1 1 0 6.125432 
 -4163090.9 0.80 1 0 1 3.034257 
 -4163272.7 0.80 1 0 0 2.921230 
 -4163454.5 0.80 1 0 0 2.814111 
 -4163636.4 0.80 1 0 0 2.712343 
 -4163818.2 0.80 1 0 0 2.615014 
 -4160000.0 1.20 1 1 0 15.474550 
 -4162000.0 1.20 1 1 0 13.753420 
 -4164000.0 1.20 1 1 0 11.466198 
 -4166000.0 1.20 1 1 0 6.856943 
 -4168000.0 1.20 1 0 0 2.141795 
 -4166181.8 1.20 1 1 0 5.490112 
 -4166363.6 1.20 1 0 0 2.960331 
 -4166545.5 1.20 1 0 0 2.837847 
 -4166727.3 1.20 1 0 0 2.727167 
 -4166909.1 1.20 1 0 0 2.626439 
 -4167090.9 1.20 1 0 0 2.535246 
 -4167272.7 1.20 1 0 0 2.449732 
 -4167454.5 1.20 1 0 0 2.367500 
 -4167636.4 1.20 1 0 0 2.288981 
 -4167818.2 1.20 1 0 0 2.213772 
 -4160000.0 0.80 1 1 0 12.024359 
 -4160000.0 0.80 1 1 0 12.024359 
 -4162000.0 0.80 1 1 0 9.064782 
 -4164000.0 0.80 1 0 0 2.522602 
 -4162181.8 0.80 1 1 0 8.663159 
 -4162363.6 0.80 1 1 0 8.209572 
 -4162545.5 0.80 1 1 0 7.678115 
 -4162727.3 0.80 1 1 0 7.026970 
 -4162909.1 0.80 1 1 0 6.125432 
 -4163090.9 0.80 1 0 1 3.034257 
 -4163272.7 0.80 1 0 0 2.921230 
 -4163454.5 0.80 1 0 0 2.814111 
 -4163636.4 0.80 1 0 0 2.712343 
 -4163818.2 0.80 1 0 0 2.615014 
 -4160000.0 1.20 1 1 0 15.474550 
 -4162000.0 1.20 1 1 0 13.753420 
 -4164000.0 1.20 1 1 0 11.466198 
 -4166000.0 1.20 1 1 0 6.856943 
 -4168000.0 1.20 1 0 0 2.141795 
 -4166181.8 1.20 1 1 0 5.490112 
 -4166363.6 1.20 1 0 0 2.960331 
 -4166545.5 1.20 1 0 0 2.837847 
 -4166727.3 1.20 1 0 0 2.727167 
 -4166909.1 1.20 1 0 0 2.626439 
 -4167090.9 1.20 1 0 0 2.535246 
 -4167272.7 1.20 1 0 0 2.449732 
 -4167454.5 1.20 1 0 0 2.367500 
 -4167636.4 1.20 1 0 0 2.288981 
 -4167818.2 1.20 1 0 0 2.213772 
