-4100000.0 0.50 1 1 0 19.586645 0.000000 
 -4110000.0 0.50 1 1 0 17.203926 0.000000 
 -4120000.0 0.50 1 1 0 14.611070 0.000000 
 -4130000.0 0.50 1 1 0 11.592138 0.000000 
 -4140000.0 0.50 1 1 0 8.147885 0.000000 
 -4150000.0 0.50 1 0 0 4.437318 -455.394576 
 -4160000.0 0.50 1 0 0 1.711057 -2522.814396 
 -4140952.4 0.50 1 1 0 7.796935 0.000000 
 -4141904.8 0.50 1 1 0 7.448205 0.000000 
 -4142857.1 0.50 1 1 0 7.094548 0.000000 
 -4143809.5 0.50 1 1 0 6.732896 0.000000 
 -4144761.9 0.50 1 1 0 6.366325 0.000000 
 -4145714.3 0.50 1 0 1 5.998731 0.000000 
 -4146666.7 0.50 1 0 1 5.634942 0.000000 
 -4147619.0 0.50 1 0 1 5.282348 0.000000 
 -4148571.4 0.50 1 0 1 4.943158 0.000000 
 -4149523.8 0.50 1 0 0 4.604828 -298.187412 
 -4150476.2 0.50 1 0 0 4.270863 -605.658526 
 -4151428.6 0.50 1 0 0 3.946978 -886.859390 
 -4152381.0 0.50 1 0 0 3.637403 -1142.499295 
 -4153333.3 0.50 1 0 0 3.348478 -1375.221077 
 -4154285.7 0.50 1 0 0 3.075112 -1588.163306 
 -4155238.1 0.50 1 0 0 2.811008 -1783.301439 
 -4156190.5 0.50 1 0 0 2.559787 -1961.646437 
 -4157142.9 0.50 1 0 0 2.324470 -2123.300422 
 -4158095.2 0.50 1 0 0 2.107063 -2269.362276 
 -4159047.6 0.50 1 0 0 1.904854 -2402.331507 
 -4100000.0 0.55 1 1 0 19.905365 0.000000 
 -4110000.0 0.55 1 1 0 17.551646 0.000000 
 -4120000.0 0.55 1 1 0 14.958709 0.000000 
 -4130000.0 0.55 1 1 0 11.953254 0.000000 
 -4140000.0 0.55 1 1 0 8.525813 0.000000 
 -4150000.0 0.55 1 0 0 4.749902 -175.089771 
 -4160000.0 0.55 1 0 0 1.864750 -2430.314320 
 -4140952.4 0.55 1 1 0 8.176554 0.000000 
 -4141904.8 0.55 1 1 0 7.826306 0.000000 
 -4142857.1 0.55 1 1 0 7.467570 0.000000 
 -4143809.5 0.55 1 1 0 7.100391 0.000000 
 -4144761.9 0.55 1 1 0 6.727898 0.000000 
 -4145714.3 0.55 1 1 0 6.354082 0.000000 
 -4146666.7 0.55 1 0 1 5.983927 0.000000 
 -4147619.0 0.55 1 0 1 5.623527 0.000000 
 -4148571.4 0.55 1 0 1 5.273797 0.000000 
 -4149523.8 0.55 1 0 0 4.924231 -2.311630 
 -4150476.2 0.55 1 0 0 4.577679 -339.609483 
 -4151428.6 0.55 1 0 0 4.238478 -646.216884 
 -4152381.0 0.55 1 0 0 3.915105 -924.983572 
 -4153333.3 0.55 1 0 0 3.611773 -1178.327926 
 -4154285.7 0.55 1 0 0 3.322124 -1410.247162 
 -4155238.1 0.55 1 0 0 3.042456 -1623.013878 
 -4156190.5 0.55 1 0 0 2.774767 -1817.109031 
 -4157142.9 0.55 1 0 0 2.523301 -1993.219288 
 -4158095.2 0.55 1 0 0 2.290548 -2153.056957 
 -4159047.6 0.55 1 0 0 2.073469 -2298.146836 
 -4100000.0 0.60 1 1 0 20.199994 0.000000 
 -4110000.0 0.60 1 1 0 17.872612 0.000000 
 -4120000.0 0.60 1 1 0 15.270383 0.000000 
 -4130000.0 0.60 1 1 0 12.295361 0.000000 
 -4140000.0 0.60 1 1 0 8.874754 0.000000 
 -4150000.0 0.60 1 0 1 5.046517 0.000000 
 -4160000.0 0.60 1 0 0 2.015514 -2338.354912 
 -4140952.4 0.60 1 1 0 8.526839 0.000000 
 -4141904.8 0.60 1 1 0 8.174087 0.000000 
 -4142857.1 0.60 1 1 0 7.810959 0.000000 
 -4143809.5 0.60 1 1 0 7.439241 0.000000 
 -4144761.9 0.60 1 1 0 7.062147 0.000000 
 -4145714.3 0.60 1 1 0 6.683722 0.000000 
 -4146666.7 0.60 1 1 0 6.309109 0.000000 
 -4147619.0 0.60 1 0 1 5.944639 0.000000 
 -4148571.4 0.60 1 0 1 5.586398 0.000000 
 -4149523.8 0.60 1 0 1 5.226026 0.000000 
 -4150476.2 0.60 1 0 0 4.867347 -74.183200 
 -4151428.6 0.60 1 0 0 4.517475 -407.462914 
 -4152381.0 0.60 1 0 0 4.179979 -709.260375 
 -4153333.3 0.60 1 0 0 3.864233 -983.533416 
 -4154285.7 0.60 1 0 0 3.560198 -1234.143749 
 -4155238.1 0.60 1 0 0 3.266077 -1463.705602 
 -4156190.5 0.60 1 0 0 2.983708 -1673.843642 
 -4157142.9 0.60 1 0 0 2.716677 -1864.735491 
 -4158095.2 0.60 1 0 0 2.469559 -2037.600032 
 -4159047.6 0.60 1 0 0 2.238445 -2194.642561 
 -4100000.0 0.65 1 1 0 20.497152 0.000000 
 -4110000.0 0.65 1 1 0 18.178269 0.000000 
 -4120000.0 0.65 1 1 0 15.553177 0.000000 
 -4130000.0 0.65 1 1 0 12.609796 0.000000 
 -4140000.0 0.65 1 1 0 9.199261 0.000000 
 -4150000.0 0.65 1 0 1 5.327029 0.000000 
 -4160000.0 0.65 1 0 0 2.163405 -2246.377641 
 -4140952.4 0.65 1 1 0 8.851298 0.000000 
 -4141904.8 0.65 1 1 0 8.495204 0.000000 
 -4142857.1 0.65 1 1 0 8.128148 0.000000 
 -4143809.5 0.65 1 1 0 7.753792 0.000000 
 -4144761.9 0.65 1 1 0 7.374808 0.000000 
 -4145714.3 0.65 1 1 0 6.993116 0.000000 
 -4146666.7 0.65 1 1 0 6.614009 0.000000 
 -4147619.0 0.65 1 1 0 6.245893 0.000000 
 -4148571.4 0.65 1 0 1 5.879937 0.000000 
 -4149523.8 0.65 1 0 1 5.511322 0.000000 
 -4150476.2 0.65 1 0 1 5.143962 0.000000 
 -4151428.6 0.65 1 0 0 4.782548 -169.582092 
 -4152381.0 0.65 1 0 0 4.434541 -495.046811 
 -4153333.3 0.65 1 0 0 4.106260 -790.123516 
 -4154285.7 0.65 1 0 0 3.790435 -1059.203019 
 -4155238.1 0.65 1 0 0 3.482136 -1306.404204 
 -4156190.5 0.65 1 0 0 3.186356 -1531.804423 
 -4157142.9 0.65 1 0 0 2.905524 -1736.714501 
 -4158095.2 0.65 1 0 0 2.644207 -1922.971716 
 -4159047.6 0.65 1 0 0 2.399862 -2092.357998 
 -4100000.0 0.70 1 1 0 20.790509 0.000000 
 -4110000.0 0.70 1 1 0 18.444385 0.000000 
 -4120000.0 0.70 1 1 0 15.813460 0.000000 
 -4130000.0 0.70 1 1 0 12.903643 0.000000 
 -4140000.0 0.70 1 1 0 9.500562 0.000000 
 -4150000.0 0.70 1 0 1 5.593606 0.000000 
 -4160000.0 0.70 1 0 0 2.308477 -2155.474006 
 -4140952.4 0.70 1 1 0 9.152458 0.000000 
 -4141904.8 0.70 1 1 0 8.792462 0.000000 
 -4142857.1 0.70 1 1 0 8.423010 0.000000 
 -4143809.5 0.70 1 1 0 8.047811 0.000000 
 -4144761.9 0.70 1 1 0 7.666130 0.000000 
 -4145714.3 0.70 1 1 0 7.282232 0.000000 
 -4146666.7 0.70 1 1 0 6.901557 0.000000 
 -4147619.0 0.70 1 1 0 6.530185 0.000000 
 -4148571.4 0.70 1 0 1 6.158124 0.000000 
 -4149523.8 0.70 1 0 1 5.781962 0.000000 
 -4150476.2 0.70 1 0 1 5.405734 0.000000 
 -4151428.6 0.70 1 0 1 5.035556 0.000000 
 -4152381.0 0.70 1 0 0 4.678036 -282.505302 
 -4153333.3 0.70 1 0 0 4.339830 -597.912452 
 -4154285.7 0.70 1 0 0 4.012172 -885.847289 
 -4155238.1 0.70 1 0 0 3.691419 -1149.942152 
 -4156190.5 0.70 1 0 0 3.382902 -1390.942477 
 -4157142.9 0.70 1 0 0 3.089350 -1610.224814 
 -4158095.2 0.70 1 0 0 2.815033 -1809.151417 
 -4159047.6 0.70 1 0 0 2.557795 -1990.175530 
 -4100000.0 0.75 1 1 0 21.031284 0.000000 
 -4110000.0 0.75 1 1 0 18.683389 0.000000 
 -4120000.0 0.75 1 1 0 16.064376 0.000000 
 -4130000.0 0.75 1 1 0 13.174763 0.000000 
 -4140000.0 0.75 1 1 0 9.783646 0.000000 
 -4150000.0 0.75 1 0 1 5.846936 0.000000 
 -4160000.0 0.75 1 0 0 2.450784 -2064.537959 
 -4140952.4 0.75 1 1 0 9.431792 0.000000 
 -4141904.8 0.75 1 1 0 9.068405 0.000000 
 -4142857.1 0.75 1 1 0 8.699714 0.000000 
 -4143809.5 0.75 1 1 0 8.321839 0.000000 
 -4144761.9 0.75 1 1 0 7.938151 0.000000 
 -4145714.3 0.75 1 1 0 7.553037 0.000000 
 -4146666.7 0.75 1 1 0 7.172096 0.000000 
 -4147619.0 0.75 1 1 0 6.798904 0.000000 
 -4148571.4 0.75 1 1 0 6.420796 0.000000 
 -4149523.8 0.75 1 0 1 6.038374 0.000000 
 -4150476.2 0.75 1 0 1 5.655728 0.000000 
 -4151428.6 0.75 1 0 1 5.277820 0.000000 
 -4152381.0 0.75 1 0 0 4.910782 -70.199366 
 -4153333.3 0.75 1 0 0 4.564518 -407.190340 
 -4154285.7 0.75 1 0 0 4.225724 -713.413973 
 -4155238.1 0.75 1 0 0 3.894578 -994.251327 
 -4156190.5 0.75 1 0 0 3.573530 -1250.667149 
 -4157142.9 0.75 1 0 0 3.268253 -1484.139394 
 -4158095.2 0.75 1 0 0 2.982055 -1695.573157 
 -4159047.6 0.75 1 0 0 2.712320 -1888.634796 
 -4100000.0 0.80 1 1 0 21.286797 0.000000 
 -4110000.0 0.80 1 1 0 18.916732 0.000000 
 -4120000.0 0.80 1 1 0 16.309217 0.000000 
 -4130000.0 0.80 1 1 0 13.424481 0.000000 
 -4140000.0 0.80 1 1 0 10.047024 0.000000 
 -4150000.0 0.80 1 0 1 6.087761 0.000000 
 -4160000.0 0.80 1 0 0 2.590378 -1974.108244 
 -4140952.4 0.80 1 1 0 9.690816 0.000000 
 -4141904.8 0.80 1 1 0 9.329431 0.000000 
 -4142857.1 0.80 1 1 0 8.957675 0.000000 
 -4143809.5 0.80 1 1 0 8.577554 0.000000 
 -4144761.9 0.80 1 1 0 8.194277 0.000000 
 -4145714.3 0.80 1 1 0 7.809255 0.000000 
 -4146666.7 0.80 1 1 0 7.427498 0.000000 
 -4147619.0 0.80 1 1 0 7.052209 0.000000 
 -4148571.4 0.80 1 1 0 6.670314 0.000000 
 -4149523.8 0.80 1 1 0 6.282754 0.000000 
 -4150476.2 0.80 1 0 1 5.893707 0.000000 
 -4151428.6 0.80 1 0 1 5.508297 0.000000 
 -4152381.0 0.80 1 0 1 5.135638 0.000000 
 -4153333.3 0.80 1 0 0 4.780191 -217.167337 
 -4154285.7 0.80 1 0 0 4.432507 -542.279267 
 -4155238.1 0.80 1 0 0 4.091049 -840.304186 
 -4156190.5 0.80 1 0 0 3.758818 -1112.001252 
 -4157142.9 0.80 1 0 0 3.442365 -1358.971195 
 -4158095.2 0.80 1 0 0 3.145103 -1583.307441 
 -4159047.6 0.80 1 0 0 2.863509 -1787.721273 
 -4100000.0 0.85 1 1 0 21.490257 0.000000 
 -4110000.0 0.85 1 1 0 19.117601 0.000000 
 -4120000.0 0.85 1 1 0 16.549587 0.000000 
 -4130000.0 0.85 1 1 0 13.657814 0.000000 
 -4140000.0 0.85 1 1 0 10.291054 0.000000 
 -4150000.0 0.85 1 1 0 6.318036 0.000000 
 -4160000.0 0.85 1 0 0 2.727311 -1884.722186 
 -4150476.2 0.85 1 0 1 6.120619 0.000000 
 -4150952.4 0.85 1 0 1 5.924806 0.000000 
 -4151428.6 0.85 1 0 1 5.730595 0.000000 
 -4151904.8 0.85 1 0 1 5.538108 0.000000 
 -4152381.0 0.85 1 0 1 5.350710 0.000000 
 -4152857.1 0.85 1 0 1 5.168008 0.000000 
 -4153333.3 0.85 1 0 0 4.988649 -27.522897 
 -4153809.5 0.85 1 0 0 4.810079 -203.829996 
 -4154285.7 0.85 1 0 0 4.632596 -372.255828 
 -4154761.9 0.85 1 0 0 4.455542 -533.257364 
 -4155238.1 0.85 1 0 0 4.281054 -686.942252 
 -4155714.3 0.85 1 0 0 4.109006 -833.549662 
 -4156190.5 0.85 1 0 0 3.939452 -973.812631 
 -4156666.7 0.85 1 0 0 3.773184 -1107.270062 
 -4157142.9 0.85 1 0 0 3.611816 -1234.682723 
 -4157619.0 0.85 1 0 0 3.455352 -1355.769321 
 -4158095.2 0.85 1 0 0 3.304275 -1471.242148 
 -4158571.4 0.85 1 0 0 3.157644 -1581.590109 
 -4159047.6 0.85 1 0 0 3.011913 -1687.419543 
 -4159523.8 0.85 1 0 0 2.868322 -1788.094257 
 -4100000.0 0.90 1 1 0 21.704332 0.000000 
 -4110000.0 0.90 1 1 0 19.332701 0.000000 
 -4120000.0 0.90 1 1 0 16.767858 0.000000 
