 -4100000.000000 33899459.452113 7167.900000 0.500000 -25.000000 0 0 1 11.915251 
 -4105000.000000 33899459.452113 7167.900000 0.500000 -25.000000 0 1 0 10.813454 
 -4100000.000000 33899459.452113 7167.900000 0.500000 -25.000000 0 0 1 11.915251 
 -4102500.000000 33899459.452113 7167.900000 0.500000 -25.000000 0 0 1 11.354426 
 -4105000.000000 33899459.452113 7167.900000 0.500000 -25.000000 0 1 0 10.813454 
 -4102500.000000 33899459.452113 7167.900000 0.500000 -25.000000 0 0 1 11.354426 
 -4103750.000000 33899459.452113 7167.900000 0.500000 -25.000000 0 0 1 11.082784 
 -4105000.000000 33899459.452113 7167.900000 0.500000 -25.000000 0 1 0 10.813454 
 -4103750.000000 33899459.452113 7167.900000 0.500000 -25.000000 0 0 1 11.082784 
 -4104375.000000 33899459.452113 7167.900000 0.500000 -25.000000 0 1 0 10.943465 
 -4103750.000000 33899459.452113 7167.900000 0.500000 -25.000000 0 0 1 11.082784 
 -4104062.500000 33899459.452113 7167.900000 0.500000 -25.000000 0 1 0 11.018274 
 -4103750.000000 33899459.452113 7167.900000 0.500000 -25.000000 0 0 1 11.082784 
 -4103906.250000 33899459.452113 7167.900000 0.500000 -25.000000 0 0 1 11.050824 
 -4104062.500000 33899459.452113 7167.900000 0.500000 -25.000000 0 1 0 11.018274 
 -4103906.250000 33899459.452113 7167.900000 0.500000 -25.000000 0 0 1 11.050824 
 -4103984.375000 33899459.452113 7167.900000 0.500000 -25.000000 0 0 1 11.034624 
 -4104062.500000 33899459.452113 7167.900000 0.500000 -25.000000 0 1 0 11.018274 
 -4103984.375000 33899459.452113 7167.900000 0.500000 -25.000000 0 0 1 11.034624 
 -4100000.000000 33899459.452113 7167.900000 0.500000 -20.000000 0 0 1 12.866879 
 -4105000.000000 33899459.452113 7167.900000 0.500000 -20.000000 0 0 1 11.676892 
 -4110000.000000 33899459.452113 7167.900000 0.500000 -20.000000 0 0 1 10.494973 
 -4115000.000000 33899459.452113 7167.900000 0.500000 -20.000000 0 1 0 9.251980 
 -4110000.000000 33899459.452113 7167.900000 0.500000 -20.000000 0 0 1 10.494973 
 -4112500.000000 33899459.452113 7167.900000 0.500000 -20.000000 0 0 1 9.890544 
 -4115000.000000 33899459.452113 7167.900000 0.500000 -20.000000 0 1 0 9.251980 
 -4112500.000000 33899459.452113 7167.900000 0.500000 -20.000000 0 0 1 9.890544 
 -4113750.000000 33899459.452113 7167.900000 0.500000 -20.000000 0 1 0 9.572268 
 -4112500.000000 33899459.452113 7167.900000 0.500000 -20.000000 0 0 1 9.890544 
 -4113125.000000 33899459.452113 7167.900000 0.500000 -20.000000 0 0 1 9.723522 
 -4113750.000000 33899459.452113 7167.900000 0.500000 -20.000000 0 1 0 9.572268 
 -4113125.000000 33899459.452113 7167.900000 0.500000 -20.000000 0 0 1 9.723522 
 -4113437.500000 33899459.452113 7167.900000 0.500000 -20.000000 0 1 0 9.658137 
 -4113125.000000 33899459.452113 7167.900000 0.500000 -20.000000 0 0 1 9.723522 
 -4113281.250000 33899459.452113 7167.900000 0.500000 -20.000000 0 0 1 9.695502 
 -4113437.500000 33899459.452113 7167.900000 0.500000 -20.000000 0 1 0 9.658137 
 -4113281.250000 33899459.452113 7167.900000 0.500000 -20.000000 0 0 1 9.695502 
 -4113359.375000 33899459.452113 7167.900000 0.500000 -20.000000 0 1 0 9.676948 
 -4113281.250000 33899459.452113 7167.900000 0.500000 -20.000000 0 0 1 9.695502 
 -4100000.000000 33899459.452113 7167.900000 0.500000 -15.000000 1 0 0 14.013417 
 -4105000.000000 33899459.452113 7167.900000 0.500000 -15.000000 0 0 1 12.706463 
 -4110000.000000 33899459.452113 7167.900000 0.500000 -15.000000 0 0 1 11.412024 
 -4115000.000000 33899459.452113 7167.900000 0.500000 -15.000000 0 0 1 10.118796 
 -4120000.000000 33899459.452113 7167.900000 0.500000 -15.000000 0 0 1 8.666897 
 -4125000.000000 33899459.452113 7167.900000 0.500000 -15.000000 0 1 0 7.150197 
 -4120000.000000 33899459.452113 7167.900000 0.500000 -15.000000 0 0 1 8.666897 
 -4122500.000000 33899459.452113 7167.900000 0.500000 -15.000000 0 1 0 7.918171 
 -4120000.000000 33899459.452113 7167.900000 0.500000 -15.000000 0 0 1 8.666897 
 -4121250.000000 33899459.452113 7167.900000 0.500000 -15.000000 0 1 0 8.298119 
 -4120000.000000 33899459.452113 7167.900000 0.500000 -15.000000 0 0 1 8.666897 
 -4120625.000000 33899459.452113 7167.900000 0.500000 -15.000000 0 0 1 8.477414 
 -4121250.000000 33899459.452113 7167.900000 0.500000 -15.000000 0 1 0 8.298119 
 -4120625.000000 33899459.452113 7167.900000 0.500000 -15.000000 0 0 1 8.477414 
 -4120937.500000 33899459.452113 7167.900000 0.500000 -15.000000 0 1 0 8.387873 
 -4120625.000000 33899459.452113 7167.900000 0.500000 -15.000000 0 0 1 8.477414 
 -4120781.250000 33899459.452113 7167.900000 0.500000 -15.000000 0 0 1 8.432919 
 -4120937.500000 33899459.452113 7167.900000 0.500000 -15.000000 0 1 0 8.387873 
 -4120781.250000 33899459.452113 7167.900000 0.500000 -15.000000 0 0 1 8.432919 
 -4120859.375000 33899459.452113 7167.900000 0.500000 -15.000000 0 1 0 8.400020 
 -4120781.250000 33899459.452113 7167.900000 0.500000 -15.000000 0 0 1 8.432919 
 -4100000.000000 33899459.452113 7167.900000 0.500000 -10.000000 1 0 0 15.335713 
 -4105000.000000 33899459.452113 7167.900000 0.500000 -10.000000 1 0 0 14.006197 
 -4110000.000000 33899459.452113 7167.900000 0.500000 -10.000000 1 0 0 12.549754 
 -4115000.000000 33899459.452113 7167.900000 0.500000 -10.000000 1 0 0 11.116294 
 -4120000.000000 33899459.452113 7167.900000 0.500000 -10.000000 0 0 1 9.630206 
 -4125000.000000 33899459.452113 7167.900000 0.500000 -10.000000 0 0 1 7.945598 
 -4130000.000000 33899459.452113 7167.900000 0.500000 -10.000000 0 1 0 6.189938 
 -4125000.000000 33899459.452113 7167.900000 0.500000 -10.000000 0 0 1 7.945598 
 -4127500.000000 33899459.452113 7167.900000 0.500000 -10.000000 0 1 0 7.090198 
 -4125000.000000 33899459.452113 7167.900000 0.500000 -10.000000 0 0 1 7.945598 
 -4126250.000000 33899459.452113 7167.900000 0.500000 -10.000000 0 0 1 7.526176 
 -4127500.000000 33899459.452113 7167.900000 0.500000 -10.000000 0 1 0 7.090198 
 -4126250.000000 33899459.452113 7167.900000 0.500000 -10.000000 0 0 1 7.526176 
 -4126875.000000 33899459.452113 7167.900000 0.500000 -10.000000 0 1 0 7.309455 
 -4126250.000000 33899459.452113 7167.900000 0.500000 -10.000000 0 0 1 7.526176 
 -4126562.500000 33899459.452113 7167.900000 0.500000 -10.000000 0 0 1 7.424112 
 -4126875.000000 33899459.452113 7167.900000 0.500000 -10.000000 0 1 0 7.309455 
 -4126562.500000 33899459.452113 7167.900000 0.500000 -10.000000 0 0 1 7.424112 
 -4126718.750000 33899459.452113 7167.900000 0.500000 -10.000000 0 0 1 7.360495 
 -4126875.000000 33899459.452113 7167.900000 0.500000 -10.000000 0 1 0 7.309455 
 -4126718.750000 33899459.452113 7167.900000 0.500000 -10.000000 0 0 1 7.360495 
 -4126796.875000 33899459.452113 7167.900000 0.500000 -10.000000 0 0 1 7.335053 
 -4126875.000000 33899459.452113 7167.900000 0.500000 -10.000000 0 1 0 7.309455 
 -4126796.875000 33899459.452113 7167.900000 0.500000 -10.000000 0 0 1 7.335053 
 -4100000.000000 33899459.452113 7167.900000 0.500000 -5.000000 1 0 0 16.925695 
 -4105000.000000 33899459.452113 7167.900000 0.500000 -5.000000 1 0 0 15.532543 
 -4110000.000000 33899459.452113 7167.900000 0.500000 -5.000000 1 0 0 14.051348 
 -4115000.000000 33899459.452113 7167.900000 0.500000 -5.000000 1 0 0 12.425233 
 -4120000.000000 33899459.452113 7167.900000 0.500000 -5.000000 1 0 0 10.745444 
 -4125000.000000 33899459.452113 7167.900000 0.500000 -5.000000 1 0 0 8.980399 
 -4130000.000000 33899459.452113 7167.900000 0.500000 -5.000000 0 0 1 7.002707 
 -4135000.000000 33899459.452113 7167.900000 0.500000 -5.000000 0 1 0 4.834374 
 -4130000.000000 33899459.452113 7167.900000 0.500000 -5.000000 0 0 1 7.002707 
 -4132500.000000 33899459.452113 7167.900000 0.500000 -5.000000 0 1 0 5.948845 
 -4130000.000000 33899459.452113 7167.900000 0.500000 -5.000000 0 0 1 7.002707 
 -4131250.000000 33899459.452113 7167.900000 0.500000 -5.000000 0 0 1 6.496991 
 -4132500.000000 33899459.452113 7167.900000 0.500000 -5.000000 0 1 0 5.948845 
 -4131250.000000 33899459.452113 7167.900000 0.500000 -5.000000 0 0 1 6.496991 
 -4131875.000000 33899459.452113 7167.900000 0.500000 -5.000000 0 1 0 6.227814 
 -4131250.000000 33899459.452113 7167.900000 0.500000 -5.000000 0 0 1 6.496991 
 -4131562.500000 33899459.452113 7167.900000 0.500000 -5.000000 0 0 1 6.356085 
 -4131875.000000 33899459.452113 7167.900000 0.500000 -5.000000 0 1 0 6.227814 
 -4131562.500000 33899459.452113 7167.900000 0.500000 -5.000000 0 0 1 6.356085 
 -4131718.750000 33899459.452113 7167.900000 0.500000 -5.000000 0 1 0 6.291892 
 -4131562.500000 33899459.452113 7167.900000 0.500000 -5.000000 0 0 1 6.356085 
 -4131640.625000 33899459.452113 7167.900000 0.500000 -5.000000 0 1 0 6.323984 
 -4131562.500000 33899459.452113 7167.900000 0.500000 -5.000000 0 0 1 6.356085 
 -4100000.000000 33899459.452113 7167.900000 0.500000 0.000000 1 0 0 18.946282 
 -4105000.000000 33899459.452113 7167.900000 0.500000 0.000000 1 0 0 17.488422 
 -4110000.000000 33899459.452113 7167.900000 0.500000 0.000000 1 0 0 15.879603 
 -4115000.000000 33899459.452113 7167.900000 0.500000 0.000000 1 0 0 14.195905 
 -4120000.000000 33899459.452113 7167.900000 0.500000 0.000000 1 0 0 12.337212 
 -4125000.000000 33899459.452113 7167.900000 0.500000 0.000000 1 0 0 10.271835 
 -4130000.000000 33899459.452113 7167.900000 0.500000 0.000000 1 0 0 8.081459 
 -4135000.000000 33899459.452113 7167.900000 0.500000 0.000000 0 0 1 5.603547 
 -4140000.000000 33899459.452113 7167.900000 0.500000 0.000000 0 1 0 3.090741 
 -4135000.000000 33899459.452113 7167.900000 0.500000 0.000000 0 0 1 5.603547 
 -4137500.000000 33899459.452113 7167.900000 0.500000 0.000000 0 1 0 4.293116 
 -4135000.000000 33899459.452113 7167.900000 0.500000 0.000000 0 0 1 5.603547 
 -4136250.000000 33899459.452113 7167.900000 0.500000 0.000000 0 1 0 4.949624 
 -4135000.000000 33899459.452113 7167.900000 0.500000 0.000000 0 0 1 5.603547 
 -4135625.000000 33899459.452113 7167.900000 0.500000 0.000000 0 1 0 5.266096 
 -4135000.000000 33899459.452113 7167.900000 0.500000 0.000000 0 0 1 5.603547 
 -4135312.500000 33899459.452113 7167.900000 0.500000 0.000000 0 1 0 5.425208 
 -4135000.000000 33899459.452113 7167.900000 0.500000 0.000000 0 0 1 5.603547 
 -4135156.250000 33899459.452113 7167.900000 0.500000 0.000000 0 0 1 5.523466 
 -4135312.500000 33899459.452113 7167.900000 0.500000 0.000000 0 1 0 5.425208 
 -4135156.250000 33899459.452113 7167.900000 0.500000 0.000000 0 0 1 5.523466 
 -4135234.375000 33899459.452113 7167.900000 0.500000 0.000000 0 0 1 5.483451 
 -4135312.500000 33899459.452113 7167.900000 0.500000 0.000000 0 1 0 5.425208 
 -4135234.375000 33899459.452113 7167.900000 0.500000 0.000000 0 0 1 5.483451 
 -4100000.000000 33899459.452113 7167.900000 0.500000 5.000000 1 0 0 21.221430 
 -4105000.000000 33899459.452113 7167.900000 0.500000 5.000000 1 0 0 19.791582 
 -4110000.000000 33899459.452113 7167.900000 0.500000 5.000000 1 0 0 18.235305 
 -4115000.000000 33899459.452113 7167.900000 0.500000 5.000000 1 0 0 16.517621 
 -4120000.000000 33899459.452113 7167.900000 0.500000 5.000000 1 0 0 14.525079 
 -4125000.000000 33899459.452113 7167.900000 0.500000 5.000000 1 0 0 12.286120 
 -4130000.000000 33899459.452113 7167.900000 0.500000 5.000000 1 0 0 9.648001 
 -4135000.000000 33899459.452113 7167.900000 0.500000 5.000000 1 0 0 6.694357 
 -4140000.000000 33899459.452113 7167.900000 0.500000 5.000000 0 1 0 3.514488 
 -4135000.000000 33899459.452113 7167.900000 0.500000 5.000000 1 0 0 6.694357 
 -4137500.000000 33899459.452113 7167.900000 0.500000 5.000000 0 0 1 5.071905 
 -4140000.000000 33899459.452113 7167.900000 0.500000 5.000000 0 1 0 3.514488 
 -4137500.000000 33899459.452113 7167.900000 0.500000 5.000000 0 0 1 5.071905 
 -4138750.000000 33899459.452113 7167.900000 0.500000 5.000000 0 1 0 4.262712 
 -4137500.000000 33899459.452113 7167.900000 0.500000 5.000000 0 0 1 5.071905 
 -4138125.000000 33899459.452113 7167.900000 0.500000 5.000000 0 1 0 4.660268 
 -4137500.000000 33899459.452113 7167.900000 0.500000 5.000000 0 0 1 5.071905 
 -4137812.500000 33899459.452113 7167.900000 0.500000 5.000000 0 0 1 4.853225 
 -4138125.000000 33899459.452113 7167.900000 0.500000 5.000000 0 1 0 4.660268 
 -4137812.500000 33899459.452113 7167.900000 0.500000 5.000000 0 0 1 4.853225 
 -4137968.750000 33899459.452113 7167.900000 0.500000 5.000000 0 0 1 4.756374 
 -4138125.000000 33899459.452113 7167.900000 0.500000 5.000000 0 1 0 4.660268 
 -4137968.750000 33899459.452113 7167.900000 0.500000 5.000000 0 0 1 4.756374 
 -4138046.875000 33899459.452113 7167.900000 0.500000 5.000000 0 0 1 4.708226 
 -4138125.000000 33899459.452113 7167.900000 0.500000 5.000000 0 1 0 4.660268 
 -4138046.875000 33899459.452113 7167.900000 0.500000 5.000000 0 0 1 4.708226 
 -4100000.000000 33899459.452113 7167.900000 0.500000 10.000000 1 0 0 23.870616 
 -4105000.000000 33899459.452113 7167.900000 0.500000 10.000000 1 0 0 22.523454 
 -4110000.000000 33899459.452113 7167.900000 0.500000 10.000000 1 0 0 20.976707 
 -4115000.000000 33899459.452113 7167.900000 0.500000 10.000000 1 0 0 19.256604 
 -4120000.000000 33899459.452113 7167.900000 0.500000 10.000000 1 0 0 17.333852 
 -4125000.000000 33899459.452113 7167.900000 0.500000 10.000000 1 0 0 15.141183 
 -4130000.000000 33899459.452113 7167.900000 0.500000 10.000000 1 0 0 12.481872 
 -4135000.000000 33899459.452113 7167.900000 0.500000 10.000000 1 0 0 8.858892 
 -4140000.000000 33899459.452113 7167.900000 0.500000 10.000000 0 0 1 4.170458 
 -4145000.000000 33899459.452113 7167.900000 0.500000 10.000000 0 1 0 1.664562 
 -4140000.000000 33899459.452113 7167.900000 0.500000 10.000000 0 0 1 4.170458 
 -4142500.000000 33899459.452113 7167.900000 0.500000 10.000000 0 1 0 2.615873 
 -4140000.000000 33899459.452113 7167.900000 0.500000 10.000000 0 0 1 4.170458 
 -4141250.000000 33899459.452113 7167.900000 0.500000 10.000000 0 1 0 3.289319 
 -4140000.000000 33899459.452113 7167.900000 0.500000 10.000000 0 0 1 4.170458 
 -4140625.000000 33899459.452113 7167.900000 0.500000 10.000000 0 1 0 3.721689 
 -4140000.000000 33899459.452113 7167.900000 0.500000 10.000000 0 0 1 4.170458 
 -4140312.500000 33899459.452113 7167.900000 0.500000 10.000000 0 1 0 3.941081 
 -4140000.000000 33899459.452113 7167.900000 0.500000 10.000000 0 0 1 4.170458 
 -4140156.250000 33899459.452113 7167.900000 0.500000 10.000000 0 0 1 4.054468 
 -4140312.500000 33899459.452113 7167.900000 0.500000 10.000000 0 1 0 3.941081 
 -4140156.250000 33899459.452113 7167.900000 0.500000 10.000000 0 0 1 4.054468 
 -4140234.375000 33899459.452113 7167.900000 0.500000 10.000000 0 1 0 4.023769 
 -4140156.250000 33899459.452113 7167.900000 0.500000 10.000000 0 0 1 4.054468 
 -4100000.000000 33899459.452113 7167.900000 0.500000 15.000000 1 0 0 26.042930 
 -4105000.000000 33899459.452113 7167.900000 0.500000 15.000000 1 0 0 24.830102 
 -4110000.000000 33899459.452113 7167.900000 0.500000 15.000000 1 0 0 23.625842 
 -4115000.000000 33899459.452113 7167.900000 0.500000 15.000000 1 0 0 22.121054 
 -4120000.000000 33899459.452113 7167.900000 0.500000 15.000000 1 0 0 20.448167 
 -4125000.000000 33899459.452113 7167.900000 0.500000 15.000000 1 0 0 18.403229 
 -4130000.000000 33899459.452113 7167.900000 0.500000 15.000000 1 0 0 16.007312 
 -4135000.000000 33899459.452113 7167.900000 0.500000 15.000000 1 0 0 12.792237 
 -4140000.000000 33899459.452113 7167.900000 0.500000 15.000000 1 0 0 7.490227 
 -4145000.000000 33899459.452113 7167.900000 0.500000 15.000000 0 1 0 1.744137 
 -4140000.000000 33899459.452113 7167.900000 0.500000 15.000000 1 0 0 7.490227 
 -4142500.000000 33899459.452113 7167.900000 0.500000 15.000000 0 1 0 2.901856 
 -4140000.000000 33899459.452113 7167.900000 0.500000 15.000000 1 0 0 7.490227 
 -4141250.000000 33899459.452113 7167.900000 0.500000 15.000000 1 0 0 4.736808 
 -4142500.000000 33899459.452113 7167.900000 0.500000 15.000000 0 1 0 2.901856 
 -4141250.000000 33899459.452113 7167.900000 0.500000 15.000000 1 0 0 4.736808 
 -4141875.000000 33899459.452113 7167.900000 0.500000 15.000000 0 1 0 3.406774 
 -4141250.000000 33899459.452113 7167.900000 0.500000 15.000000 1 0 0 4.736808 
 -4141562.500000 33899459.452113 7167.900000 0.500000 15.000000 1 0 0 3.645195 
 -4141875.000000 33899459.452113 7167.900000 0.500000 15.000000 0 1 0 3.406774 
 -4141562.500000 33899459.452113 7167.900000 0.500000 15.000000 1 0 0 3.645195 
 -4141718.750000 33899459.452113 7167.900000 0.500000 15.000000 0 0 1 3.538972 
 -4141875.000000 33899459.452113 7167.900000 0.500000 15.000000 0 1 0 3.406774 
 -4141718.750000 33899459.452113 7167.900000 0.500000 15.000000 0 0 1 3.538972 
 -4141796.875000 33899459.452113 7167.900000 0.500000 15.000000 0 1 0 3.441614 
 -4141718.750000 33899459.452113 7167.900000 0.500000 15.000000 0 0 1 3.538972 
 -4100000.000000 33899459.452113 7167.900000 0.500000 20.000000 1 0 0 27.752555 
 -4105000.000000 33899459.452113 7167.900000 0.500000 20.000000 1 0 0 26.308323 
 -4110000.000000 33899459.452113 7167.900000 0.500000 20.000000 1 0 0 25.197378 
 -4115000.000000 33899459.452113 7167.900000 0.500000 20.000000 1 0 0 24.172383 
 -4120000.000000 33899459.452113 7167.900000 0.500000 20.000000 1 0 0 22.803820 
 -4125000.000000 33899459.452113 7167.900000 0.500000 20.000000 1 0 0 21.098296 
 -4130000.000000 33899459.452113 7167.900000 0.500000 20.000000 1 0 0 18.994844 
 -4135000.000000 33899459.452113 7167.900000 0.500000 20.000000 1 0 0 16.298424 
 -4140000.000000 33899459.452113 7167.900000 0.500000 20.000000 1 0 0 11.945821 
 -4145000.000000 33899459.452113 7167.900000 0.500000 20.000000 0 1 0 1.808333 
 -4140000.000000 33899459.452113 7167.900000 0.500000 20.000000 1 0 0 11.945821 
 -4142500.000000 33899459.452113 7167.900000 0.500000 20.000000 1 0 0 6.476509 
 -4145000.000000 33899459.452113 7167.900000 0.500000 20.000000 0 1 0 1.808333 
 -4142500.000000 33899459.452113 7167.900000 0.500000 20.000000 1 0 0 6.476509 
 -4143750.000000 33899459.452113 7167.900000 0.500000 20.000000 0 1 0 2.402028 
 -4142500.000000 33899459.452113 7167.900000 0.500000 20.000000 1 0 0 6.476509 
 -4143125.000000 33899459.452113 7167.900000 0.500000 20.000000 0 1 0 2.795000 
 -4142500.000000 33899459.452113 7167.900000 0.500000 20.000000 1 0 0 6.476509 
 -4142812.500000 33899459.452113 7167.900000 0.500000 20.000000 0 1 0 3.059083 
 -4142500.000000 33899459.452113 7167.900000 0.500000 20.000000 1 0 0 6.476509 
 -4142656.250000 33899459.452113 7167.900000 0.500000 20.000000 1 0 0 5.709171 
 -4142812.500000 33899459.452113 7167.900000 0.500000 20.000000 0 1 0 3.059083 
 -4142656.250000 33899459.452113 7167.900000 0.500000 20.000000 1 0 0 5.709171 
 -4142734.375000 33899459.452113 7167.900000 0.500000 20.000000 1 0 0 4.296780 
 -4142812.500000 33899459.452113 7167.900000 0.500000 20.000000 0 1 0 3.059083 
 -4142734.375000 33899459.452113 7167.900000 0.500000 20.000000 1 0 0 4.296780 
 -4100000.000000 33899459.452113 7167.900000 0.500000 25.000000 1 0 0 28.495554 
 -4105000.000000 33899459.452113 7167.900000 0.500000 25.000000 1 0 0 27.171605 
 -4110000.000000 33899459.452113 7167.900000 0.500000 25.000000 1 0 0 26.447461 
 -4115000.000000 33899459.452113 7167.900000 0.500000 25.000000 1 0 0 25.329524 
 -4120000.000000 33899459.452113 7167.900000 0.500000 25.000000 1 0 0 24.035434 
 -4125000.000000 33899459.452113 7167.900000 0.500000 25.000000 1 0 0 22.601835 
 -4130000.000000 33899459.452113 7167.900000 0.500000 25.000000 1 0 0 21.049901 
 -4135000.000000 33899459.452113 7167.900000 0.500000 25.000000 1 0 0 18.611447 
 -4140000.000000 33899459.452113 7167.900000 0.500000 25.000000 1 0 0 15.088880 
 -4145000.000000 33899459.452113 7167.900000 0.500000 25.000000 0 1 0 1.840819 
 -4140000.000000 33899459.452113 7167.900000 0.500000 25.000000 1 0 0 15.088880 
 -4142500.000000 33899459.452113 7167.900000 0.500000 25.000000 1 0 0 11.376955 
 -4145000.000000 33899459.452113 7167.900000 0.500000 25.000000 0 1 0 1.840819 
 -4142500.000000 33899459.452113 7167.900000 0.500000 25.000000 1 0 0 11.376955 
 -4143750.000000 33899459.452113 7167.900000 0.500000 25.000000 0 1 0 2.568421 
 -4142500.000000 33899459.452113 7167.900000 0.500000 25.000000 1 0 0 11.376955 
 -4143125.000000 33899459.452113 7167.900000 0.500000 25.000000 1 0 0 9.207025 
 -4143750.000000 33899459.452113 7167.900000 0.500000 25.000000 0 1 0 2.568421 
 -4143125.000000 33899459.452113 7167.900000 0.500000 25.000000 1 0 0 9.207025 
 -4143437.500000 33899459.452113 7167.900000 0.500000 25.000000 1 0 0 7.309693 
 -4143750.000000 33899459.452113 7167.900000 0.500000 25.000000 0 1 0 2.568421 
 -4143437.500000 33899459.452113 7167.900000 0.500000 25.000000 1 0 0 7.309693 
 -4143593.750000 33899459.452113 7167.900000 0.500000 25.000000 0 1 0 2.706463 
 -4143437.500000 33899459.452113 7167.900000 0.500000 25.000000 1 0 0 7.309693 
 -4143515.625000 33899459.452113 7167.900000 0.500000 25.000000 0 0 1 2.786526 
 -4143593.750000 33899459.452113 7167.900000 0.500000 25.000000 0 1 0 2.706463 
 -4143515.625000 33899459.452113 7167.900000 0.500000 25.000000 0 0 1 2.786526 
