 -4150000.000000 33899459.452113 7167.900000 0.500000 -1.500000 0 1 0 3.001511 0.349066 -0.000065 -0.000001 -0.026180 
 -4149500.000000 33899459.452113 7167.900000 0.500000 -1.500000 0 1 0 3.375028 0.349066 -0.000065 -0.000001 -0.026180 
 -4149000.000000 33899459.452113 7167.900000 0.500000 -1.500000 0 1 0 3.845122 0.349066 -0.000065 -0.000001 -0.026180 
 -4148500.000000 33899459.452113 7167.900000 0.500000 -1.500000 1 0 0 4.353870 0.349066 -0.000065 -0.000001 -0.026180 
 -4149000.000000 33899459.452113 7167.900000 0.500000 -1.500000 0 1 0 3.845122 0.349066 -0.000065 -0.000001 -0.026180 
 -4148750.000000 33899459.452113 7167.900000 0.500000 -1.500000 0 0 1 4.059165 0.349066 -0.000065 -0.000001 -0.026180 
 -4148875.000000 33899459.452113 7167.900000 0.500000 -1.500000 0 1 0 3.951210 0.349066 -0.000065 -0.000001 -0.026180 
 -4148812.500000 33899459.452113 7167.900000 0.500000 -1.500000 0 0 1 4.021244 0.349066 -0.000065 -0.000001 -0.026180 
 -4148843.750000 33899459.452113 7167.900000 0.500000 -1.500000 0 0 1 3.986025 0.349066 -0.000065 -0.000001 -0.026180 
 -4148859.375000 33899459.452113 7167.900000 0.500000 -1.500000 0 1 0 3.952231 0.349066 -0.000065 -0.000001 -0.026180 
 -4148843.750000 33899459.452113 7167.900000 0.500000 -1.500000 0 0 1 3.986025 0.349066 -0.000065 -0.000001 -0.026180 
 -4150000.000000 33899459.452113 7167.900000 0.500000 -1.250000 0 1 0 3.000360 0.349066 -0.000055 -0.000001 -0.021817 
 -4149500.000000 33899459.452113 7167.900000 0.500000 -1.250000 0 1 0 3.372962 0.349066 -0.000055 -0.000001 -0.021817 
 -4149000.000000 33899459.452113 7167.900000 0.500000 -1.250000 0 1 0 3.842485 0.349066 -0.000055 -0.000001 -0.021817 
 -4148500.000000 33899459.452113 7167.900000 0.500000 -1.250000 1 0 0 4.352033 0.349066 -0.000055 -0.000001 -0.021817 
 -4149000.000000 33899459.452113 7167.900000 0.500000 -1.250000 0 1 0 3.842485 0.349066 -0.000055 -0.000001 -0.021817 
 -4148750.000000 33899459.452113 7167.900000 0.500000 -1.250000 0 0 1 4.056583 0.349066 -0.000055 -0.000001 -0.021817 
 -4148875.000000 33899459.452113 7167.900000 0.500000 -1.250000 0 1 0 3.948568 0.349066 -0.000055 -0.000001 -0.021817 
 -4148812.500000 33899459.452113 7167.900000 0.500000 -1.250000 0 0 1 4.018769 0.349066 -0.000055 -0.000001 -0.021817 
 -4148843.750000 33899459.452113 7167.900000 0.500000 -1.250000 0 0 1 3.983518 0.349066 -0.000055 -0.000001 -0.021817 
 -4148859.375000 33899459.452113 7167.900000 0.500000 -1.250000 0 1 0 3.949589 0.349066 -0.000055 -0.000001 -0.021817 
 -4148843.750000 33899459.452113 7167.900000 0.500000 -1.250000 0 0 1 3.983518 0.349066 -0.000055 -0.000001 -0.021817 
 -4150000.000000 33899459.452113 7167.900000 0.500000 -1.000000 0 1 0 2.999426 0.349066 -0.000044 -0.000001 -0.017453 
 -4149500.000000 33899459.452113 7167.900000 0.500000 -1.000000 0 1 0 3.371283 0.349066 -0.000044 -0.000001 -0.017453 
 -4149000.000000 33899459.452113 7167.900000 0.500000 -1.000000 0 1 0 3.840407 0.349066 -0.000044 -0.000001 -0.017453 
 -4148500.000000 33899459.452113 7167.900000 0.500000 -1.000000 1 0 0 4.350679 0.349066 -0.000044 -0.000001 -0.017453 
 -4149000.000000 33899459.452113 7167.900000 0.500000 -1.000000 0 1 0 3.840407 0.349066 -0.000044 -0.000001 -0.017453 
 -4148750.000000 33899459.452113 7167.900000 0.500000 -1.000000 0 0 1 4.054477 0.349066 -0.000044 -0.000001 -0.017453 
 -4148875.000000 33899459.452113 7167.900000 0.500000 -1.000000 0 0 1 3.946415 0.349066 -0.000044 -0.000001 -0.017453 
 -4148937.500000 33899459.452113 7167.900000 0.500000 -1.000000 0 1 0 3.909662 0.349066 -0.000044 -0.000001 -0.017453 
 -4148875.000000 33899459.452113 7167.900000 0.500000 -1.000000 0 0 1 3.946415 0.349066 -0.000044 -0.000001 -0.017453 
 -4148906.250000 33899459.452113 7167.900000 0.500000 -1.000000 0 1 0 3.944371 0.349066 -0.000044 -0.000001 -0.017453 
 -4148890.625000 33899459.452113 7167.900000 0.500000 -1.000000 0 1 0 3.912716 0.349066 -0.000044 -0.000001 -0.017453 
 -4150000.000000 33899459.452113 7167.900000 0.500000 -0.750000 0 1 0 2.998704 0.349066 -0.000033 -0.000001 -0.013090 
 -4149500.000000 33899459.452113 7167.900000 0.500000 -0.750000 0 1 0 3.369983 0.349066 -0.000033 -0.000001 -0.013090 
 -4149000.000000 33899459.452113 7167.900000 0.500000 -0.750000 0 1 0 3.838797 0.349066 -0.000033 -0.000001 -0.013090 
 -4148500.000000 33899459.452113 7167.900000 0.500000 -0.750000 1 0 0 4.349655 0.349066 -0.000033 -0.000001 -0.013090 
 -4149000.000000 33899459.452113 7167.900000 0.500000 -0.750000 0 1 0 3.838797 0.349066 -0.000033 -0.000001 -0.013090 
 -4148750.000000 33899459.452113 7167.900000 0.500000 -0.750000 0 0 1 4.052849 0.349066 -0.000033 -0.000001 -0.013090 
 -4148875.000000 33899459.452113 7167.900000 0.500000 -0.750000 0 0 1 3.944753 0.349066 -0.000033 -0.000001 -0.013090 
 -4148937.500000 33899459.452113 7167.900000 0.500000 -0.750000 0 1 0 3.907982 0.349066 -0.000033 -0.000001 -0.013090 
 -4148875.000000 33899459.452113 7167.900000 0.500000 -0.750000 0 0 1 3.944753 0.349066 -0.000033 -0.000001 -0.013090 
 -4148906.250000 33899459.452113 7167.900000 0.500000 -0.750000 0 0 1 3.942702 0.349066 -0.000033 -0.000001 -0.013090 
 -4148921.875000 33899459.452113 7167.900000 0.500000 -0.750000 0 1 0 3.909000 0.349066 -0.000033 -0.000001 -0.013090 
 -4148906.250000 33899459.452113 7167.900000 0.500000 -0.750000 0 0 1 3.942702 0.349066 -0.000033 -0.000001 -0.013090 
 -4150000.000000 33899459.452113 7167.900000 0.500000 -0.500000 0 1 0 2.998190 0.349066 -0.000022 -0.000000 -0.008727 
 -4149500.000000 33899459.452113 7167.900000 0.500000 -0.500000 0 1 0 3.369058 0.349066 -0.000022 -0.000000 -0.008727 
 -4149000.000000 33899459.452113 7167.900000 0.500000 -0.500000 0 1 0 3.837650 0.349066 -0.000022 -0.000000 -0.008727 
 -4148500.000000 33899459.452113 7167.900000 0.500000 -0.500000 1 0 0 4.348921 0.349066 -0.000022 -0.000000 -0.008727 
 -4149000.000000 33899459.452113 7167.900000 0.500000 -0.500000 0 1 0 3.837650 0.349066 -0.000022 -0.000000 -0.008727 
 -4148750.000000 33899459.452113 7167.900000 0.500000 -0.500000 0 0 1 4.051746 0.349066 -0.000022 -0.000000 -0.008727 
 -4148875.000000 33899459.452113 7167.900000 0.500000 -0.500000 0 0 1 3.943613 0.349066 -0.000022 -0.000000 -0.008727 
 -4148937.500000 33899459.452113 7167.900000 0.500000 -0.500000 0 1 0 3.906785 0.349066 -0.000022 -0.000000 -0.008727 
 -4148875.000000 33899459.452113 7167.900000 0.500000 -0.500000 0 0 1 3.943613 0.349066 -0.000022 -0.000000 -0.008727 
 -4148906.250000 33899459.452113 7167.900000 0.500000 -0.500000 0 0 1 3.941552 0.349066 -0.000022 -0.000000 -0.008727 
 -4148921.875000 33899459.452113 7167.900000 0.500000 -0.500000 0 1 0 3.907804 0.349066 -0.000022 -0.000000 -0.008727 
 -4148906.250000 33899459.452113 7167.900000 0.500000 -0.500000 0 0 1 3.941552 0.349066 -0.000022 -0.000000 -0.008727 
