 -4100000.000000 33899459.452113 7167.900000 0.500000 -10.000000 0 0 1 16.500553 
 -4105000.000000 33899459.452113 7167.900000 0.500000 -10.000000 0 0 1 16.500553 
 -4110000.000000 33899459.452113 7167.900000 0.500000 -10.000000 0 0 1 15.218108 
 -4115000.000000 33899459.452113 7167.900000 0.500000 -10.000000 0 1 0 13.966838 
 -4112500.000000 33899459.452113 7167.900000 0.500000 -10.000000 0 1 0 12.753423 
 -4110000.000000 33899459.452113 7167.900000 0.500000 -10.000000 0 1 0 13.487097 
 -4107500.000000 33899459.452113 7167.900000 0.500000 -10.000000 0 1 0 13.966838 
 -4105000.000000 33899459.452113 7167.900000 0.500000 -10.000000 0 0 1 14.606881 
 -4107500.000000 33899459.452113 7167.900000 0.500000 -10.000000 0 0 1 15.218108 
 -4110000.000000 33899459.452113 7167.900000 0.500000 -10.000000 0 0 1 14.606881 
 -4112500.000000 33899459.452113 7167.900000 0.500000 -10.000000 0 1 0 13.966838 
 -4111250.000000 33899459.452113 7167.900000 0.500000 -10.000000 0 1 0 13.487097 
 -4110000.000000 33899459.452113 7167.900000 0.500000 -10.000000 0 1 0 13.725653 
 -4108750.000000 33899459.452113 7167.900000 0.500000 -10.000000 0 1 0 13.966838 
 -4107500.000000 33899459.452113 7167.900000 0.500000 -10.000000 0 0 1 14.395226 
 -4108750.000000 33899459.452113 7167.900000 0.500000 -10.000000 0 0 1 14.606881 
 -4110000.000000 33899459.452113 7167.900000 0.500000 -10.000000 0 0 1 14.395226 
 -4111250.000000 33899459.452113 7167.900000 0.500000 -10.000000 0 1 0 13.966838 
 -4110625.000000 33899459.452113 7167.900000 0.500000 -10.000000 0 1 0 13.725653 
 -4110000.000000 33899459.452113 7167.900000 0.500000 -10.000000 0 1 0 13.850208 
 -4109375.000000 33899459.452113 7167.900000 0.500000 -10.000000 0 1 0 13.966838 
 -4108750.000000 33899459.452113 7167.900000 0.500000 -10.000000 0 0 1 14.296996 
 -4109375.000000 33899459.452113 7167.900000 0.500000 -10.000000 0 0 1 14.395226 
 -4110000.000000 33899459.452113 7167.900000 0.500000 -10.000000 0 0 1 14.296996 
 -4110625.000000 33899459.452113 7167.900000 0.500000 -10.000000 0 1 0 13.966838 
 -4110312.500000 33899459.452113 7167.900000 0.500000 -10.000000 0 1 0 13.850208 
 -4110000.000000 33899459.452113 7167.900000 0.500000 -10.000000 0 1 0 14.006083 
 -4109687.500000 33899459.452113 7167.900000 0.500000 -10.000000 0 1 0 13.966838 
 -4109375.000000 33899459.452113 7167.900000 0.500000 -10.000000 0 1 0 14.124177 
 -4109062.500000 33899459.452113 7167.900000 0.500000 -10.000000 0 0 1 14.296996 
 -4109375.000000 33899459.452113 7167.900000 0.500000 -10.000000 0 1 0 14.236682 
 -4109218.750000 33899459.452113 7167.900000 0.500000 -10.000000 0 0 1 14.296996 
 -4109375.000000 33899459.452113 7167.900000 0.500000 -10.000000 0 1 0 14.156387 
 -4109296.875000 33899459.452113 7167.900000 0.500000 -10.000000 0 0 1 14.296996 
 -4109375.000000 33899459.452113 7167.900000 0.500000 -10.000000 0 0 1 14.334405 
 -4109453.125000 33899459.452113 7167.900000 0.500000 -10.000000 0 0 1 14.296996 
 -4109531.250000 33899459.452113 7167.900000 0.500000 -10.000000 0 1 0 14.259272 
 -4109492.187500 33899459.452113 7167.900000 0.500000 -10.000000 0 1 0 14.203110 
