 -4100000.000000 33899459.452113 7167.900000 0.500000 -25.000000 0 0 1 11.941801 
 -4095000.000000 33899459.452113 7167.900000 0.500000 -25.000000 0 0 1 13.075550 
 -4090000.000000 33899459.452113 7167.900000 0.500000 -25.000000 0 0 1 14.192940 
 -4085000.000000 33899459.452113 7167.900000 0.500000 -25.000000 0 0 1 15.242315 
 -4080000.000000 33899459.452113 7167.900000 0.500000 -25.000000 0 0 1 16.257473 
 -4075000.000000 33899459.452113 7167.900000 0.500000 -25.000000 0 0 1 17.259312 
 -4070000.000000 33899459.452113 7167.900000 0.500000 -25.000000 0 0 1 18.246952 
 -4065000.000000 33899459.452113 7167.900000 0.500000 -25.000000 0 0 1 19.223128 
 -4060000.000000 33899459.452113 7167.900000 0.500000 -25.000000 1 0 0 20.187874 
 -4065000.000000 33899459.452113 7167.900000 0.500000 -25.000000 0 0 1 19.223128 
 -4060000.000000 33899459.452113 7167.900000 0.500000 -25.000000 1 0 0 20.187874 
 -4062500.000000 33899459.452113 7167.900000 0.500000 -25.000000 0 0 1 19.708692 
 -4060000.000000 33899459.452113 7167.900000 0.500000 -25.000000 1 0 0 20.187874 
 -4061250.000000 33899459.452113 7167.900000 0.500000 -25.000000 0 0 1 19.950274 
 -4060000.000000 33899459.452113 7167.900000 0.500000 -25.000000 1 0 0 20.187874 
 -4060625.000000 33899459.452113 7167.900000 0.500000 -25.000000 1 0 0 20.062398 
 -4061250.000000 33899459.452113 7167.900000 0.500000 -25.000000 0 0 1 19.950274 
 -4060625.000000 33899459.452113 7167.900000 0.500000 -25.000000 1 0 0 20.062398 
 -4060937.500000 33899459.452113 7167.900000 0.500000 -25.000000 1 0 0 20.011881 
 -4061250.000000 33899459.452113 7167.900000 0.500000 -25.000000 0 0 1 19.950274 
 -4060937.500000 33899459.452113 7167.900000 0.500000 -25.000000 1 0 0 20.011881 
 -4061093.750000 33899459.452113 7167.900000 0.500000 -25.000000 0 0 1 19.978582 
 -4060937.500000 33899459.452113 7167.900000 0.500000 -25.000000 1 0 0 20.011881 
 -4061015.625000 33899459.452113 7167.900000 0.500000 -25.000000 0 0 1 19.992313 
 -4060937.500000 33899459.452113 7167.900000 0.500000 -25.000000 1 0 0 20.011881 
 -4100000.000000 33899459.452113 7167.900000 0.500000 -20.000000 0 0 1 12.894226 
 -4095000.000000 33899459.452113 7167.900000 0.500000 -20.000000 0 0 1 14.095450 
 -4090000.000000 33899459.452113 7167.900000 0.500000 -20.000000 0 0 1 15.231606 
 -4085000.000000 33899459.452113 7167.900000 0.500000 -20.000000 1 0 0 16.304770 
 -4090000.000000 33899459.452113 7167.900000 0.500000 -20.000000 0 0 1 15.231606 
 -4085000.000000 33899459.452113 7167.900000 0.500000 -20.000000 1 0 0 16.304770 
 -4087500.000000 33899459.452113 7167.900000 0.500000 -20.000000 0 0 1 15.773959 
 -4085000.000000 33899459.452113 7167.900000 0.500000 -20.000000 1 0 0 16.304770 
 -4086250.000000 33899459.452113 7167.900000 0.500000 -20.000000 0 0 1 16.045785 
 -4085000.000000 33899459.452113 7167.900000 0.500000 -20.000000 1 0 0 16.304770 
 -4085625.000000 33899459.452113 7167.900000 0.500000 -20.000000 1 0 0 16.173473 
 -4086250.000000 33899459.452113 7167.900000 0.500000 -20.000000 0 0 1 16.045785 
 -4085625.000000 33899459.452113 7167.900000 0.500000 -20.000000 1 0 0 16.173473 
 -4085937.500000 33899459.452113 7167.900000 0.500000 -20.000000 1 0 0 16.106368 
 -4086250.000000 33899459.452113 7167.900000 0.500000 -20.000000 0 0 1 16.045785 
 -4085937.500000 33899459.452113 7167.900000 0.500000 -20.000000 1 0 0 16.106368 
 -4086093.750000 33899459.452113 7167.900000 0.500000 -20.000000 1 0 0 16.076378 
 -4086250.000000 33899459.452113 7167.900000 0.500000 -20.000000 0 0 1 16.045785 
 -4086093.750000 33899459.452113 7167.900000 0.500000 -20.000000 1 0 0 16.076378 
 -4086171.875000 33899459.452113 7167.900000 0.500000 -20.000000 0 0 1 16.061193 
 -4086093.750000 33899459.452113 7167.900000 0.500000 -20.000000 1 0 0 16.076378 
 -4100000.000000 33899459.452113 7167.900000 0.500000 -15.000000 1 0 0 14.041743 
 -4105000.000000 33899459.452113 7167.900000 0.500000 -15.000000 0 0 1 12.734074 
 -4100000.000000 33899459.452113 7167.900000 0.500000 -15.000000 1 0 0 14.041743 
 -4102500.000000 33899459.452113 7167.900000 0.500000 -15.000000 1 0 0 13.383464 
 -4105000.000000 33899459.452113 7167.900000 0.500000 -15.000000 0 0 1 12.734074 
 -4102500.000000 33899459.452113 7167.900000 0.500000 -15.000000 1 0 0 13.383464 
 -4103750.000000 33899459.452113 7167.900000 0.500000 -15.000000 1 0 0 13.056945 
 -4105000.000000 33899459.452113 7167.900000 0.500000 -15.000000 0 0 1 12.734074 
 -4103750.000000 33899459.452113 7167.900000 0.500000 -15.000000 1 0 0 13.056945 
 -4104375.000000 33899459.452113 7167.900000 0.500000 -15.000000 1 0 0 12.890913 
 -4105000.000000 33899459.452113 7167.900000 0.500000 -15.000000 0 0 1 12.734074 
 -4104375.000000 33899459.452113 7167.900000 0.500000 -15.000000 1 0 0 12.890913 
 -4104687.500000 33899459.452113 7167.900000 0.500000 -15.000000 0 0 1 12.801682 
 -4104375.000000 33899459.452113 7167.900000 0.500000 -15.000000 1 0 0 12.890913 
 -4104531.250000 33899459.452113 7167.900000 0.500000 -15.000000 0 0 1 12.851116 
 -4104375.000000 33899459.452113 7167.900000 0.500000 -15.000000 1 0 0 12.890913 
 -4104453.125000 33899459.452113 7167.900000 0.500000 -15.000000 0 0 1 12.871077 
 -4104375.000000 33899459.452113 7167.900000 0.500000 -15.000000 1 0 0 12.890913 
 -4100000.000000 33899459.452113 7167.900000 0.500000 -10.000000 1 0 0 15.363770 
 -4105000.000000 33899459.452113 7167.900000 0.500000 -10.000000 1 0 0 14.033121 
 -4110000.000000 33899459.452113 7167.900000 0.500000 -10.000000 1 0 0 12.576026 
 -4115000.000000 33899459.452113 7167.900000 0.500000 -10.000000 1 0 0 11.142774 
 -4120000.000000 33899459.452113 7167.900000 0.500000 -10.000000 0 0 1 9.655118 
 -4115000.000000 33899459.452113 7167.900000 0.500000 -10.000000 1 0 0 11.142774 
 -4117500.000000 33899459.452113 7167.900000 0.500000 -10.000000 1 0 0 10.411845 
 -4120000.000000 33899459.452113 7167.900000 0.500000 -10.000000 0 0 1 9.655118 
 -4117500.000000 33899459.452113 7167.900000 0.500000 -10.000000 1 0 0 10.411845 
 -4118750.000000 33899459.452113 7167.900000 0.500000 -10.000000 0 0 1 10.035426 
 -4117500.000000 33899459.452113 7167.900000 0.500000 -10.000000 1 0 0 10.411845 
 -4118125.000000 33899459.452113 7167.900000 0.500000 -10.000000 0 0 1 10.225415 
 -4117500.000000 33899459.452113 7167.900000 0.500000 -10.000000 1 0 0 10.411845 
 -4117812.500000 33899459.452113 7167.900000 0.500000 -10.000000 0 0 1 10.324218 
 -4117500.000000 33899459.452113 7167.900000 0.500000 -10.000000 1 0 0 10.411845 
 -4117656.250000 33899459.452113 7167.900000 0.500000 -10.000000 0 0 1 10.368501 
 -4117500.000000 33899459.452113 7167.900000 0.500000 -10.000000 1 0 0 10.411845 
 -4117578.125000 33899459.452113 7167.900000 0.500000 -10.000000 0 0 1 10.390287 
 -4117500.000000 33899459.452113 7167.900000 0.500000 -10.000000 1 0 0 10.411845 
 -4100000.000000 33899459.452113 7167.900000 0.500000 -5.000000 1 0 0 16.949604 
 -4105000.000000 33899459.452113 7167.900000 0.500000 -5.000000 1 0 0 15.556218 
 -4110000.000000 33899459.452113 7167.900000 0.500000 -5.000000 1 0 0 14.075426 
 -4115000.000000 33899459.452113 7167.900000 0.500000 -5.000000 1 0 0 12.448329 
 -4120000.000000 33899459.452113 7167.900000 0.500000 -5.000000 1 0 0 10.769373 
 -4125000.000000 33899459.452113 7167.900000 0.500000 -5.000000 1 0 0 9.002801 
 -4130000.000000 33899459.452113 7167.900000 0.500000 -5.000000 0 0 1 7.023251 
 -4125000.000000 33899459.452113 7167.900000 0.500000 -5.000000 1 0 0 9.002801 
 -4127500.000000 33899459.452113 7167.900000 0.500000 -5.000000 0 0 1 8.016780 
 -4125000.000000 33899459.452113 7167.900000 0.500000 -5.000000 1 0 0 9.002801 
 -4126250.000000 33899459.452113 7167.900000 0.500000 -5.000000 1 0 0 8.515859 
 -4127500.000000 33899459.452113 7167.900000 0.500000 -5.000000 0 0 1 8.016780 
 -4126250.000000 33899459.452113 7167.900000 0.500000 -5.000000 1 0 0 8.515859 
 -4126875.000000 33899459.452113 7167.900000 0.500000 -5.000000 0 0 1 8.266401 
 -4126250.000000 33899459.452113 7167.900000 0.500000 -5.000000 1 0 0 8.515859 
 -4126562.500000 33899459.452113 7167.900000 0.500000 -5.000000 1 0 0 8.398103 
 -4126875.000000 33899459.452113 7167.900000 0.500000 -5.000000 0 0 1 8.266401 
 -4126562.500000 33899459.452113 7167.900000 0.500000 -5.000000 1 0 0 8.398103 
 -4126718.750000 33899459.452113 7167.900000 0.500000 -5.000000 1 0 0 8.324964 
 -4126875.000000 33899459.452113 7167.900000 0.500000 -5.000000 0 0 1 8.266401 
 -4126718.750000 33899459.452113 7167.900000 0.500000 -5.000000 1 0 0 8.324964 
 -4126796.875000 33899459.452113 7167.900000 0.500000 -5.000000 0 0 1 8.295733 
 -4126718.750000 33899459.452113 7167.900000 0.500000 -5.000000 1 0 0 8.324964 
 -4100000.000000 33899459.452113 7167.900000 0.500000 0.000000 1 0 0 18.960215 
 -4105000.000000 33899459.452113 7167.900000 0.500000 0.000000 1 0 0 17.500894 
 -4110000.000000 33899459.452113 7167.900000 0.500000 0.000000 1 0 0 15.893157 
 -4115000.000000 33899459.452113 7167.900000 0.500000 0.000000 1 0 0 14.211706 
 -4120000.000000 33899459.452113 7167.900000 0.500000 0.000000 1 0 0 12.352852 
 -4125000.000000 33899459.452113 7167.900000 0.500000 0.000000 1 0 0 10.289941 
 -4130000.000000 33899459.452113 7167.900000 0.500000 0.000000 1 0 0 8.098924 
 -4135000.000000 33899459.452113 7167.900000 0.500000 0.000000 0 0 1 5.619610 
 -4130000.000000 33899459.452113 7167.900000 0.500000 0.000000 1 0 0 8.098924 
 -4132500.000000 33899459.452113 7167.900000 0.500000 0.000000 1 0 0 6.895049 
 -4135000.000000 33899459.452113 7167.900000 0.500000 0.000000 0 0 1 5.619610 
 -4132500.000000 33899459.452113 7167.900000 0.500000 0.000000 1 0 0 6.895049 
 -4133750.000000 33899459.452113 7167.900000 0.500000 0.000000 0 0 1 6.285290 
 -4132500.000000 33899459.452113 7167.900000 0.500000 0.000000 1 0 0 6.895049 
 -4133125.000000 33899459.452113 7167.900000 0.500000 0.000000 0 0 1 6.601897 
 -4132500.000000 33899459.452113 7167.900000 0.500000 0.000000 1 0 0 6.895049 
 -4132812.500000 33899459.452113 7167.900000 0.500000 0.000000 1 0 0 6.732209 
 -4133125.000000 33899459.452113 7167.900000 0.500000 0.000000 0 0 1 6.601897 
 -4132812.500000 33899459.452113 7167.900000 0.500000 0.000000 1 0 0 6.732209 
 -4132968.750000 33899459.452113 7167.900000 0.500000 0.000000 1 0 0 6.675647 
 -4133125.000000 33899459.452113 7167.900000 0.500000 0.000000 0 0 1 6.601897 
 -4132968.750000 33899459.452113 7167.900000 0.500000 0.000000 1 0 0 6.675647 
 -4133046.875000 33899459.452113 7167.900000 0.500000 0.000000 1 0 0 6.638631 
 -4133125.000000 33899459.452113 7167.900000 0.500000 0.000000 0 0 1 6.601897 
 -4133046.875000 33899459.452113 7167.900000 0.500000 0.000000 1 0 0 6.638631 
 -4100000.000000 33899459.452113 7167.900000 0.500000 5.000000 1 0 0 21.219737 
 -4105000.000000 33899459.452113 7167.900000 0.500000 5.000000 1 0 0 19.792020 
 -4110000.000000 33899459.452113 7167.900000 0.500000 5.000000 1 0 0 18.235536 
 -4115000.000000 33899459.452113 7167.900000 0.500000 5.000000 1 0 0 16.516899 
 -4120000.000000 33899459.452113 7167.900000 0.500000 5.000000 1 0 0 14.524509 
 -4125000.000000 33899459.452113 7167.900000 0.500000 5.000000 1 0 0 12.289874 
 -4130000.000000 33899459.452113 7167.900000 0.500000 5.000000 1 0 0 9.656283 
 -4135000.000000 33899459.452113 7167.900000 0.500000 5.000000 1 0 0 6.706916 
 -4140000.000000 33899459.452113 7167.900000 0.500000 5.000000 0 1 0 3.525483 
 -4135000.000000 33899459.452113 7167.900000 0.500000 5.000000 1 0 0 6.706916 
 -4140000.000000 33899459.452113 7167.900000 0.500000 5.000000 0 1 0 3.525483 
 -4137500.000000 33899459.452113 7167.900000 0.500000 5.000000 0 0 1 5.084562 
 -4135000.000000 33899459.452113 7167.900000 0.500000 5.000000 1 0 0 6.706916 
 -4137500.000000 33899459.452113 7167.900000 0.500000 5.000000 0 0 1 5.084562 
 -4135000.000000 33899459.452113 7167.900000 0.500000 5.000000 1 0 0 6.706916 
 -4136250.000000 33899459.452113 7167.900000 0.500000 5.000000 1 0 0 5.927796 
 -4137500.000000 33899459.452113 7167.900000 0.500000 5.000000 0 0 1 5.084562 
 -4136250.000000 33899459.452113 7167.900000 0.500000 5.000000 1 0 0 5.927796 
 -4136875.000000 33899459.452113 7167.900000 0.500000 5.000000 1 0 0 5.507704 
 -4137500.000000 33899459.452113 7167.900000 0.500000 5.000000 0 0 1 5.084562 
 -4136875.000000 33899459.452113 7167.900000 0.500000 5.000000 1 0 0 5.507704 
 -4137187.500000 33899459.452113 7167.900000 0.500000 5.000000 1 0 0 5.283317 
 -4137500.000000 33899459.452113 7167.900000 0.500000 5.000000 0 0 1 5.084562 
 -4137187.500000 33899459.452113 7167.900000 0.500000 5.000000 1 0 0 5.283317 
 -4137343.750000 33899459.452113 7167.900000 0.500000 5.000000 0 0 1 5.183642 
 -4137187.500000 33899459.452113 7167.900000 0.500000 5.000000 1 0 0 5.283317 
 -4137265.625000 33899459.452113 7167.900000 0.500000 5.000000 0 0 1 5.233408 
 -4137187.500000 33899459.452113 7167.900000 0.500000 5.000000 1 0 0 5.283317 
 -4100000.000000 33899459.452113 7167.900000 0.500000 10.000000 1 0 0 23.861152 
 -4105000.000000 33899459.452113 7167.900000 0.500000 10.000000 1 0 0 22.509691 
 -4110000.000000 33899459.452113 7167.900000 0.500000 10.000000 1 0 0 20.959320 
 -4115000.000000 33899459.452113 7167.900000 0.500000 10.000000 1 0 0 19.239138 
 -4120000.000000 33899459.452113 7167.900000 0.500000 10.000000 1 0 0 17.317617 
 -4125000.000000 33899459.452113 7167.900000 0.500000 10.000000 1 0 0 15.126721 
 -4130000.000000 33899459.452113 7167.900000 0.500000 10.000000 1 0 0 12.466158 
 -4135000.000000 33899459.452113 7167.900000 0.500000 10.000000 1 0 0 8.849663 
 -4140000.000000 33899459.452113 7167.900000 0.500000 10.000000 0 0 1 4.181658 
 -4135000.000000 33899459.452113 7167.900000 0.500000 10.000000 1 0 0 8.849663 
 -4137500.000000 33899459.452113 7167.900000 0.500000 10.000000 1 0 0 6.464030 
 -4140000.000000 33899459.452113 7167.900000 0.500000 10.000000 0 0 1 4.181658 
 -4137500.000000 33899459.452113 7167.900000 0.500000 10.000000 1 0 0 6.464030 
 -4138750.000000 33899459.452113 7167.900000 0.500000 10.000000 1 0 0 5.276719 
 -4140000.000000 33899459.452113 7167.900000 0.500000 10.000000 0 0 1 4.181658 
 -4138750.000000 33899459.452113 7167.900000 0.500000 10.000000 1 0 0 5.276719 
 -4139375.000000 33899459.452113 7167.900000 0.500000 10.000000 1 0 0 4.733604 
 -4140000.000000 33899459.452113 7167.900000 0.500000 10.000000 0 0 1 4.181658 
 -4139375.000000 33899459.452113 7167.900000 0.500000 10.000000 1 0 0 4.733604 
 -4139687.500000 33899459.452113 7167.900000 0.500000 10.000000 1 0 0 4.479209 
 -4140000.000000 33899459.452113 7167.900000 0.500000 10.000000 0 0 1 4.181658 
 -4139687.500000 33899459.452113 7167.900000 0.500000 10.000000 1 0 0 4.479209 
 -4139843.750000 33899459.452113 7167.900000 0.500000 10.000000 0 0 1 4.300365 
 -4139687.500000 33899459.452113 7167.900000 0.500000 10.000000 1 0 0 4.479209 
 -4139765.625000 33899459.452113 7167.900000 0.500000 10.000000 1 0 0 4.388995 
 -4139843.750000 33899459.452113 7167.900000 0.500000 10.000000 0 0 1 4.300365 
 -4139765.625000 33899459.452113 7167.900000 0.500000 10.000000 1 0 0 4.388995 
 -4100000.000000 33899459.452113 7167.900000 0.500000 15.000000 1 0 0 26.040387 
 -4105000.000000 33899459.452113 7167.900000 0.500000 15.000000 1 0 0 24.823650 
 -4110000.000000 33899459.452113 7167.900000 0.500000 15.000000 1 0 0 23.613859 
 -4115000.000000 33899459.452113 7167.900000 0.500000 15.000000 1 0 0 22.104762 
 -4120000.000000 33899459.452113 7167.900000 0.500000 15.000000 1 0 0 20.426653 
 -4125000.000000 33899459.452113 7167.900000 0.500000 15.000000 1 0 0 18.431931 
 -4130000.000000 33899459.452113 7167.900000 0.500000 15.000000 1 0 0 15.976038 
 -4135000.000000 33899459.452113 7167.900000 0.500000 15.000000 1 0 0 12.757453 
 -4140000.000000 33899459.452113 7167.900000 0.500000 15.000000 1 0 0 7.460070 
 -4145000.000000 33899459.452113 7167.900000 0.500000 15.000000 0 1 0 1.751358 
 -4140000.000000 33899459.452113 7167.900000 0.500000 15.000000 1 0 0 7.460070 
 -4145000.000000 33899459.452113 7167.900000 0.500000 15.000000 0 1 0 1.751358 
 -4142500.000000 33899459.452113 7167.900000 0.500000 15.000000 0 1 0 2.912475 
 -4140000.000000 33899459.452113 7167.900000 0.500000 15.000000 1 0 0 7.460070 
 -4142500.000000 33899459.452113 7167.900000 0.500000 15.000000 0 1 0 2.912475 
 -4141250.000000 33899459.452113 7167.900000 0.500000 15.000000 1 0 0 4.724988 
 -4142500.000000 33899459.452113 7167.900000 0.500000 15.000000 0 1 0 2.912475 
 -4141875.000000 33899459.452113 7167.900000 0.500000 15.000000 0 1 0 3.418319 
 -4141250.000000 33899459.452113 7167.900000 0.500000 15.000000 1 0 0 4.724988 
 -4141875.000000 33899459.452113 7167.900000 0.500000 15.000000 0 1 0 3.418319 
 -4141562.500000 33899459.452113 7167.900000 0.500000 15.000000 1 0 0 3.657016 
 -4141875.000000 33899459.452113 7167.900000 0.500000 15.000000 0 1 0 3.418319 
 -4141718.750000 33899459.452113 7167.900000 0.500000 15.000000 0 0 1 3.550693 
 -4141562.500000 33899459.452113 7167.900000 0.500000 15.000000 1 0 0 3.657016 
 -4141718.750000 33899459.452113 7167.900000 0.500000 15.000000 0 0 1 3.550693 
 -4141562.500000 33899459.452113 7167.900000 0.500000 15.000000 1 0 0 3.657016 
 -4141640.625000 33899459.452113 7167.900000 0.500000 15.000000 0 0 1 3.587284 
 -4141562.500000 33899459.452113 7167.900000 0.500000 15.000000 1 0 0 3.657016 
 -4100000.000000 33899459.452113 7167.900000 0.500000 20.000000 1 0 0 27.761662 
 -4105000.000000 33899459.452113 7167.900000 0.500000 20.000000 1 0 0 26.315872 
 -4110000.000000 33899459.452113 7167.900000 0.500000 20.000000 1 0 0 25.200269 
 -4115000.000000 33899459.452113 7167.900000 0.500000 20.000000 1 0 0 24.168951 
 -4120000.000000 33899459.452113 7167.900000 0.500000 20.000000 1 0 0 22.794447 
 -4125000.000000 33899459.452113 7167.900000 0.500000 20.000000 1 0 0 21.083302 
 -4130000.000000 33899459.452113 7167.900000 0.500000 20.000000 1 0 0 18.974385 
 -4135000.000000 33899459.452113 7167.900000 0.500000 20.000000 1 0 0 16.272301 
 -4140000.000000 33899459.452113 7167.900000 0.500000 20.000000 1 0 0 11.919709 
 -4145000.000000 33899459.452113 7167.900000 0.500000 20.000000 0 1 0 1.816630 
 -4140000.000000 33899459.452113 7167.900000 0.500000 20.000000 1 0 0 11.919709 
 -4145000.000000 33899459.452113 7167.900000 0.500000 20.000000 0 1 0 1.816630 
 -4142500.000000 33899459.452113 7167.900000 0.500000 20.000000 1 0 0 6.510061 
 -4145000.000000 33899459.452113 7167.900000 0.500000 20.000000 0 1 0 1.816630 
 -4143750.000000 33899459.452113 7167.900000 0.500000 20.000000 0 1 0 2.412691 
 -4142500.000000 33899459.452113 7167.900000 0.500000 20.000000 1 0 0 6.510061 
 -4143750.000000 33899459.452113 7167.900000 0.500000 20.000000 0 1 0 2.412691 
 -4143125.000000 33899459.452113 7167.900000 0.500000 20.000000 0 1 0 2.807363 
 -4142500.000000 33899459.452113 7167.900000 0.500000 20.000000 1 0 0 6.510061 
 -4143125.000000 33899459.452113 7167.900000 0.500000 20.000000 0 1 0 2.807363 
 -4142812.500000 33899459.452113 7167.900000 0.500000 20.000000 0 1 0 3.072770 
 -4142500.000000 33899459.452113 7167.900000 0.500000 20.000000 1 0 0 6.510061 
 -4142812.500000 33899459.452113 7167.900000 0.500000 20.000000 0 1 0 3.072770 
 -4142656.250000 33899459.452113 7167.900000 0.500000 20.000000 1 0 0 5.729692 
 -4142812.500000 33899459.452113 7167.900000 0.500000 20.000000 0 1 0 3.072770 
 -4142734.375000 33899459.452113 7167.900000 0.500000 20.000000 1 0 0 4.422319 
 -4142812.500000 33899459.452113 7167.900000 0.500000 20.000000 0 1 0 3.072770 
 -4100000.000000 33899459.452113 7167.900000 0.500000 25.000000 1 0 0 28.524389 
 -4105000.000000 33899459.452113 7167.900000 0.500000 25.000000 1 0 0 27.198598 
 -4110000.000000 33899459.452113 7167.900000 0.500000 25.000000 1 0 0 26.469113 
 -4115000.000000 33899459.452113 7167.900000 0.500000 25.000000 1 0 0 25.346921 
 -4120000.000000 33899459.452113 7167.900000 0.500000 25.000000 1 0 0 24.048399 
 -4125000.000000 33899459.452113 7167.900000 0.500000 25.000000 1 0 0 22.609748 
 -4130000.000000 33899459.452113 7167.900000 0.500000 25.000000 1 0 0 21.051224 
 -4135000.000000 33899459.452113 7167.900000 0.500000 25.000000 1 0 0 18.610094 
 -4140000.000000 33899459.452113 7167.900000 0.500000 25.000000 1 0 0 15.091046 
 -4145000.000000 33899459.452113 7167.900000 0.500000 25.000000 0 1 0 1.850604 
 -4140000.000000 33899459.452113 7167.900000 0.500000 25.000000 1 0 0 15.091046 
 -4145000.000000 33899459.452113 7167.900000 0.500000 25.000000 0 1 0 1.850604 
 -4142500.000000 33899459.452113 7167.900000 0.500000 25.000000 1 0 0 11.307300 
 -4145000.000000 33899459.452113 7167.900000 0.500000 25.000000 0 1 0 1.850604 
 -4143750.000000 33899459.452113 7167.900000 0.500000 25.000000 0 1 0 2.583213 
 -4142500.000000 33899459.452113 7167.900000 0.500000 25.000000 1 0 0 11.307300 
 -4143750.000000 33899459.452113 7167.900000 0.500000 25.000000 0 1 0 2.583213 
 -4143125.000000 33899459.452113 7167.900000 0.500000 25.000000 1 0 0 9.292888 
 -4143750.000000 33899459.452113 7167.900000 0.500000 25.000000 0 1 0 2.583213 
 -4143437.500000 33899459.452113 7167.900000 0.500000 25.000000 1 0 0 7.410084 
 -4143750.000000 33899459.452113 7167.900000 0.500000 25.000000 0 1 0 2.583213 
 -4143593.750000 33899459.452113 7167.900000 0.500000 25.000000 0 1 0 2.722823 
 -4143437.500000 33899459.452113 7167.900000 0.500000 25.000000 1 0 0 7.410084 
 -4143593.750000 33899459.452113 7167.900000 0.500000 25.000000 0 1 0 2.722823 
 -4143515.625000 33899459.452113 7167.900000 0.500000 25.000000 1 0 0 4.713312 
 -4143593.750000 33899459.452113 7167.900000 0.500000 25.000000 0 1 0 2.722823 
