 -4150000.000000 33899459.452113 7167.900000 0.500000 -1.500000 1 0 0 17.266174 0.436332 -0.000065 -0.000001 -0.130900 
 -4155000.000000 33899459.452113 7167.900000 0.500000 -1.500000 0 1 0 1.017313 0.436332 -0.000065 -0.000001 -0.130900 
 -4150000.000000 33899459.452113 7167.900000 0.500000 -1.500000 1 0 0 17.266174 0.436332 -0.000065 -0.000001 -0.130900 
 -4152500.000000 33899459.452113 7167.900000 0.500000 -1.500000 0 1 0 1.302504 0.436332 -0.000065 -0.000001 -0.130900 
 -4151250.000000 33899459.452113 7167.900000 0.500000 -1.500000 0 1 0 1.897161 0.436332 -0.000065 -0.000001 -0.130900 
 -4150625.000000 33899459.452113 7167.900000 0.500000 -1.500000 1 0 0 10.911829 0.436332 -0.000065 -0.000001 -0.130900 
 -4151250.000000 33899459.452113 7167.900000 0.500000 -1.500000 0 1 0 1.897161 0.436332 -0.000065 -0.000001 -0.130900 
 -4150937.500000 33899459.452113 7167.900000 0.500000 -1.500000 0 1 0 2.154407 0.436332 -0.000065 -0.000001 -0.130900 
 -4150781.250000 33899459.452113 7167.900000 0.500000 -1.500000 0 1 0 2.309028 0.436332 -0.000065 -0.000001 -0.130900 
 -4150625.000000 33899459.452113 7167.900000 0.500000 -1.500000 1 0 0 10.911829 0.436332 -0.000065 -0.000001 -0.130900 
 -4150781.250000 33899459.452113 7167.900000 0.500000 -1.500000 0 1 0 2.309028 0.436332 -0.000065 -0.000001 -0.130900 
 -4150703.125000 33899459.452113 7167.900000 0.500000 -1.500000 0 1 0 2.395926 0.436332 -0.000065 -0.000001 -0.130900 
 -4150664.062500 33899459.452113 7167.900000 0.500000 -1.500000 0 1 0 2.444333 0.436332 -0.000065 -0.000001 -0.130900 
 -4150625.000000 33899459.452113 7167.900000 0.500000 -1.500000 1 0 0 10.911829 0.436332 -0.000065 -0.000001 -0.130900 
 -4150664.062500 33899459.452113 7167.900000 0.500000 -1.500000 0 1 0 2.444333 0.436332 -0.000065 -0.000001 -0.130900 
 -4150644.531250 33899459.452113 7167.900000 0.500000 -1.500000 0 1 0 2.446126 0.436332 -0.000065 -0.000001 -0.130900 
 -4150000.000000 33899459.452113 7167.900000 0.500000 -1.250000 1 0 0 17.105724 0.436332 -0.000055 -0.000001 -0.109083 
 -4155000.000000 33899459.452113 7167.900000 0.500000 -1.250000 0 1 0 1.025274 0.436332 -0.000055 -0.000001 -0.109083 
 -4150000.000000 33899459.452113 7167.900000 0.500000 -1.250000 1 0 0 17.105724 0.436332 -0.000055 -0.000001 -0.109083 
 -4152500.000000 33899459.452113 7167.900000 0.500000 -1.250000 0 1 0 1.293822 0.436332 -0.000055 -0.000001 -0.109083 
 -4151250.000000 33899459.452113 7167.900000 0.500000 -1.250000 0 1 0 1.878252 0.436332 -0.000055 -0.000001 -0.109083 
 -4150625.000000 33899459.452113 7167.900000 0.500000 -1.250000 1 0 0 8.295845 0.436332 -0.000055 -0.000001 -0.109083 
 -4151250.000000 33899459.452113 7167.900000 0.500000 -1.250000 0 1 0 1.878252 0.436332 -0.000055 -0.000001 -0.109083 
 -4150937.500000 33899459.452113 7167.900000 0.500000 -1.250000 0 1 0 2.127880 0.436332 -0.000055 -0.000001 -0.109083 
 -4150781.250000 33899459.452113 7167.900000 0.500000 -1.250000 0 1 0 2.276101 0.436332 -0.000055 -0.000001 -0.109083 
 -4150625.000000 33899459.452113 7167.900000 0.500000 -1.250000 1 0 0 8.295845 0.436332 -0.000055 -0.000001 -0.109083 
 -4150781.250000 33899459.452113 7167.900000 0.500000 -1.250000 0 1 0 2.276101 0.436332 -0.000055 -0.000001 -0.109083 
 -4150703.125000 33899459.452113 7167.900000 0.500000 -1.250000 0 1 0 2.358170 0.436332 -0.000055 -0.000001 -0.109083 
 -4150664.062500 33899459.452113 7167.900000 0.500000 -1.250000 0 1 0 2.404021 0.436332 -0.000055 -0.000001 -0.109083 
 -4150625.000000 33899459.452113 7167.900000 0.500000 -1.250000 1 0 0 8.295845 0.436332 -0.000055 -0.000001 -0.109083 
 -4150664.062500 33899459.452113 7167.900000 0.500000 -1.250000 0 1 0 2.404021 0.436332 -0.000055 -0.000001 -0.109083 
 -4150644.531250 33899459.452113 7167.900000 0.500000 -1.250000 0 1 0 2.405733 0.436332 -0.000055 -0.000001 -0.109083 
 -4150000.000000 33899459.452113 7167.900000 0.500000 -1.000000 1 0 0 16.852343 0.436332 -0.000044 -0.000001 -0.087266 
 -4155000.000000 33899459.452113 7167.900000 0.500000 -1.000000 0 1 0 1.036832 0.436332 -0.000044 -0.000001 -0.087266 
 -4150000.000000 33899459.452113 7167.900000 0.500000 -1.000000 1 0 0 16.852343 0.436332 -0.000044 -0.000001 -0.087266 
 -4152500.000000 33899459.452113 7167.900000 0.500000 -1.000000 0 1 0 1.333098 0.436332 -0.000044 -0.000001 -0.087266 
 -4151250.000000 33899459.452113 7167.900000 0.500000 -1.000000 0 1 0 1.850250 0.436332 -0.000044 -0.000001 -0.087266 
 -4150625.000000 33899459.452113 7167.900000 0.500000 -1.000000 0 1 0 2.390483 0.436332 -0.000044 -0.000001 -0.087266 
 -4150000.000000 33899459.452113 7167.900000 0.500000 -1.000000 1 0 0 16.852343 0.436332 -0.000044 -0.000001 -0.087266 
 -4150625.000000 33899459.452113 7167.900000 0.500000 -1.000000 0 1 0 2.390483 0.436332 -0.000044 -0.000001 -0.087266 
 -4150312.500000 33899459.452113 7167.900000 0.500000 -1.000000 1 0 0 14.939260 0.436332 -0.000044 -0.000001 -0.087266 
 -4150468.750000 33899459.452113 7167.900000 0.500000 -1.000000 1 0 0 13.722159 0.436332 -0.000044 -0.000001 -0.087266 
 -4150546.875000 33899459.452113 7167.900000 0.500000 -1.000000 1 0 0 11.713768 0.436332 -0.000044 -0.000001 -0.087266 
 -4150625.000000 33899459.452113 7167.900000 0.500000 -1.000000 0 1 0 2.390483 0.436332 -0.000044 -0.000001 -0.087266 
 -4150546.875000 33899459.452113 7167.900000 0.500000 -1.000000 1 0 0 11.713768 0.436332 -0.000044 -0.000001 -0.087266 
 -4150585.937500 33899459.452113 7167.900000 0.500000 -1.000000 1 0 0 9.875373 0.436332 -0.000044 -0.000001 -0.087266 
 -4150605.468750 33899459.452113 7167.900000 0.500000 -1.000000 1 0 0 7.297053 0.436332 -0.000044 -0.000001 -0.087266 
 -4150625.000000 33899459.452113 7167.900000 0.500000 -1.000000 0 1 0 2.390483 0.436332 -0.000044 -0.000001 -0.087266 
 -4150605.468750 33899459.452113 7167.900000 0.500000 -1.000000 1 0 0 7.297053 0.436332 -0.000044 -0.000001 -0.087266 
 -4150000.000000 33899459.452113 7167.900000 0.500000 -0.750000 1 0 0 16.387734 0.436332 -0.000033 -0.000001 -0.065450 
 -4155000.000000 33899459.452113 7167.900000 0.500000 -0.750000 0 1 0 1.052679 0.436332 -0.000033 -0.000001 -0.065450 
 -4150000.000000 33899459.452113 7167.900000 0.500000 -0.750000 1 0 0 16.387734 0.436332 -0.000033 -0.000001 -0.065450 
 -4152500.000000 33899459.452113 7167.900000 0.500000 -0.750000 0 1 0 1.434868 0.436332 -0.000033 -0.000001 -0.065450 
 -4151250.000000 33899459.452113 7167.900000 0.500000 -0.750000 0 1 0 1.838953 0.436332 -0.000033 -0.000001 -0.065450 
 -4150625.000000 33899459.452113 7167.900000 0.500000 -0.750000 0 1 0 2.294431 0.436332 -0.000033 -0.000001 -0.065450 
 -4150000.000000 33899459.452113 7167.900000 0.500000 -0.750000 1 0 0 16.387734 0.436332 -0.000033 -0.000001 -0.065450 
 -4150625.000000 33899459.452113 7167.900000 0.500000 -0.750000 0 1 0 2.294431 0.436332 -0.000033 -0.000001 -0.065450 
 -4150312.500000 33899459.452113 7167.900000 0.500000 -0.750000 1 0 0 14.250679 0.436332 -0.000033 -0.000001 -0.065450 
 -4150468.750000 33899459.452113 7167.900000 0.500000 -0.750000 1 0 0 12.662449 0.436332 -0.000033 -0.000001 -0.065450 
 -4150546.875000 33899459.452113 7167.900000 0.500000 -0.750000 0 1 0 2.396095 0.436332 -0.000033 -0.000001 -0.065450 
 -4150468.750000 33899459.452113 7167.900000 0.500000 -0.750000 1 0 0 12.662449 0.436332 -0.000033 -0.000001 -0.065450 
 -4150507.812500 33899459.452113 7167.900000 0.500000 -0.750000 1 0 0 10.586156 0.436332 -0.000033 -0.000001 -0.065450 
 -4150527.343750 33899459.452113 7167.900000 0.500000 -0.750000 0 1 0 2.397779 0.436332 -0.000033 -0.000001 -0.065450 
 -4150507.812500 33899459.452113 7167.900000 0.500000 -0.750000 1 0 0 10.586156 0.436332 -0.000033 -0.000001 -0.065450 
 -4150000.000000 33899459.452113 7167.900000 0.500000 -0.500000 1 0 0 15.363184 0.436332 -0.000022 -0.000000 -0.043633 
 -4155000.000000 33899459.452113 7167.900000 0.500000 -0.500000 0 1 0 1.073261 0.436332 -0.000022 -0.000000 -0.043633 
 -4150000.000000 33899459.452113 7167.900000 0.500000 -0.500000 1 0 0 15.363184 0.436332 -0.000022 -0.000000 -0.043633 
 -4152500.000000 33899459.452113 7167.900000 0.500000 -0.500000 0 1 0 1.547275 0.436332 -0.000022 -0.000000 -0.043633 
 -4151250.000000 33899459.452113 7167.900000 0.500000 -0.500000 0 1 0 2.034838 0.436332 -0.000022 -0.000000 -0.043633 
 -4150625.000000 33899459.452113 7167.900000 0.500000 -0.500000 0 1 0 2.361147 0.436332 -0.000022 -0.000000 -0.043633 
 -4150000.000000 33899459.452113 7167.900000 0.500000 -0.500000 1 0 0 15.363184 0.436332 -0.000022 -0.000000 -0.043633 
 -4150625.000000 33899459.452113 7167.900000 0.500000 -0.500000 0 1 0 2.361147 0.436332 -0.000022 -0.000000 -0.043633 
 -4150312.500000 33899459.452113 7167.900000 0.500000 -0.500000 1 0 0 12.462266 0.436332 -0.000022 -0.000000 -0.043633 
 -4150468.750000 33899459.452113 7167.900000 0.500000 -0.500000 0 1 0 2.478125 0.436332 -0.000022 -0.000000 -0.043633 
 -4150390.625000 33899459.452113 7167.900000 0.500000 -0.500000 1 0 0 11.656919 0.436332 -0.000022 -0.000000 -0.043633 
 -4150429.687500 33899459.452113 7167.900000 0.500000 -0.500000 1 0 0 9.674063 0.436332 -0.000022 -0.000000 -0.043633 
 -4150449.218750 33899459.452113 7167.900000 0.500000 -0.500000 0 1 0 2.455187 0.436332 -0.000022 -0.000000 -0.043633 
 -4150429.687500 33899459.452113 7167.900000 0.500000 -0.500000 1 0 0 9.674063 0.436332 -0.000022 -0.000000 -0.043633 
