 -4140000.000000 33899459.452113 7167.900000 0.500000 -1.300000 1 0 0 13.078477 0.261799 -0.000113 -0.000001 -0.005672 
 -4145000.000000 33899459.452113 7167.900000 0.500000 -1.300000 1 0 0 8.088170 0.261799 -0.000113 -0.000001 -0.005672 
 -4150000.000000 33899459.452113 7167.900000 0.500000 -1.300000 0 1 0 2.901866 0.261799 -0.000113 -0.000001 -0.005672 
 -4145000.000000 33899459.452113 7167.900000 0.500000 -1.300000 1 0 0 8.088170 0.261799 -0.000113 -0.000001 -0.005672 
 -4147500.000000 33899459.452113 7167.900000 0.500000 -1.300000 1 0 0 4.882776 0.261799 -0.000113 -0.000001 -0.005672 
 -4148750.000000 33899459.452113 7167.900000 0.500000 -1.300000 0 1 0 3.776286 0.261799 -0.000113 -0.000001 -0.005672 
 -4147500.000000 33899459.452113 7167.900000 0.500000 -1.300000 1 0 0 4.882776 0.261799 -0.000113 -0.000001 -0.005672 
 -4148125.000000 33899459.452113 7167.900000 0.500000 -1.300000 0 0 1 4.334674 0.261799 -0.000113 -0.000001 -0.005672 
 -4148437.500000 33899459.452113 7167.900000 0.500000 -1.300000 0 1 0 4.051422 0.261799 -0.000113 -0.000001 -0.005672 
 -4148125.000000 33899459.452113 7167.900000 0.500000 -1.300000 0 0 1 4.334674 0.261799 -0.000113 -0.000001 -0.005672 
 -4148281.250000 33899459.452113 7167.900000 0.500000 -1.300000 0 1 0 4.206525 0.261799 -0.000113 -0.000001 -0.005672 
 -4148203.125000 33899459.452113 7167.900000 0.500000 -1.300000 0 1 0 4.240546 0.261799 -0.000113 -0.000001 -0.005672 
 -4148164.062500 33899459.452113 7167.900000 0.500000 -1.300000 0 0 1 4.302386 0.261799 -0.000113 -0.000001 -0.005672 
 -4148203.125000 33899459.452113 7167.900000 0.500000 -1.300000 0 1 0 4.240546 0.261799 -0.000113 -0.000001 -0.005672 
 -4140000.000000 33899459.452113 7167.900000 0.500000 -1.200000 1 0 0 13.054974 0.261799 -0.000105 -0.000001 -0.005236 
 -4145000.000000 33899459.452113 7167.900000 0.500000 -1.200000 1 0 0 8.063993 0.261799 -0.000105 -0.000001 -0.005236 
 -4150000.000000 33899459.452113 7167.900000 0.500000 -1.200000 0 1 0 2.900766 0.261799 -0.000105 -0.000001 -0.005236 
 -4145000.000000 33899459.452113 7167.900000 0.500000 -1.200000 1 0 0 8.063993 0.261799 -0.000105 -0.000001 -0.005236 
 -4147500.000000 33899459.452113 7167.900000 0.500000 -1.200000 1 0 0 4.879726 0.261799 -0.000105 -0.000001 -0.005236 
 -4148750.000000 33899459.452113 7167.900000 0.500000 -1.200000 0 1 0 3.774471 0.261799 -0.000105 -0.000001 -0.005236 
 -4147500.000000 33899459.452113 7167.900000 0.500000 -1.200000 1 0 0 4.879726 0.261799 -0.000105 -0.000001 -0.005236 
 -4148125.000000 33899459.452113 7167.900000 0.500000 -1.200000 0 0 1 4.332526 0.261799 -0.000105 -0.000001 -0.005236 
 -4148437.500000 33899459.452113 7167.900000 0.500000 -1.200000 0 1 0 4.049499 0.261799 -0.000105 -0.000001 -0.005236 
 -4148125.000000 33899459.452113 7167.900000 0.500000 -1.200000 0 0 1 4.332526 0.261799 -0.000105 -0.000001 -0.005236 
 -4148281.250000 33899459.452113 7167.900000 0.500000 -1.200000 0 1 0 4.204508 0.261799 -0.000105 -0.000001 -0.005236 
 -4148203.125000 33899459.452113 7167.900000 0.500000 -1.200000 0 1 0 4.238515 0.261799 -0.000105 -0.000001 -0.005236 
 -4148164.062500 33899459.452113 7167.900000 0.500000 -1.200000 0 0 1 4.300254 0.261799 -0.000105 -0.000001 -0.005236 
 -4148203.125000 33899459.452113 7167.900000 0.500000 -1.200000 0 1 0 4.238515 0.261799 -0.000105 -0.000001 -0.005236 
 -4140000.000000 33899459.452113 7167.900000 0.500000 -1.100000 1 0 0 13.032559 0.261799 -0.000096 -0.000001 -0.004800 
 -4145000.000000 33899459.452113 7167.900000 0.500000 -1.100000 1 0 0 8.042167 0.261799 -0.000096 -0.000001 -0.004800 
 -4150000.000000 33899459.452113 7167.900000 0.500000 -1.100000 0 1 0 2.899756 0.261799 -0.000096 -0.000001 -0.004800 
 -4145000.000000 33899459.452113 7167.900000 0.500000 -1.100000 1 0 0 8.042167 0.261799 -0.000096 -0.000001 -0.004800 
 -4147500.000000 33899459.452113 7167.900000 0.500000 -1.100000 1 0 0 4.876924 0.261799 -0.000096 -0.000001 -0.004800 
 -4148750.000000 33899459.452113 7167.900000 0.500000 -1.100000 0 1 0 3.772838 0.261799 -0.000096 -0.000001 -0.004800 
 -4147500.000000 33899459.452113 7167.900000 0.500000 -1.100000 1 0 0 4.876924 0.261799 -0.000096 -0.000001 -0.004800 
 -4148125.000000 33899459.452113 7167.900000 0.500000 -1.100000 0 0 1 4.330550 0.261799 -0.000096 -0.000001 -0.004800 
 -4148437.500000 33899459.452113 7167.900000 0.500000 -1.100000 0 1 0 4.047778 0.261799 -0.000096 -0.000001 -0.004800 
 -4148125.000000 33899459.452113 7167.900000 0.500000 -1.100000 0 0 1 4.330550 0.261799 -0.000096 -0.000001 -0.004800 
 -4148281.250000 33899459.452113 7167.900000 0.500000 -1.100000 0 1 0 4.202653 0.261799 -0.000096 -0.000001 -0.004800 
 -4148203.125000 33899459.452113 7167.900000 0.500000 -1.100000 0 1 0 4.236647 0.261799 -0.000096 -0.000001 -0.004800 
 -4148164.062500 33899459.452113 7167.900000 0.500000 -1.100000 0 0 1 4.298295 0.261799 -0.000096 -0.000001 -0.004800 
 -4148203.125000 33899459.452113 7167.900000 0.500000 -1.100000 0 1 0 4.236647 0.261799 -0.000096 -0.000001 -0.004800 
 -4140000.000000 33899459.452113 7167.900000 0.500000 -1.000000 1 0 0 13.012107 0.261799 -0.000087 -0.000001 -0.004363 
 -4145000.000000 33899459.452113 7167.900000 0.500000 -1.000000 1 0 0 8.022380 0.261799 -0.000087 -0.000001 -0.004363 
 -4150000.000000 33899459.452113 7167.900000 0.500000 -1.000000 0 1 0 2.898834 0.261799 -0.000087 -0.000001 -0.004363 
 -4145000.000000 33899459.452113 7167.900000 0.500000 -1.000000 1 0 0 8.022380 0.261799 -0.000087 -0.000001 -0.004363 
 -4147500.000000 33899459.452113 7167.900000 0.500000 -1.000000 1 0 0 4.874368 0.261799 -0.000087 -0.000001 -0.004363 
 -4148750.000000 33899459.452113 7167.900000 0.500000 -1.000000 0 1 0 3.771347 0.261799 -0.000087 -0.000001 -0.004363 
 -4147500.000000 33899459.452113 7167.900000 0.500000 -1.000000 1 0 0 4.874368 0.261799 -0.000087 -0.000001 -0.004363 
 -4148125.000000 33899459.452113 7167.900000 0.500000 -1.000000 0 0 1 4.328748 0.261799 -0.000087 -0.000001 -0.004363 
 -4148437.500000 33899459.452113 7167.900000 0.500000 -1.000000 0 1 0 4.046214 0.261799 -0.000087 -0.000001 -0.004363 
 -4148125.000000 33899459.452113 7167.900000 0.500000 -1.000000 0 0 1 4.328748 0.261799 -0.000087 -0.000001 -0.004363 
 -4148281.250000 33899459.452113 7167.900000 0.500000 -1.000000 0 1 0 4.200961 0.261799 -0.000087 -0.000001 -0.004363 
 -4148203.125000 33899459.452113 7167.900000 0.500000 -1.000000 0 1 0 4.234943 0.261799 -0.000087 -0.000001 -0.004363 
 -4148164.062500 33899459.452113 7167.900000 0.500000 -1.000000 0 0 1 4.296507 0.261799 -0.000087 -0.000001 -0.004363 
 -4148203.125000 33899459.452113 7167.900000 0.500000 -1.000000 0 1 0 4.234943 0.261799 -0.000087 -0.000001 -0.004363 
 -4140000.000000 33899459.452113 7167.900000 0.500000 -0.900000 1 0 0 12.993626 0.261799 -0.000079 -0.000001 -0.003927 
 -4145000.000000 33899459.452113 7167.900000 0.500000 -0.900000 1 0 0 8.004802 0.261799 -0.000079 -0.000001 -0.003927 
 -4150000.000000 33899459.452113 7167.900000 0.500000 -0.900000 0 1 0 2.898001 0.261799 -0.000079 -0.000001 -0.003927 
 -4145000.000000 33899459.452113 7167.900000 0.500000 -0.900000 1 0 0 8.004802 0.261799 -0.000079 -0.000001 -0.003927 
 -4147500.000000 33899459.452113 7167.900000 0.500000 -0.900000 1 0 0 4.872059 0.261799 -0.000079 -0.000001 -0.003927 
 -4148750.000000 33899459.452113 7167.900000 0.500000 -0.900000 0 1 0 3.769998 0.261799 -0.000079 -0.000001 -0.003927 
 -4147500.000000 33899459.452113 7167.900000 0.500000 -0.900000 1 0 0 4.872059 0.261799 -0.000079 -0.000001 -0.003927 
 -4148125.000000 33899459.452113 7167.900000 0.500000 -0.900000 0 0 1 4.327118 0.261799 -0.000079 -0.000001 -0.003927 
 -4148437.500000 33899459.452113 7167.900000 0.500000 -0.900000 0 1 0 4.044799 0.261799 -0.000079 -0.000001 -0.003927 
 -4148125.000000 33899459.452113 7167.900000 0.500000 -0.900000 0 0 1 4.327118 0.261799 -0.000079 -0.000001 -0.003927 
 -4148281.250000 33899459.452113 7167.900000 0.500000 -0.900000 0 1 0 4.199431 0.261799 -0.000079 -0.000001 -0.003927 
 -4148203.125000 33899459.452113 7167.900000 0.500000 -0.900000 0 1 0 4.233402 0.261799 -0.000079 -0.000001 -0.003927 
 -4148164.062500 33899459.452113 7167.900000 0.500000 -0.900000 0 0 1 4.294890 0.261799 -0.000079 -0.000001 -0.003927 
 -4148203.125000 33899459.452113 7167.900000 0.500000 -0.900000 0 1 0 4.233402 0.261799 -0.000079 -0.000001 -0.003927 
