 -4140000.000000 33899459.452113 7167.900000 0.500000 1.500000 0 1 0 6.354348 
 -4135000.000000 33899459.452113 7167.900000 0.500000 1.500000 0 0 1 8.868280 
 -4140000.000000 33899459.452113 7167.900000 0.500000 1.500000 0 1 0 6.354348 
 -4135000.000000 33899459.452113 7167.900000 0.500000 1.500000 0 0 1 8.868280 
 -4137500.000000 33899459.452113 7167.900000 0.500000 1.500000 0 0 1 7.605613 
 -4140000.000000 33899459.452113 7167.900000 0.500000 1.500000 0 1 0 6.354348 
 -4137500.000000 33899459.452113 7167.900000 0.500000 1.500000 0 0 1 7.605613 
 -4138750.000000 33899459.452113 7167.900000 0.500000 1.500000 0 0 1 7.001401 
 -4140000.000000 33899459.452113 7167.900000 0.500000 1.500000 0 1 0 6.354348 
 -4138750.000000 33899459.452113 7167.900000 0.500000 1.500000 0 0 1 7.001401 
 -4139375.000000 33899459.452113 7167.900000 0.500000 1.500000 0 0 1 6.706528 
 -4140000.000000 33899459.452113 7167.900000 0.500000 1.500000 0 1 0 6.354348 
 -4139375.000000 33899459.452113 7167.900000 0.500000 1.500000 0 0 1 6.706528 
 -4139687.500000 33899459.452113 7167.900000 0.500000 1.500000 0 1 0 6.556777 
 -4139375.000000 33899459.452113 7167.900000 0.500000 1.500000 0 0 1 6.706528 
 -4139531.250000 33899459.452113 7167.900000 0.500000 1.500000 0 1 0 6.596971 
 -4139375.000000 33899459.452113 7167.900000 0.500000 1.500000 0 0 1 6.706528 
 -4139453.125000 33899459.452113 7167.900000 0.500000 1.500000 0 1 0 6.635057 
 -4139375.000000 33899459.452113 7167.900000 0.500000 1.500000 0 0 1 6.706528 
 -4140000.000000 33899459.452113 7167.900000 0.500000 2.000000 0 1 0 6.354348 
 -4135000.000000 33899459.452113 7167.900000 0.500000 2.000000 0 0 1 8.868280 
 -4140000.000000 33899459.452113 7167.900000 0.500000 2.000000 0 1 0 6.354348 
 -4135000.000000 33899459.452113 7167.900000 0.500000 2.000000 0 0 1 8.868280 
 -4137500.000000 33899459.452113 7167.900000 0.500000 2.000000 0 0 1 7.605613 
 -4140000.000000 33899459.452113 7167.900000 0.500000 2.000000 0 1 0 6.354348 
 -4137500.000000 33899459.452113 7167.900000 0.500000 2.000000 0 0 1 7.605613 
 -4138750.000000 33899459.452113 7167.900000 0.500000 2.000000 0 0 1 7.001401 
 -4140000.000000 33899459.452113 7167.900000 0.500000 2.000000 0 1 0 6.354348 
 -4138750.000000 33899459.452113 7167.900000 0.500000 2.000000 0 0 1 7.001401 
 -4139375.000000 33899459.452113 7167.900000 0.500000 2.000000 0 0 1 6.706528 
 -4140000.000000 33899459.452113 7167.900000 0.500000 2.000000 0 1 0 6.354348 
 -4139375.000000 33899459.452113 7167.900000 0.500000 2.000000 0 0 1 6.706528 
 -4139687.500000 33899459.452113 7167.900000 0.500000 2.000000 0 1 0 6.556777 
 -4139375.000000 33899459.452113 7167.900000 0.500000 2.000000 0 0 1 6.706528 
 -4139531.250000 33899459.452113 7167.900000 0.500000 2.000000 0 1 0 6.596971 
 -4139375.000000 33899459.452113 7167.900000 0.500000 2.000000 0 0 1 6.706528 
 -4139453.125000 33899459.452113 7167.900000 0.500000 2.000000 0 1 0 6.635057 
 -4139375.000000 33899459.452113 7167.900000 0.500000 2.000000 0 0 1 6.706528 
 -4140000.000000 33899459.452113 7167.900000 0.500000 2.500000 0 1 0 6.354348 
 -4135000.000000 33899459.452113 7167.900000 0.500000 2.500000 0 0 1 8.868280 
 -4140000.000000 33899459.452113 7167.900000 0.500000 2.500000 0 1 0 6.354348 
 -4135000.000000 33899459.452113 7167.900000 0.500000 2.500000 0 0 1 8.868280 
 -4137500.000000 33899459.452113 7167.900000 0.500000 2.500000 0 0 1 7.605613 
 -4140000.000000 33899459.452113 7167.900000 0.500000 2.500000 0 1 0 6.354348 
 -4137500.000000 33899459.452113 7167.900000 0.500000 2.500000 0 0 1 7.605613 
 -4138750.000000 33899459.452113 7167.900000 0.500000 2.500000 0 0 1 7.001401 
 -4140000.000000 33899459.452113 7167.900000 0.500000 2.500000 0 1 0 6.354348 
 -4138750.000000 33899459.452113 7167.900000 0.500000 2.500000 0 0 1 7.001401 
 -4139375.000000 33899459.452113 7167.900000 0.500000 2.500000 0 0 1 6.706528 
 -4140000.000000 33899459.452113 7167.900000 0.500000 2.500000 0 1 0 6.354348 
 -4139375.000000 33899459.452113 7167.900000 0.500000 2.500000 0 0 1 6.706528 
 -4139687.500000 33899459.452113 7167.900000 0.500000 2.500000 0 1 0 6.556777 
 -4139375.000000 33899459.452113 7167.900000 0.500000 2.500000 0 0 1 6.706528 
 -4139531.250000 33899459.452113 7167.900000 0.500000 2.500000 0 1 0 6.596971 
 -4139375.000000 33899459.452113 7167.900000 0.500000 2.500000 0 0 1 6.706528 
 -4139453.125000 33899459.452113 7167.900000 0.500000 2.500000 0 1 0 6.635057 
 -4139375.000000 33899459.452113 7167.900000 0.500000 2.500000 0 0 1 6.706528 
 -4140000.000000 33899459.452113 7167.900000 0.500000 3.000000 0 1 0 6.354348 
 -4135000.000000 33899459.452113 7167.900000 0.500000 3.000000 0 0 1 8.868280 
 -4140000.000000 33899459.452113 7167.900000 0.500000 3.000000 0 1 0 6.354348 
 -4135000.000000 33899459.452113 7167.900000 0.500000 3.000000 0 0 1 8.868280 
 -4137500.000000 33899459.452113 7167.900000 0.500000 3.000000 0 0 1 7.605613 
 -4140000.000000 33899459.452113 7167.900000 0.500000 3.000000 0 1 0 6.354348 
 -4137500.000000 33899459.452113 7167.900000 0.500000 3.000000 0 0 1 7.605613 
 -4138750.000000 33899459.452113 7167.900000 0.500000 3.000000 0 0 1 7.001401 
 -4140000.000000 33899459.452113 7167.900000 0.500000 3.000000 0 1 0 6.354348 
 -4138750.000000 33899459.452113 7167.900000 0.500000 3.000000 0 0 1 7.001401 
 -4139375.000000 33899459.452113 7167.900000 0.500000 3.000000 0 0 1 6.706528 
 -4140000.000000 33899459.452113 7167.900000 0.500000 3.000000 0 1 0 6.354348 
 -4139375.000000 33899459.452113 7167.900000 0.500000 3.000000 0 0 1 6.706528 
 -4139687.500000 33899459.452113 7167.900000 0.500000 3.000000 0 1 0 6.556777 
 -4139375.000000 33899459.452113 7167.900000 0.500000 3.000000 0 0 1 6.706528 
 -4139531.250000 33899459.452113 7167.900000 0.500000 3.000000 0 1 0 6.596971 
 -4139375.000000 33899459.452113 7167.900000 0.500000 3.000000 0 0 1 6.706528 
 -4139453.125000 33899459.452113 7167.900000 0.500000 3.000000 0 1 0 6.635057 
 -4139375.000000 33899459.452113 7167.900000 0.500000 3.000000 0 0 1 6.706528 
 -4140000.000000 33899459.452113 7167.900000 0.500000 1.500000 1 0 0 8.005663 
 -4145000.000000 33899459.452113 7167.900000 0.500000 1.500000 0 1 0 3.914483 
 -4140000.000000 33899459.452113 7167.900000 0.500000 1.500000 1 0 0 8.005663 
 -4142500.000000 33899459.452113 7167.900000 0.500000 1.500000 1 0 0 5.762291 
 -4145000.000000 33899459.452113 7167.900000 0.500000 1.500000 0 1 0 3.914483 
 -4142500.000000 33899459.452113 7167.900000 0.500000 1.500000 1 0 0 5.762291 
 -4143750.000000 33899459.452113 7167.900000 0.500000 1.500000 0 1 0 4.704426 
 -4142500.000000 33899459.452113 7167.900000 0.500000 1.500000 1 0 0 5.762291 
 -4143125.000000 33899459.452113 7167.900000 0.500000 1.500000 0 0 1 5.242648 
 -4143750.000000 33899459.452113 7167.900000 0.500000 1.500000 0 1 0 4.704426 
 -4143125.000000 33899459.452113 7167.900000 0.500000 1.500000 0 0 1 5.242648 
 -4143437.500000 33899459.452113 7167.900000 0.500000 1.500000 0 0 1 5.007814 
 -4143750.000000 33899459.452113 7167.900000 0.500000 1.500000 0 1 0 4.704426 
 -4143437.500000 33899459.452113 7167.900000 0.500000 1.500000 0 0 1 5.007814 
 -4143593.750000 33899459.452113 7167.900000 0.500000 1.500000 0 0 1 4.871552 
 -4143750.000000 33899459.452113 7167.900000 0.500000 1.500000 0 1 0 4.704426 
 -4143593.750000 33899459.452113 7167.900000 0.500000 1.500000 0 0 1 4.871552 
 -4143671.875000 33899459.452113 7167.900000 0.500000 1.500000 0 0 1 4.779663 
 -4143750.000000 33899459.452113 7167.900000 0.500000 1.500000 0 1 0 4.704426 
 -4143671.875000 33899459.452113 7167.900000 0.500000 1.500000 0 0 1 4.779663 
 -4140000.000000 33899459.452113 7167.900000 0.500000 2.000000 1 0 0 8.005663 
 -4145000.000000 33899459.452113 7167.900000 0.500000 2.000000 0 1 0 3.914483 
 -4140000.000000 33899459.452113 7167.900000 0.500000 2.000000 1 0 0 8.005663 
 -4142500.000000 33899459.452113 7167.900000 0.500000 2.000000 1 0 0 5.762291 
 -4145000.000000 33899459.452113 7167.900000 0.500000 2.000000 0 1 0 3.914483 
 -4142500.000000 33899459.452113 7167.900000 0.500000 2.000000 1 0 0 5.762291 
 -4143750.000000 33899459.452113 7167.900000 0.500000 2.000000 0 1 0 4.704426 
 -4142500.000000 33899459.452113 7167.900000 0.500000 2.000000 1 0 0 5.762291 
 -4143125.000000 33899459.452113 7167.900000 0.500000 2.000000 0 0 1 5.242648 
 -4143750.000000 33899459.452113 7167.900000 0.500000 2.000000 0 1 0 4.704426 
 -4143125.000000 33899459.452113 7167.900000 0.500000 2.000000 0 0 1 5.242648 
 -4143437.500000 33899459.452113 7167.900000 0.500000 2.000000 0 0 1 5.007814 
 -4143750.000000 33899459.452113 7167.900000 0.500000 2.000000 0 1 0 4.704426 
 -4143437.500000 33899459.452113 7167.900000 0.500000 2.000000 0 0 1 5.007814 
 -4143593.750000 33899459.452113 7167.900000 0.500000 2.000000 0 0 1 4.871552 
 -4143750.000000 33899459.452113 7167.900000 0.500000 2.000000 0 1 0 4.704426 
 -4143593.750000 33899459.452113 7167.900000 0.500000 2.000000 0 0 1 4.871552 
 -4143671.875000 33899459.452113 7167.900000 0.500000 2.000000 0 0 1 4.779663 
 -4143750.000000 33899459.452113 7167.900000 0.500000 2.000000 0 1 0 4.704426 
 -4143671.875000 33899459.452113 7167.900000 0.500000 2.000000 0 0 1 4.779663 
 -4140000.000000 33899459.452113 7167.900000 0.500000 2.500000 1 0 0 8.005663 
 -4145000.000000 33899459.452113 7167.900000 0.500000 2.500000 0 1 0 3.914483 
 -4140000.000000 33899459.452113 7167.900000 0.500000 2.500000 1 0 0 8.005663 
 -4142500.000000 33899459.452113 7167.900000 0.500000 2.500000 1 0 0 5.762291 
 -4145000.000000 33899459.452113 7167.900000 0.500000 2.500000 0 1 0 3.914483 
 -4142500.000000 33899459.452113 7167.900000 0.500000 2.500000 1 0 0 5.762291 
 -4143750.000000 33899459.452113 7167.900000 0.500000 2.500000 0 1 0 4.704426 
 -4142500.000000 33899459.452113 7167.900000 0.500000 2.500000 1 0 0 5.762291 
 -4143125.000000 33899459.452113 7167.900000 0.500000 2.500000 0 0 1 5.242648 
 -4143750.000000 33899459.452113 7167.900000 0.500000 2.500000 0 1 0 4.704426 
 -4143125.000000 33899459.452113 7167.900000 0.500000 2.500000 0 0 1 5.242648 
 -4143437.500000 33899459.452113 7167.900000 0.500000 2.500000 0 0 1 5.007814 
 -4143750.000000 33899459.452113 7167.900000 0.500000 2.500000 0 1 0 4.704426 
 -4143437.500000 33899459.452113 7167.900000 0.500000 2.500000 0 0 1 5.007814 
 -4143593.750000 33899459.452113 7167.900000 0.500000 2.500000 0 0 1 4.871552 
 -4143750.000000 33899459.452113 7167.900000 0.500000 2.500000 0 1 0 4.704426 
 -4143593.750000 33899459.452113 7167.900000 0.500000 2.500000 0 0 1 4.871552 
 -4143671.875000 33899459.452113 7167.900000 0.500000 2.500000 0 0 1 4.779663 
 -4143750.000000 33899459.452113 7167.900000 0.500000 2.500000 0 1 0 4.704426 
 -4143671.875000 33899459.452113 7167.900000 0.500000 2.500000 0 0 1 4.779663 
 -4140000.000000 33899459.452113 7167.900000 0.500000 3.000000 1 0 0 8.005663 
 -4145000.000000 33899459.452113 7167.900000 0.500000 3.000000 0 1 0 3.914483 
 -4140000.000000 33899459.452113 7167.900000 0.500000 3.000000 1 0 0 8.005663 
 -4142500.000000 33899459.452113 7167.900000 0.500000 3.000000 1 0 0 5.762291 
 -4145000.000000 33899459.452113 7167.900000 0.500000 3.000000 0 1 0 3.914483 
 -4142500.000000 33899459.452113 7167.900000 0.500000 3.000000 1 0 0 5.762291 
 -4143750.000000 33899459.452113 7167.900000 0.500000 3.000000 0 1 0 4.704426 
 -4142500.000000 33899459.452113 7167.900000 0.500000 3.000000 1 0 0 5.762291 
 -4143125.000000 33899459.452113 7167.900000 0.500000 3.000000 0 0 1 5.242648 
 -4143750.000000 33899459.452113 7167.900000 0.500000 3.000000 0 1 0 4.704426 
 -4143125.000000 33899459.452113 7167.900000 0.500000 3.000000 0 0 1 5.242648 
 -4143437.500000 33899459.452113 7167.900000 0.500000 3.000000 0 0 1 5.007814 
 -4143750.000000 33899459.452113 7167.900000 0.500000 3.000000 0 1 0 4.704426 
 -4143437.500000 33899459.452113 7167.900000 0.500000 3.000000 0 0 1 5.007814 
 -4143593.750000 33899459.452113 7167.900000 0.500000 3.000000 0 0 1 4.871552 
 -4143750.000000 33899459.452113 7167.900000 0.500000 3.000000 0 1 0 4.704426 
 -4143593.750000 33899459.452113 7167.900000 0.500000 3.000000 0 0 1 4.871552 
 -4143671.875000 33899459.452113 7167.900000 0.500000 3.000000 0 0 1 4.779663 
 -4143750.000000 33899459.452113 7167.900000 0.500000 3.000000 0 1 0 4.704426 
 -4143671.875000 33899459.452113 7167.900000 0.500000 3.000000 0 0 1 4.779663 
