 -4100000.000000 33899459.452113 7167.900000 0.500000 -25.000000 0 0 1 11.940516 
 -4095000.000000 33899459.452113 7167.900000 0.500000 -25.000000 0 0 1 13.074351 
 -4090000.000000 33899459.452113 7167.900000 0.500000 -25.000000 0 0 1 14.191657 
 -4085000.000000 33899459.452113 7167.900000 0.500000 -25.000000 0 0 1 15.240942 
 -4080000.000000 33899459.452113 7167.900000 0.500000 -25.000000 0 0 1 16.256120 
 -4075000.000000 33899459.452113 7167.900000 0.500000 -25.000000 0 0 1 17.257961 
 -4070000.000000 33899459.452113 7167.900000 0.500000 -25.000000 0 0 1 18.245746 
 -4065000.000000 33899459.452113 7167.900000 0.500000 -25.000000 0 0 1 19.221837 
 -4060000.000000 33899459.452113 7167.900000 0.500000 -25.000000 1 0 0 20.186580 
 -4065000.000000 33899459.452113 7167.900000 0.500000 -25.000000 0 0 1 19.221837 
 -4060000.000000 33899459.452113 7167.900000 0.500000 -25.000000 1 0 0 20.186580 
 -4062500.000000 33899459.452113 7167.900000 0.500000 -25.000000 0 0 1 19.707423 
 -4060000.000000 33899459.452113 7167.900000 0.500000 -25.000000 1 0 0 20.186580 
 -4061250.000000 33899459.452113 7167.900000 0.500000 -25.000000 0 0 1 19.948992 
 -4060000.000000 33899459.452113 7167.900000 0.500000 -25.000000 1 0 0 20.186580 
 -4060625.000000 33899459.452113 7167.900000 0.500000 -25.000000 1 0 0 20.061194 
 -4061250.000000 33899459.452113 7167.900000 0.500000 -25.000000 0 0 1 19.948992 
 -4060625.000000 33899459.452113 7167.900000 0.500000 -25.000000 1 0 0 20.061194 
 -4060937.500000 33899459.452113 7167.900000 0.500000 -25.000000 1 0 0 20.010639 
 -4061250.000000 33899459.452113 7167.900000 0.500000 -25.000000 0 0 1 19.948992 
 -4060937.500000 33899459.452113 7167.900000 0.500000 -25.000000 1 0 0 20.010639 
 -4061093.750000 33899459.452113 7167.900000 0.500000 -25.000000 0 0 1 19.977317 
 -4060937.500000 33899459.452113 7167.900000 0.500000 -25.000000 1 0 0 20.010639 
 -4061015.625000 33899459.452113 7167.900000 0.500000 -25.000000 0 0 1 19.991058 
 -4060937.500000 33899459.452113 7167.900000 0.500000 -25.000000 1 0 0 20.010639 
 -4100000.000000 33899459.452113 7167.900000 0.500000 -20.000000 0 0 1 12.892734 
 -4095000.000000 33899459.452113 7167.900000 0.500000 -20.000000 0 0 1 14.093864 
 -4090000.000000 33899459.452113 7167.900000 0.500000 -20.000000 0 0 1 15.229965 
 -4085000.000000 33899459.452113 7167.900000 0.500000 -20.000000 1 0 0 16.303054 
 -4090000.000000 33899459.452113 7167.900000 0.500000 -20.000000 0 0 1 15.229965 
 -4085000.000000 33899459.452113 7167.900000 0.500000 -20.000000 1 0 0 16.303054 
 -4087500.000000 33899459.452113 7167.900000 0.500000 -20.000000 0 0 1 15.772285 
 -4085000.000000 33899459.452113 7167.900000 0.500000 -20.000000 1 0 0 16.303054 
 -4086250.000000 33899459.452113 7167.900000 0.500000 -20.000000 0 0 1 16.044167 
 -4085000.000000 33899459.452113 7167.900000 0.500000 -20.000000 1 0 0 16.303054 
 -4085625.000000 33899459.452113 7167.900000 0.500000 -20.000000 1 0 0 16.171804 
 -4086250.000000 33899459.452113 7167.900000 0.500000 -20.000000 0 0 1 16.044167 
 -4085625.000000 33899459.452113 7167.900000 0.500000 -20.000000 1 0 0 16.171804 
 -4085937.500000 33899459.452113 7167.900000 0.500000 -20.000000 1 0 0 16.104651 
 -4086250.000000 33899459.452113 7167.900000 0.500000 -20.000000 0 0 1 16.044167 
 -4085937.500000 33899459.452113 7167.900000 0.500000 -20.000000 1 0 0 16.104651 
 -4086093.750000 33899459.452113 7167.900000 0.500000 -20.000000 1 0 0 16.074784 
 -4086250.000000 33899459.452113 7167.900000 0.500000 -20.000000 0 0 1 16.044167 
 -4086093.750000 33899459.452113 7167.900000 0.500000 -20.000000 1 0 0 16.074784 
 -4086171.875000 33899459.452113 7167.900000 0.500000 -20.000000 0 0 1 16.059586 
 -4086093.750000 33899459.452113 7167.900000 0.500000 -20.000000 1 0 0 16.074784 
 -4100000.000000 33899459.452113 7167.900000 0.500000 -15.000000 1 0 0 14.040459 
 -4105000.000000 33899459.452113 7167.900000 0.500000 -15.000000 0 0 1 12.732777 
 -4100000.000000 33899459.452113 7167.900000 0.500000 -15.000000 1 0 0 14.040459 
 -4102500.000000 33899459.452113 7167.900000 0.500000 -15.000000 1 0 0 13.382268 
 -4105000.000000 33899459.452113 7167.900000 0.500000 -15.000000 0 0 1 12.732777 
 -4102500.000000 33899459.452113 7167.900000 0.500000 -15.000000 1 0 0 13.382268 
 -4103750.000000 33899459.452113 7167.900000 0.500000 -15.000000 1 0 0 13.055646 
 -4105000.000000 33899459.452113 7167.900000 0.500000 -15.000000 0 0 1 12.732777 
 -4103750.000000 33899459.452113 7167.900000 0.500000 -15.000000 1 0 0 13.055646 
 -4104375.000000 33899459.452113 7167.900000 0.500000 -15.000000 1 0 0 12.889613 
 -4105000.000000 33899459.452113 7167.900000 0.500000 -15.000000 0 0 1 12.732777 
 -4104375.000000 33899459.452113 7167.900000 0.500000 -15.000000 1 0 0 12.889613 
 -4104687.500000 33899459.452113 7167.900000 0.500000 -15.000000 0 0 1 12.800431 
 -4104375.000000 33899459.452113 7167.900000 0.500000 -15.000000 1 0 0 12.889613 
 -4104531.250000 33899459.452113 7167.900000 0.500000 -15.000000 0 0 1 12.849791 
 -4104375.000000 33899459.452113 7167.900000 0.500000 -15.000000 1 0 0 12.889613 
 -4104453.125000 33899459.452113 7167.900000 0.500000 -15.000000 0 0 1 12.869764 
 -4104375.000000 33899459.452113 7167.900000 0.500000 -15.000000 1 0 0 12.889613 
 -4100000.000000 33899459.452113 7167.900000 0.500000 -10.000000 1 0 0 15.362643 
 -4105000.000000 33899459.452113 7167.900000 0.500000 -10.000000 1 0 0 14.032076 
 -4110000.000000 33899459.452113 7167.900000 0.500000 -10.000000 1 0 0 12.574967 
 -4115000.000000 33899459.452113 7167.900000 0.500000 -10.000000 1 0 0 11.141496 
 -4120000.000000 33899459.452113 7167.900000 0.500000 -10.000000 0 0 1 9.653916 
 -4115000.000000 33899459.452113 7167.900000 0.500000 -10.000000 1 0 0 11.141496 
 -4117500.000000 33899459.452113 7167.900000 0.500000 -10.000000 1 0 0 10.410591 
 -4120000.000000 33899459.452113 7167.900000 0.500000 -10.000000 0 0 1 9.653916 
 -4117500.000000 33899459.452113 7167.900000 0.500000 -10.000000 1 0 0 10.410591 
 -4118750.000000 33899459.452113 7167.900000 0.500000 -10.000000 0 0 1 10.034166 
 -4117500.000000 33899459.452113 7167.900000 0.500000 -10.000000 1 0 0 10.410591 
 -4118125.000000 33899459.452113 7167.900000 0.500000 -10.000000 0 0 1 10.224156 
 -4117500.000000 33899459.452113 7167.900000 0.500000 -10.000000 1 0 0 10.410591 
 -4117812.500000 33899459.452113 7167.900000 0.500000 -10.000000 0 0 1 10.322934 
 -4117500.000000 33899459.452113 7167.900000 0.500000 -10.000000 1 0 0 10.410591 
 -4117656.250000 33899459.452113 7167.900000 0.500000 -10.000000 0 0 1 10.367232 
 -4117500.000000 33899459.452113 7167.900000 0.500000 -10.000000 1 0 0 10.410591 
 -4117578.125000 33899459.452113 7167.900000 0.500000 -10.000000 0 0 1 10.389025 
 -4117500.000000 33899459.452113 7167.900000 0.500000 -10.000000 1 0 0 10.410591 
 -4100000.000000 33899459.452113 7167.900000 0.500000 -5.000000 1 0 0 16.948687 
 -4105000.000000 33899459.452113 7167.900000 0.500000 -5.000000 1 0 0 15.555278 
 -4110000.000000 33899459.452113 7167.900000 0.500000 -5.000000 1 0 0 14.074407 
 -4115000.000000 33899459.452113 7167.900000 0.500000 -5.000000 1 0 0 12.447380 
 -4120000.000000 33899459.452113 7167.900000 0.500000 -5.000000 1 0 0 10.768161 
 -4125000.000000 33899459.452113 7167.900000 0.500000 -5.000000 1 0 0 9.001688 
 -4130000.000000 33899459.452113 7167.900000 0.500000 -5.000000 0 0 1 7.022115 
 -4125000.000000 33899459.452113 7167.900000 0.500000 -5.000000 1 0 0 9.001688 
 -4127500.000000 33899459.452113 7167.900000 0.500000 -5.000000 0 0 1 8.015638 
 -4125000.000000 33899459.452113 7167.900000 0.500000 -5.000000 1 0 0 9.001688 
 -4126250.000000 33899459.452113 7167.900000 0.500000 -5.000000 1 0 0 8.514752 
 -4127500.000000 33899459.452113 7167.900000 0.500000 -5.000000 0 0 1 8.015638 
 -4126250.000000 33899459.452113 7167.900000 0.500000 -5.000000 1 0 0 8.514752 
 -4126875.000000 33899459.452113 7167.900000 0.500000 -5.000000 0 0 1 8.265275 
 -4126250.000000 33899459.452113 7167.900000 0.500000 -5.000000 1 0 0 8.514752 
 -4126562.500000 33899459.452113 7167.900000 0.500000 -5.000000 1 0 0 8.396969 
 -4126875.000000 33899459.452113 7167.900000 0.500000 -5.000000 0 0 1 8.265275 
 -4126562.500000 33899459.452113 7167.900000 0.500000 -5.000000 1 0 0 8.396969 
 -4126718.750000 33899459.452113 7167.900000 0.500000 -5.000000 1 0 0 8.323851 
 -4126875.000000 33899459.452113 7167.900000 0.500000 -5.000000 0 0 1 8.265275 
 -4126718.750000 33899459.452113 7167.900000 0.500000 -5.000000 1 0 0 8.323851 
 -4126796.875000 33899459.452113 7167.900000 0.500000 -5.000000 0 0 1 8.294613 
 -4126718.750000 33899459.452113 7167.900000 0.500000 -5.000000 1 0 0 8.323851 
 -4100000.000000 33899459.452113 7167.900000 0.500000 0.000000 1 0 0 18.959054 
 -4105000.000000 33899459.452113 7167.900000 0.500000 0.000000 1 0 0 17.499855 
 -4110000.000000 33899459.452113 7167.900000 0.500000 0.000000 1 0 0 15.892027 
 -4115000.000000 33899459.452113 7167.900000 0.500000 0.000000 1 0 0 14.210386 
 -4120000.000000 33899459.452113 7167.900000 0.500000 0.000000 1 0 0 12.351545 
 -4125000.000000 33899459.452113 7167.900000 0.500000 0.000000 1 0 0 10.288426 
 -4130000.000000 33899459.452113 7167.900000 0.500000 0.000000 1 0 0 8.097462 
 -4135000.000000 33899459.452113 7167.900000 0.500000 0.000000 0 0 1 5.618264 
 -4130000.000000 33899459.452113 7167.900000 0.500000 0.000000 1 0 0 8.097462 
 -4132500.000000 33899459.452113 7167.900000 0.500000 0.000000 1 0 0 6.893584 
 -4135000.000000 33899459.452113 7167.900000 0.500000 0.000000 0 0 1 5.618264 
 -4132500.000000 33899459.452113 7167.900000 0.500000 0.000000 1 0 0 6.893584 
 -4133750.000000 33899459.452113 7167.900000 0.500000 0.000000 0 0 1 6.283873 
 -4132500.000000 33899459.452113 7167.900000 0.500000 0.000000 1 0 0 6.893584 
 -4133125.000000 33899459.452113 7167.900000 0.500000 0.000000 0 0 1 6.600461 
 -4132500.000000 33899459.452113 7167.900000 0.500000 0.000000 1 0 0 6.893584 
 -4132812.500000 33899459.452113 7167.900000 0.500000 0.000000 1 0 0 6.730758 
 -4133125.000000 33899459.452113 7167.900000 0.500000 0.000000 0 0 1 6.600461 
 -4132812.500000 33899459.452113 7167.900000 0.500000 0.000000 1 0 0 6.730758 
 -4132968.750000 33899459.452113 7167.900000 0.500000 0.000000 1 0 0 6.674196 
 -4133125.000000 33899459.452113 7167.900000 0.500000 0.000000 0 0 1 6.600461 
 -4132968.750000 33899459.452113 7167.900000 0.500000 0.000000 1 0 0 6.674196 
 -4133046.875000 33899459.452113 7167.900000 0.500000 0.000000 1 0 0 6.637180 
 -4133125.000000 33899459.452113 7167.900000 0.500000 0.000000 0 0 1 6.600461 
 -4133046.875000 33899459.452113 7167.900000 0.500000 0.000000 1 0 0 6.637180 
 -4100000.000000 33899459.452113 7167.900000 0.500000 5.000000 1 0 0 21.218501 
 -4105000.000000 33899459.452113 7167.900000 0.500000 5.000000 1 0 0 19.790650 
 -4110000.000000 33899459.452113 7167.900000 0.500000 5.000000 1 0 0 18.234171 
 -4115000.000000 33899459.452113 7167.900000 0.500000 5.000000 1 0 0 16.515481 
 -4120000.000000 33899459.452113 7167.900000 0.500000 5.000000 1 0 0 14.523101 
 -4125000.000000 33899459.452113 7167.900000 0.500000 5.000000 1 0 0 12.288284 
 -4130000.000000 33899459.452113 7167.900000 0.500000 5.000000 1 0 0 9.654537 
 -4135000.000000 33899459.452113 7167.900000 0.500000 5.000000 1 0 0 6.705180 
 -4140000.000000 33899459.452113 7167.900000 0.500000 5.000000 0 1 0 3.524323 
 -4135000.000000 33899459.452113 7167.900000 0.500000 5.000000 1 0 0 6.705180 
 -4140000.000000 33899459.452113 7167.900000 0.500000 5.000000 0 1 0 3.524323 
 -4137500.000000 33899459.452113 7167.900000 0.500000 5.000000 0 0 1 5.083024 
 -4135000.000000 33899459.452113 7167.900000 0.500000 5.000000 1 0 0 6.705180 
 -4137500.000000 33899459.452113 7167.900000 0.500000 5.000000 0 0 1 5.083024 
 -4135000.000000 33899459.452113 7167.900000 0.500000 5.000000 1 0 0 6.705180 
 -4136250.000000 33899459.452113 7167.900000 0.500000 5.000000 1 0 0 5.926134 
 -4137500.000000 33899459.452113 7167.900000 0.500000 5.000000 0 0 1 5.083024 
 -4136250.000000 33899459.452113 7167.900000 0.500000 5.000000 1 0 0 5.926134 
 -4136875.000000 33899459.452113 7167.900000 0.500000 5.000000 1 0 0 5.506087 
 -4137500.000000 33899459.452113 7167.900000 0.500000 5.000000 0 0 1 5.083024 
 -4136875.000000 33899459.452113 7167.900000 0.500000 5.000000 1 0 0 5.506087 
 -4137187.500000 33899459.452113 7167.900000 0.500000 5.000000 0 0 1 5.281741 
 -4136875.000000 33899459.452113 7167.900000 0.500000 5.000000 1 0 0 5.506087 
 -4137031.250000 33899459.452113 7167.900000 0.500000 5.000000 1 0 0 5.381951 
 -4137187.500000 33899459.452113 7167.900000 0.500000 5.000000 0 0 1 5.281741 
 -4137031.250000 33899459.452113 7167.900000 0.500000 5.000000 1 0 0 5.381951 
 -4137109.375000 33899459.452113 7167.900000 0.500000 5.000000 1 0 0 5.331779 
 -4137187.500000 33899459.452113 7167.900000 0.500000 5.000000 0 0 1 5.281741 
 -4137109.375000 33899459.452113 7167.900000 0.500000 5.000000 1 0 0 5.331779 
 -4100000.000000 33899459.452113 7167.900000 0.500000 10.000000 1 0 0 23.859548 
 -4105000.000000 33899459.452113 7167.900000 0.500000 10.000000 1 0 0 22.508374 
 -4110000.000000 33899459.452113 7167.900000 0.500000 10.000000 1 0 0 20.958164 
 -4115000.000000 33899459.452113 7167.900000 0.500000 10.000000 1 0 0 19.237995 
 -4120000.000000 33899459.452113 7167.900000 0.500000 10.000000 1 0 0 17.316331 
 -4125000.000000 33899459.452113 7167.900000 0.500000 10.000000 1 0 0 15.125333 
 -4130000.000000 33899459.452113 7167.900000 0.500000 10.000000 1 0 0 12.464620 
 -4135000.000000 33899459.452113 7167.900000 0.500000 10.000000 1 0 0 8.847519 
 -4140000.000000 33899459.452113 7167.900000 0.500000 10.000000 0 0 1 4.179989 
 -4135000.000000 33899459.452113 7167.900000 0.500000 10.000000 1 0 0 8.847519 
 -4137500.000000 33899459.452113 7167.900000 0.500000 10.000000 1 0 0 6.461545 
 -4140000.000000 33899459.452113 7167.900000 0.500000 10.000000 0 0 1 4.179989 
 -4137500.000000 33899459.452113 7167.900000 0.500000 10.000000 1 0 0 6.461545 
 -4138750.000000 33899459.452113 7167.900000 0.500000 10.000000 1 0 0 5.274642 
 -4140000.000000 33899459.452113 7167.900000 0.500000 10.000000 0 0 1 4.179989 
 -4138750.000000 33899459.452113 7167.900000 0.500000 10.000000 1 0 0 5.274642 
 -4139375.000000 33899459.452113 7167.900000 0.500000 10.000000 1 0 0 4.731712 
 -4140000.000000 33899459.452113 7167.900000 0.500000 10.000000 0 0 1 4.179989 
 -4139375.000000 33899459.452113 7167.900000 0.500000 10.000000 1 0 0 4.731712 
 -4139687.500000 33899459.452113 7167.900000 0.500000 10.000000 1 0 0 4.477420 
 -4140000.000000 33899459.452113 7167.900000 0.500000 10.000000 0 0 1 4.179989 
 -4139687.500000 33899459.452113 7167.900000 0.500000 10.000000 1 0 0 4.477420 
 -4139843.750000 33899459.452113 7167.900000 0.500000 10.000000 0 0 1 4.298645 
 -4139687.500000 33899459.452113 7167.900000 0.500000 10.000000 1 0 0 4.477420 
 -4139765.625000 33899459.452113 7167.900000 0.500000 10.000000 1 0 0 4.387247 
 -4139843.750000 33899459.452113 7167.900000 0.500000 10.000000 0 0 1 4.298645 
 -4139765.625000 33899459.452113 7167.900000 0.500000 10.000000 1 0 0 4.387247 
 -4100000.000000 33899459.452113 7167.900000 0.500000 15.000000 1 0 0 26.038003 
 -4105000.000000 33899459.452113 7167.900000 0.500000 15.000000 1 0 0 24.821457 
 -4110000.000000 33899459.452113 7167.900000 0.500000 15.000000 1 0 0 23.612038 
 -4115000.000000 33899459.452113 7167.900000 0.500000 15.000000 1 0 0 22.103132 
 -4120000.000000 33899459.452113 7167.900000 0.500000 15.000000 1 0 0 20.425326 
 -4125000.000000 33899459.452113 7167.900000 0.500000 15.000000 1 0 0 18.430925 
 -4130000.000000 33899459.452113 7167.900000 0.500000 15.000000 1 0 0 15.975174 
 -4135000.000000 33899459.452113 7167.900000 0.500000 15.000000 1 0 0 12.756619 
 -4140000.000000 33899459.452113 7167.900000 0.500000 15.000000 1 0 0 7.457844 
 -4145000.000000 33899459.452113 7167.900000 0.500000 15.000000 0 1 0 1.750650 
 -4140000.000000 33899459.452113 7167.900000 0.500000 15.000000 1 0 0 7.457844 
 -4145000.000000 33899459.452113 7167.900000 0.500000 15.000000 0 1 0 1.750650 
 -4142500.000000 33899459.452113 7167.900000 0.500000 15.000000 0 1 0 2.911201 
 -4140000.000000 33899459.452113 7167.900000 0.500000 15.000000 1 0 0 7.457844 
 -4142500.000000 33899459.452113 7167.900000 0.500000 15.000000 0 1 0 2.911201 
 -4141250.000000 33899459.452113 7167.900000 0.500000 15.000000 1 0 0 4.715987 
 -4142500.000000 33899459.452113 7167.900000 0.500000 15.000000 0 1 0 2.911201 
 -4141875.000000 33899459.452113 7167.900000 0.500000 15.000000 0 1 0 3.416680 
 -4141250.000000 33899459.452113 7167.900000 0.500000 15.000000 1 0 0 4.715987 
 -4141875.000000 33899459.452113 7167.900000 0.500000 15.000000 0 1 0 3.416680 
 -4141562.500000 33899459.452113 7167.900000 0.500000 15.000000 1 0 0 3.655215 
 -4141875.000000 33899459.452113 7167.900000 0.500000 15.000000 0 1 0 3.416680 
 -4141718.750000 33899459.452113 7167.900000 0.500000 15.000000 0 0 1 3.548969 
 -4141562.500000 33899459.452113 7167.900000 0.500000 15.000000 1 0 0 3.655215 
 -4141718.750000 33899459.452113 7167.900000 0.500000 15.000000 0 0 1 3.548969 
 -4141562.500000 33899459.452113 7167.900000 0.500000 15.000000 1 0 0 3.655215 
 -4141640.625000 33899459.452113 7167.900000 0.500000 15.000000 0 0 1 3.585544 
 -4141562.500000 33899459.452113 7167.900000 0.500000 15.000000 1 0 0 3.655215 
 -4100000.000000 33899459.452113 7167.900000 0.500000 20.000000 1 0 0 27.758569 
 -4105000.000000 33899459.452113 7167.900000 0.500000 20.000000 1 0 0 26.312763 
 -4110000.000000 33899459.452113 7167.900000 0.500000 20.000000 1 0 0 25.197398 
 -4115000.000000 33899459.452113 7167.900000 0.500000 20.000000 1 0 0 24.166482 
 -4120000.000000 33899459.452113 7167.900000 0.500000 20.000000 1 0 0 22.792305 
 -4125000.000000 33899459.452113 7167.900000 0.500000 20.000000 1 0 0 21.081401 
 -4130000.000000 33899459.452113 7167.900000 0.500000 20.000000 1 0 0 18.972605 
 -4135000.000000 33899459.452113 7167.900000 0.500000 20.000000 1 0 0 16.270531 
 -4140000.000000 33899459.452113 7167.900000 0.500000 20.000000 1 0 0 11.916548 
 -4145000.000000 33899459.452113 7167.900000 0.500000 20.000000 0 1 0 1.815820 
 -4140000.000000 33899459.452113 7167.900000 0.500000 20.000000 1 0 0 11.916548 
 -4145000.000000 33899459.452113 7167.900000 0.500000 20.000000 0 1 0 1.815820 
 -4142500.000000 33899459.452113 7167.900000 0.500000 20.000000 1 0 0 6.485624 
 -4145000.000000 33899459.452113 7167.900000 0.500000 20.000000 0 1 0 1.815820 
 -4143750.000000 33899459.452113 7167.900000 0.500000 20.000000 0 1 0 2.411568 
 -4142500.000000 33899459.452113 7167.900000 0.500000 20.000000 1 0 0 6.485624 
 -4143750.000000 33899459.452113 7167.900000 0.500000 20.000000 0 1 0 2.411568 
 -4143125.000000 33899459.452113 7167.900000 0.500000 20.000000 0 1 0 2.805922 
 -4142500.000000 33899459.452113 7167.900000 0.500000 20.000000 1 0 0 6.485624 
 -4143125.000000 33899459.452113 7167.900000 0.500000 20.000000 0 1 0 2.805922 
 -4142812.500000 33899459.452113 7167.900000 0.500000 20.000000 0 1 0 3.071016 
 -4142500.000000 33899459.452113 7167.900000 0.500000 20.000000 1 0 0 6.485624 
 -4142812.500000 33899459.452113 7167.900000 0.500000 20.000000 0 1 0 3.071016 
 -4142656.250000 33899459.452113 7167.900000 0.500000 20.000000 1 0 0 5.719530 
 -4142812.500000 33899459.452113 7167.900000 0.500000 20.000000 0 1 0 3.071016 
 -4142734.375000 33899459.452113 7167.900000 0.500000 20.000000 1 0 0 4.395342 
 -4142812.500000 33899459.452113 7167.900000 0.500000 20.000000 0 1 0 3.071016 
 -4100000.000000 33899459.452113 7167.900000 0.500000 25.000000 1 0 0 28.520125 
 -4105000.000000 33899459.452113 7167.900000 0.500000 25.000000 1 0 0 27.194339 
 -4110000.000000 33899459.452113 7167.900000 0.500000 25.000000 1 0 0 26.465087 
 -4115000.000000 33899459.452113 7167.900000 0.500000 25.000000 1 0 0 25.343018 
 -4120000.000000 33899459.452113 7167.900000 0.500000 25.000000 1 0 0 24.044579 
 -4125000.000000 33899459.452113 7167.900000 0.500000 25.000000 1 0 0 22.605997 
 -4130000.000000 33899459.452113 7167.900000 0.500000 25.000000 1 0 0 21.047608 
 -4135000.000000 33899459.452113 7167.900000 0.500000 25.000000 1 0 0 18.605965 
 -4140000.000000 33899459.452113 7167.900000 0.500000 25.000000 1 0 0 15.085169 
 -4145000.000000 33899459.452113 7167.900000 0.500000 25.000000 0 1 0 1.849783 
 -4140000.000000 33899459.452113 7167.900000 0.500000 25.000000 1 0 0 15.085169 
 -4145000.000000 33899459.452113 7167.900000 0.500000 25.000000 0 1 0 1.849783 
 -4142500.000000 33899459.452113 7167.900000 0.500000 25.000000 1 0 0 11.292084 
 -4145000.000000 33899459.452113 7167.900000 0.500000 25.000000 0 1 0 1.849783 
 -4143750.000000 33899459.452113 7167.900000 0.500000 25.000000 0 1 0 2.581776 
 -4142500.000000 33899459.452113 7167.900000 0.500000 25.000000 1 0 0 11.292084 
 -4143750.000000 33899459.452113 7167.900000 0.500000 25.000000 0 1 0 2.581776 
 -4143125.000000 33899459.452113 7167.900000 0.500000 25.000000 1 0 0 9.260577 
 -4143750.000000 33899459.452113 7167.900000 0.500000 25.000000 0 1 0 2.581776 
 -4143437.500000 33899459.452113 7167.900000 0.500000 25.000000 1 0 0 7.392711 
 -4143750.000000 33899459.452113 7167.900000 0.500000 25.000000 0 1 0 2.581776 
 -4143593.750000 33899459.452113 7167.900000 0.500000 25.000000 0 1 0 2.721157 
 -4143437.500000 33899459.452113 7167.900000 0.500000 25.000000 1 0 0 7.392711 
 -4143593.750000 33899459.452113 7167.900000 0.500000 25.000000 0 1 0 2.721157 
 -4143515.625000 33899459.452113 7167.900000 0.500000 25.000000 1 0 0 4.506994 
 -4143593.750000 33899459.452113 7167.900000 0.500000 25.000000 0 1 0 2.721157 
