 -4100000.000000 33899459.452113 7167.900000 0.500000 -25.000000 1 0 0 19.287906 
 -4105000.000000 33899459.452113 7167.900000 0.500000 -25.000000 1 0 0 17.891779 
 -4110000.000000 33899459.452113 7167.900000 0.500000 -25.000000 1 0 0 16.380780 
 -4115000.000000 33899459.452113 7167.900000 0.500000 -25.000000 1 0 0 14.773200 
 -4120000.000000 33899459.452113 7167.900000 0.500000 -25.000000 0 0 1 13.019447 
 -4125000.000000 33899459.452113 7167.900000 0.500000 -25.000000 0 0 1 11.093027 
 -4130000.000000 33899459.452113 7167.900000 0.500000 -25.000000 0 0 1 9.139213 
 -4135000.000000 33899459.452113 7167.900000 0.500000 -25.000000 0 1 0 7.217161 
 -4130000.000000 33899459.452113 7167.900000 0.500000 -25.000000 0 0 1 9.139213 
 -4132500.000000 33899459.452113 7167.900000 0.500000 -25.000000 0 1 0 8.192053 
 -4130000.000000 33899459.452113 7167.900000 0.500000 -25.000000 0 0 1 9.139213 
 -4131250.000000 33899459.452113 7167.900000 0.500000 -25.000000 0 1 0 8.672438 
 -4130000.000000 33899459.452113 7167.900000 0.500000 -25.000000 0 0 1 9.139213 
 -4130625.000000 33899459.452113 7167.900000 0.500000 -25.000000 0 1 0 8.911490 
 -4130000.000000 33899459.452113 7167.900000 0.500000 -25.000000 0 0 1 9.139213 
 -4130312.500000 33899459.452113 7167.900000 0.500000 -25.000000 0 0 1 9.026144 
 -4130625.000000 33899459.452113 7167.900000 0.500000 -25.000000 0 1 0 8.911490 
 -4130312.500000 33899459.452113 7167.900000 0.500000 -25.000000 0 0 1 9.026144 
 -4130468.750000 33899459.452113 7167.900000 0.500000 -25.000000 0 0 1 8.969032 
 -4130625.000000 33899459.452113 7167.900000 0.500000 -25.000000 0 1 0 8.911490 
 -4130468.750000 33899459.452113 7167.900000 0.500000 -25.000000 0 0 1 8.969032 
 -4130546.875000 33899459.452113 7167.900000 0.500000 -25.000000 0 1 0 8.940198 
 -4130468.750000 33899459.452113 7167.900000 0.500000 -25.000000 0 0 1 8.969032 
 -4100000.000000 33899459.452113 7167.900000 0.500000 -20.000000 1 0 0 20.278070 
 -4105000.000000 33899459.452113 7167.900000 0.500000 -20.000000 1 0 0 18.894296 
 -4110000.000000 33899459.452113 7167.900000 0.500000 -20.000000 1 0 0 17.362898 
 -4115000.000000 33899459.452113 7167.900000 0.500000 -20.000000 1 0 0 15.730014 
 -4120000.000000 33899459.452113 7167.900000 0.500000 -20.000000 1 0 0 13.944937 
 -4125000.000000 33899459.452113 7167.900000 0.500000 -20.000000 0 0 1 11.976772 
 -4130000.000000 33899459.452113 7167.900000 0.500000 -20.000000 0 0 1 9.864186 
 -4135000.000000 33899459.452113 7167.900000 0.500000 -20.000000 0 1 0 7.816123 
 -4130000.000000 33899459.452113 7167.900000 0.500000 -20.000000 0 0 1 9.864186 
 -4132500.000000 33899459.452113 7167.900000 0.500000 -20.000000 0 0 1 8.840512 
 -4135000.000000 33899459.452113 7167.900000 0.500000 -20.000000 0 1 0 7.816123 
 -4132500.000000 33899459.452113 7167.900000 0.500000 -20.000000 0 0 1 8.840512 
 -4133750.000000 33899459.452113 7167.900000 0.500000 -20.000000 0 0 1 8.339163 
 -4135000.000000 33899459.452113 7167.900000 0.500000 -20.000000 0 1 0 7.816123 
 -4133750.000000 33899459.452113 7167.900000 0.500000 -20.000000 0 0 1 8.339163 
 -4134375.000000 33899459.452113 7167.900000 0.500000 -20.000000 0 1 0 8.079357 
 -4133750.000000 33899459.452113 7167.900000 0.500000 -20.000000 0 0 1 8.339163 
 -4134062.500000 33899459.452113 7167.900000 0.500000 -20.000000 0 1 0 8.202769 
 -4133750.000000 33899459.452113 7167.900000 0.500000 -20.000000 0 0 1 8.339163 
 -4133906.250000 33899459.452113 7167.900000 0.500000 -20.000000 0 0 1 8.263836 
 -4134062.500000 33899459.452113 7167.900000 0.500000 -20.000000 0 1 0 8.202769 
 -4133906.250000 33899459.452113 7167.900000 0.500000 -20.000000 0 0 1 8.263836 
 -4133984.375000 33899459.452113 7167.900000 0.500000 -20.000000 0 0 1 8.247554 
 -4134062.500000 33899459.452113 7167.900000 0.500000 -20.000000 0 1 0 8.202769 
 -4133984.375000 33899459.452113 7167.900000 0.500000 -20.000000 0 0 1 8.247554 
 -4100000.000000 33899459.452113 7167.900000 0.500000 -15.000000 1 0 0 21.300276 
 -4105000.000000 33899459.452113 7167.900000 0.500000 -15.000000 1 0 0 19.939597 
 -4110000.000000 33899459.452113 7167.900000 0.500000 -15.000000 1 0 0 18.423722 
 -4115000.000000 33899459.452113 7167.900000 0.500000 -15.000000 1 0 0 16.771383 
 -4120000.000000 33899459.452113 7167.900000 0.500000 -15.000000 1 0 0 14.957629 
 -4125000.000000 33899459.452113 7167.900000 0.500000 -15.000000 1 0 0 12.952170 
 -4130000.000000 33899459.452113 7167.900000 0.500000 -15.000000 0 0 1 10.714061 
 -4135000.000000 33899459.452113 7167.900000 0.500000 -15.000000 0 0 1 8.477209 
 -4140000.000000 33899459.452113 7167.900000 0.500000 -15.000000 0 1 0 6.069701 
 -4135000.000000 33899459.452113 7167.900000 0.500000 -15.000000 0 0 1 8.477209 
 -4137500.000000 33899459.452113 7167.900000 0.500000 -15.000000 0 1 0 7.336865 
 -4135000.000000 33899459.452113 7167.900000 0.500000 -15.000000 0 0 1 8.477209 
 -4136250.000000 33899459.452113 7167.900000 0.500000 -15.000000 0 0 1 7.926728 
 -4137500.000000 33899459.452113 7167.900000 0.500000 -15.000000 0 1 0 7.336865 
 -4136250.000000 33899459.452113 7167.900000 0.500000 -15.000000 0 0 1 7.926728 
 -4136875.000000 33899459.452113 7167.900000 0.500000 -15.000000 0 0 1 7.635581 
 -4137500.000000 33899459.452113 7167.900000 0.500000 -15.000000 0 1 0 7.336865 
 -4136875.000000 33899459.452113 7167.900000 0.500000 -15.000000 0 0 1 7.635581 
 -4137187.500000 33899459.452113 7167.900000 0.500000 -15.000000 0 1 0 7.479168 
 -4136875.000000 33899459.452113 7167.900000 0.500000 -15.000000 0 0 1 7.635581 
 -4137031.250000 33899459.452113 7167.900000 0.500000 -15.000000 0 0 1 7.550254 
 -4137187.500000 33899459.452113 7167.900000 0.500000 -15.000000 0 1 0 7.479168 
 -4137031.250000 33899459.452113 7167.900000 0.500000 -15.000000 0 0 1 7.550254 
 -4137109.375000 33899459.452113 7167.900000 0.500000 -15.000000 0 0 1 7.514921 
 -4137187.500000 33899459.452113 7167.900000 0.500000 -15.000000 0 1 0 7.479168 
 -4137109.375000 33899459.452113 7167.900000 0.500000 -15.000000 0 0 1 7.514921 
 -4100000.000000 33899459.452113 7167.900000 0.500000 -10.000000 1 0 0 22.355492 
 -4105000.000000 33899459.452113 7167.900000 0.500000 -10.000000 1 0 0 21.014282 
 -4110000.000000 33899459.452113 7167.900000 0.500000 -10.000000 1 0 0 19.538242 
 -4115000.000000 33899459.452113 7167.900000 0.500000 -10.000000 1 0 0 17.893451 
 -4120000.000000 33899459.452113 7167.900000 0.500000 -10.000000 1 0 0 16.063636 
 -4125000.000000 33899459.452113 7167.900000 0.500000 -10.000000 1 0 0 14.030146 
 -4130000.000000 33899459.452113 7167.900000 0.500000 -10.000000 1 0 0 11.742411 
 -4135000.000000 33899459.452113 7167.900000 0.500000 -10.000000 0 0 1 9.238833 
 -4140000.000000 33899459.452113 7167.900000 0.500000 -10.000000 0 1 0 6.687516 
 -4135000.000000 33899459.452113 7167.900000 0.500000 -10.000000 0 0 1 9.238833 
 -4137500.000000 33899459.452113 7167.900000 0.500000 -10.000000 0 0 1 8.024363 
 -4140000.000000 33899459.452113 7167.900000 0.500000 -10.000000 0 1 0 6.687516 
 -4137500.000000 33899459.452113 7167.900000 0.500000 -10.000000 0 0 1 8.024363 
 -4138750.000000 33899459.452113 7167.900000 0.500000 -10.000000 0 0 1 7.382541 
 -4140000.000000 33899459.452113 7167.900000 0.500000 -10.000000 0 1 0 6.687516 
 -4138750.000000 33899459.452113 7167.900000 0.500000 -10.000000 0 0 1 7.382541 
 -4139375.000000 33899459.452113 7167.900000 0.500000 -10.000000 0 0 1 7.061426 
 -4140000.000000 33899459.452113 7167.900000 0.500000 -10.000000 0 1 0 6.687516 
 -4139375.000000 33899459.452113 7167.900000 0.500000 -10.000000 0 0 1 7.061426 
 -4139687.500000 33899459.452113 7167.900000 0.500000 -10.000000 0 0 1 6.894596 
 -4140000.000000 33899459.452113 7167.900000 0.500000 -10.000000 0 1 0 6.687516 
 -4139687.500000 33899459.452113 7167.900000 0.500000 -10.000000 0 0 1 6.894596 
 -4139843.750000 33899459.452113 7167.900000 0.500000 -10.000000 0 1 0 6.771586 
 -4139687.500000 33899459.452113 7167.900000 0.500000 -10.000000 0 0 1 6.894596 
 -4139765.625000 33899459.452113 7167.900000 0.500000 -10.000000 0 0 1 6.833102 
 -4139843.750000 33899459.452113 7167.900000 0.500000 -10.000000 0 1 0 6.771586 
 -4139765.625000 33899459.452113 7167.900000 0.500000 -10.000000 0 0 1 6.833102 
 -4100000.000000 33899459.452113 7167.900000 0.500000 -5.000000 1 0 0 23.458257 
 -4105000.000000 33899459.452113 7167.900000 0.500000 -5.000000 1 0 0 22.118368 
 -4110000.000000 33899459.452113 7167.900000 0.500000 -5.000000 1 0 0 20.673872 
 -4115000.000000 33899459.452113 7167.900000 0.500000 -5.000000 1 0 0 19.086035 
 -4120000.000000 33899459.452113 7167.900000 0.500000 -5.000000 1 0 0 17.269703 
 -4125000.000000 33899459.452113 7167.900000 0.500000 -5.000000 1 0 0 15.218824 
 -4130000.000000 33899459.452113 7167.900000 0.500000 -5.000000 1 0 0 12.904213 
 -4135000.000000 33899459.452113 7167.900000 0.500000 -5.000000 1 0 0 10.192838 
 -4140000.000000 33899459.452113 7167.900000 0.500000 -5.000000 0 0 1 7.422412 
 -4145000.000000 33899459.452113 7167.900000 0.500000 -5.000000 0 1 0 4.527638 
 -4140000.000000 33899459.452113 7167.900000 0.500000 -5.000000 0 0 1 7.422412 
 -4142500.000000 33899459.452113 7167.900000 0.500000 -5.000000 0 1 0 5.910710 
 -4140000.000000 33899459.452113 7167.900000 0.500000 -5.000000 0 0 1 7.422412 
 -4141250.000000 33899459.452113 7167.900000 0.500000 -5.000000 0 0 1 6.678786 
 -4142500.000000 33899459.452113 7167.900000 0.500000 -5.000000 0 1 0 5.910710 
 -4141250.000000 33899459.452113 7167.900000 0.500000 -5.000000 0 0 1 6.678786 
 -4141875.000000 33899459.452113 7167.900000 0.500000 -5.000000 0 0 1 6.310433 
 -4142500.000000 33899459.452113 7167.900000 0.500000 -5.000000 0 1 0 5.910710 
 -4141875.000000 33899459.452113 7167.900000 0.500000 -5.000000 0 0 1 6.310433 
 -4142187.500000 33899459.452113 7167.900000 0.500000 -5.000000 0 1 0 6.108872 
 -4141875.000000 33899459.452113 7167.900000 0.500000 -5.000000 0 0 1 6.310433 
 -4142031.250000 33899459.452113 7167.900000 0.500000 -5.000000 0 0 1 6.198630 
 -4142187.500000 33899459.452113 7167.900000 0.500000 -5.000000 0 1 0 6.108872 
 -4142031.250000 33899459.452113 7167.900000 0.500000 -5.000000 0 0 1 6.198630 
 -4142109.375000 33899459.452113 7167.900000 0.500000 -5.000000 0 1 0 6.132827 
 -4142031.250000 33899459.452113 7167.900000 0.500000 -5.000000 0 0 1 6.198630 
 -4100000.000000 33899459.452113 7167.900000 0.500000 0.000000 1 0 0 24.626079 
 -4105000.000000 33899459.452113 7167.900000 0.500000 0.000000 1 0 0 23.284817 
 -4110000.000000 33899459.452113 7167.900000 0.500000 0.000000 1 0 0 21.838982 
 -4115000.000000 33899459.452113 7167.900000 0.500000 0.000000 1 0 0 20.290492 
 -4120000.000000 33899459.452113 7167.900000 0.500000 0.000000 1 0 0 18.548753 
 -4125000.000000 33899459.452113 7167.900000 0.500000 0.000000 1 0 0 16.529900 
 -4130000.000000 33899459.452113 7167.900000 0.500000 0.000000 1 0 0 14.201684 
 -4135000.000000 33899459.452113 7167.900000 0.500000 0.000000 1 0 0 11.447046 
 -4140000.000000 33899459.452113 7167.900000 0.500000 0.000000 1 0 0 8.244042 
 -4145000.000000 33899459.452113 7167.900000 0.500000 0.000000 0 1 0 5.003922 
 -4140000.000000 33899459.452113 7167.900000 0.500000 0.000000 1 0 0 8.244042 
 -4142500.000000 33899459.452113 7167.900000 0.500000 0.000000 0 0 1 6.629806 
 -4145000.000000 33899459.452113 7167.900000 0.500000 0.000000 0 1 0 5.003922 
 -4142500.000000 33899459.452113 7167.900000 0.500000 0.000000 0 0 1 6.629806 
 -4143750.000000 33899459.452113 7167.900000 0.500000 0.000000 0 0 1 5.785845 
 -4145000.000000 33899459.452113 7167.900000 0.500000 0.000000 0 1 0 5.003922 
 -4143750.000000 33899459.452113 7167.900000 0.500000 0.000000 0 0 1 5.785845 
 -4144375.000000 33899459.452113 7167.900000 0.500000 0.000000 0 1 0 5.377104 
 -4143750.000000 33899459.452113 7167.900000 0.500000 0.000000 0 0 1 5.785845 
 -4144062.500000 33899459.452113 7167.900000 0.500000 0.000000 0 1 0 5.590764 
 -4143750.000000 33899459.452113 7167.900000 0.500000 0.000000 0 0 1 5.785845 
 -4143906.250000 33899459.452113 7167.900000 0.500000 0.000000 0 0 1 5.665276 
 -4144062.500000 33899459.452113 7167.900000 0.500000 0.000000 0 1 0 5.590764 
 -4143906.250000 33899459.452113 7167.900000 0.500000 0.000000 0 0 1 5.665276 
 -4143984.375000 33899459.452113 7167.900000 0.500000 0.000000 0 0 1 5.639206 
 -4144062.500000 33899459.452113 7167.900000 0.500000 0.000000 0 1 0 5.590764 
 -4143984.375000 33899459.452113 7167.900000 0.500000 0.000000 0 0 1 5.639206 
 -4100000.000000 33899459.452113 7167.900000 0.500000 5.000000 1 0 0 25.911463 
 -4105000.000000 33899459.452113 7167.900000 0.500000 5.000000 1 0 0 24.541112 
 -4110000.000000 33899459.452113 7167.900000 0.500000 5.000000 1 0 0 23.076546 
 -4115000.000000 33899459.452113 7167.900000 0.500000 5.000000 1 0 0 21.529915 
 -4120000.000000 33899459.452113 7167.900000 0.500000 5.000000 1 0 0 19.824908 
 -4125000.000000 33899459.452113 7167.900000 0.500000 5.000000 1 0 0 17.906704 
 -4130000.000000 33899459.452113 7167.900000 0.500000 5.000000 1 0 0 15.641267 
 -4135000.000000 33899459.452113 7167.900000 0.500000 5.000000 1 0 0 12.887679 
 -4140000.000000 33899459.452113 7167.900000 0.500000 5.000000 1 0 0 9.363740 
 -4145000.000000 33899459.452113 7167.900000 0.500000 5.000000 0 0 1 5.603609 
 -4150000.000000 33899459.452113 7167.900000 0.500000 5.000000 0 1 0 2.520803 
 -4145000.000000 33899459.452113 7167.900000 0.500000 5.000000 0 0 1 5.603609 
 -4147500.000000 33899459.452113 7167.900000 0.500000 5.000000 0 1 0 3.862889 
 -4145000.000000 33899459.452113 7167.900000 0.500000 5.000000 0 0 1 5.603609 
 -4146250.000000 33899459.452113 7167.900000 0.500000 5.000000 0 1 0 4.706555 
 -4145000.000000 33899459.452113 7167.900000 0.500000 5.000000 0 0 1 5.603609 
 -4145625.000000 33899459.452113 7167.900000 0.500000 5.000000 0 0 1 5.143571 
 -4146250.000000 33899459.452113 7167.900000 0.500000 5.000000 0 1 0 4.706555 
 -4145625.000000 33899459.452113 7167.900000 0.500000 5.000000 0 0 1 5.143571 
 -4145937.500000 33899459.452113 7167.900000 0.500000 5.000000 0 1 0 4.910695 
 -4145625.000000 33899459.452113 7167.900000 0.500000 5.000000 0 0 1 5.143571 
 -4145781.250000 33899459.452113 7167.900000 0.500000 5.000000 0 1 0 5.014305 
 -4145625.000000 33899459.452113 7167.900000 0.500000 5.000000 0 0 1 5.143571 
 -4145703.125000 33899459.452113 7167.900000 0.500000 5.000000 0 1 0 5.090875 
 -4145625.000000 33899459.452113 7167.900000 0.500000 5.000000 0 0 1 5.143571 
 -4100000.000000 33899459.452113 7167.900000 0.500000 10.000000 1 0 0 27.258020 
 -4105000.000000 33899459.452113 7167.900000 0.500000 10.000000 1 0 0 25.927717 
 -4110000.000000 33899459.452113 7167.900000 0.500000 10.000000 1 0 0 24.463076 
 -4115000.000000 33899459.452113 7167.900000 0.500000 10.000000 1 0 0 22.876886 
 -4120000.000000 33899459.452113 7167.900000 0.500000 10.000000 1 0 0 21.161837 
 -4125000.000000 33899459.452113 7167.900000 0.500000 10.000000 1 0 0 19.276630 
 -4130000.000000 33899459.452113 7167.900000 0.500000 10.000000 1 0 0 17.132791 
 -4135000.000000 33899459.452113 7167.900000 0.500000 10.000000 1 0 0 14.507307 
 -4140000.000000 33899459.452113 7167.900000 0.500000 10.000000 1 0 0 11.015972 
 -4145000.000000 33899459.452113 7167.900000 0.500000 10.000000 1 0 0 6.480509 
 -4150000.000000 33899459.452113 7167.900000 0.500000 10.000000 0 1 0 2.698994 
 -4145000.000000 33899459.452113 7167.900000 0.500000 10.000000 1 0 0 6.480509 
 -4147500.000000 33899459.452113 7167.900000 0.500000 10.000000 0 1 0 4.304581 
 -4145000.000000 33899459.452113 7167.900000 0.500000 10.000000 1 0 0 6.480509 
 -4146250.000000 33899459.452113 7167.900000 0.500000 10.000000 1 0 0 5.304448 
 -4147500.000000 33899459.452113 7167.900000 0.500000 10.000000 0 1 0 4.304581 
 -4146250.000000 33899459.452113 7167.900000 0.500000 10.000000 1 0 0 5.304448 
 -4146875.000000 33899459.452113 7167.900000 0.500000 10.000000 0 0 1 4.786845 
 -4147500.000000 33899459.452113 7167.900000 0.500000 10.000000 0 1 0 4.304581 
 -4146875.000000 33899459.452113 7167.900000 0.500000 10.000000 0 0 1 4.786845 
 -4147187.500000 33899459.452113 7167.900000 0.500000 10.000000 0 1 0 4.529185 
 -4146875.000000 33899459.452113 7167.900000 0.500000 10.000000 0 0 1 4.786845 
 -4147031.250000 33899459.452113 7167.900000 0.500000 10.000000 0 1 0 4.670317 
 -4146875.000000 33899459.452113 7167.900000 0.500000 10.000000 0 0 1 4.786845 
 -4146953.125000 33899459.452113 7167.900000 0.500000 10.000000 0 0 1 4.728362 
 -4147031.250000 33899459.452113 7167.900000 0.500000 10.000000 0 1 0 4.670317 
 -4146953.125000 33899459.452113 7167.900000 0.500000 10.000000 0 0 1 4.728362 
 -4100000.000000 33899459.452113 7167.900000 0.500000 15.000000 1 0 0 28.556091 
 -4105000.000000 33899459.452113 7167.900000 0.500000 15.000000 1 0 0 27.275876 
 -4110000.000000 33899459.452113 7167.900000 0.500000 15.000000 1 0 0 25.883695 
 -4115000.000000 33899459.452113 7167.900000 0.500000 15.000000 1 0 0 24.371213 
 -4120000.000000 33899459.452113 7167.900000 0.500000 15.000000 1 0 0 22.667687 
 -4125000.000000 33899459.452113 7167.900000 0.500000 15.000000 1 0 0 20.755227 
 -4130000.000000 33899459.452113 7167.900000 0.500000 15.000000 1 0 0 18.627549 
 -4135000.000000 33899459.452113 7167.900000 0.500000 15.000000 1 0 0 16.142827 
 -4140000.000000 33899459.452113 7167.900000 0.500000 15.000000 1 0 0 12.916256 
 -4145000.000000 33899459.452113 7167.900000 0.500000 15.000000 1 0 0 7.931633 
 -4150000.000000 33899459.452113 7167.900000 0.500000 15.000000 0 1 0 2.894458 
 -4145000.000000 33899459.452113 7167.900000 0.500000 15.000000 1 0 0 7.931633 
 -4147500.000000 33899459.452113 7167.900000 0.500000 15.000000 1 0 0 4.862471 
 -4150000.000000 33899459.452113 7167.900000 0.500000 15.000000 0 1 0 2.894458 
 -4147500.000000 33899459.452113 7167.900000 0.500000 15.000000 1 0 0 4.862471 
 -4148750.000000 33899459.452113 7167.900000 0.500000 15.000000 0 1 0 3.764250 
 -4147500.000000 33899459.452113 7167.900000 0.500000 15.000000 1 0 0 4.862471 
 -4148125.000000 33899459.452113 7167.900000 0.500000 15.000000 0 0 1 4.320181 
 -4148750.000000 33899459.452113 7167.900000 0.500000 15.000000 0 1 0 3.764250 
 -4148125.000000 33899459.452113 7167.900000 0.500000 15.000000 0 0 1 4.320181 
 -4148437.500000 33899459.452113 7167.900000 0.500000 15.000000 0 1 0 4.038773 
 -4148125.000000 33899459.452113 7167.900000 0.500000 15.000000 0 0 1 4.320181 
 -4148281.250000 33899459.452113 7167.900000 0.500000 15.000000 0 1 0 4.192914 
 -4148125.000000 33899459.452113 7167.900000 0.500000 15.000000 0 0 1 4.320181 
 -4148203.125000 33899459.452113 7167.900000 0.500000 15.000000 0 1 0 4.226840 
 -4148125.000000 33899459.452113 7167.900000 0.500000 15.000000 0 0 1 4.320181 
 -4100000.000000 33899459.452113 7167.900000 0.500000 20.000000 1 0 0 29.947106 
 -4105000.000000 33899459.452113 7167.900000 0.500000 20.000000 1 0 0 28.645708 
 -4110000.000000 33899459.452113 7167.900000 0.500000 20.000000 1 0 0 27.264960 
 -4115000.000000 33899459.452113 7167.900000 0.500000 20.000000 1 0 0 25.803585 
 -4120000.000000 33899459.452113 7167.900000 0.500000 20.000000 1 0 0 24.191342 
 -4125000.000000 33899459.452113 7167.900000 0.500000 20.000000 1 0 0 22.385111 
 -4130000.000000 33899459.452113 7167.900000 0.500000 20.000000 1 0 0 20.318547 
 -4135000.000000 33899459.452113 7167.900000 0.500000 20.000000 1 0 0 17.843802 
 -4140000.000000 33899459.452113 7167.900000 0.500000 20.000000 1 0 0 14.775184 
 -4145000.000000 33899459.452113 7167.900000 0.500000 20.000000 1 0 0 10.434013 
 -4150000.000000 33899459.452113 7167.900000 0.500000 20.000000 0 1 0 3.121672 
 -4145000.000000 33899459.452113 7167.900000 0.500000 20.000000 1 0 0 10.434013 
 -4147500.000000 33899459.452113 7167.900000 0.500000 20.000000 1 0 0 6.582119 
 -4150000.000000 33899459.452113 7167.900000 0.500000 20.000000 0 1 0 3.121672 
 -4147500.000000 33899459.452113 7167.900000 0.500000 20.000000 1 0 0 6.582119 
 -4148750.000000 33899459.452113 7167.900000 0.500000 20.000000 1 0 0 4.223519 
 -4150000.000000 33899459.452113 7167.900000 0.500000 20.000000 0 1 0 3.121672 
 -4148750.000000 33899459.452113 7167.900000 0.500000 20.000000 1 0 0 4.223519 
 -4149375.000000 33899459.452113 7167.900000 0.500000 20.000000 0 1 0 3.652860 
 -4148750.000000 33899459.452113 7167.900000 0.500000 20.000000 1 0 0 4.223519 
 -4149062.500000 33899459.452113 7167.900000 0.500000 20.000000 0 1 0 3.930694 
 -4148750.000000 33899459.452113 7167.900000 0.500000 20.000000 1 0 0 4.223519 
 -4148906.250000 33899459.452113 7167.900000 0.500000 20.000000 0 0 1 4.108582 
 -4149062.500000 33899459.452113 7167.900000 0.500000 20.000000 0 1 0 3.930694 
 -4148906.250000 33899459.452113 7167.900000 0.500000 20.000000 0 0 1 4.108582 
 -4148984.375000 33899459.452113 7167.900000 0.500000 20.000000 0 0 1 4.002092 
 -4149062.500000 33899459.452113 7167.900000 0.500000 20.000000 0 1 0 3.930694 
 -4148984.375000 33899459.452113 7167.900000 0.500000 20.000000 0 0 1 4.002092 
 -4100000.000000 33899459.452113 7167.900000 0.500000 25.000000 1 0 0 31.790368 
 -4105000.000000 33899459.452113 7167.900000 0.500000 25.000000 1 0 0 30.427975 
 -4110000.000000 33899459.452113 7167.900000 0.500000 25.000000 1 0 0 28.978562 
 -4115000.000000 33899459.452113 7167.900000 0.500000 25.000000 1 0 0 27.420312 
 -4120000.000000 33899459.452113 7167.900000 0.500000 25.000000 1 0 0 25.733963 
 -4125000.000000 33899459.452113 7167.900000 0.500000 25.000000 1 0 0 23.948240 
 -4130000.000000 33899459.452113 7167.900000 0.500000 25.000000 1 0 0 21.974878 
 -4135000.000000 33899459.452113 7167.900000 0.500000 25.000000 1 0 0 19.671849 
 -4140000.000000 33899459.452113 7167.900000 0.500000 25.000000 1 0 0 16.779098 
 -4145000.000000 33899459.452113 7167.900000 0.500000 25.000000 1 0 0 12.764899 
 -4150000.000000 33899459.452113 7167.900000 0.500000 25.000000 0 1 0 3.414666 
 -4145000.000000 33899459.452113 7167.900000 0.500000 25.000000 1 0 0 12.764899 
 -4147500.000000 33899459.452113 7167.900000 0.500000 25.000000 1 0 0 9.595254 
 -4150000.000000 33899459.452113 7167.900000 0.500000 25.000000 0 1 0 3.414666 
 -4147500.000000 33899459.452113 7167.900000 0.500000 25.000000 1 0 0 9.595254 
 -4148750.000000 33899459.452113 7167.900000 0.500000 25.000000 1 0 0 7.108033 
 -4150000.000000 33899459.452113 7167.900000 0.500000 25.000000 0 1 0 3.414666 
 -4148750.000000 33899459.452113 7167.900000 0.500000 25.000000 1 0 0 7.108033 
 -4149375.000000 33899459.452113 7167.900000 0.500000 25.000000 1 0 0 5.163926 
 -4150000.000000 33899459.452113 7167.900000 0.500000 25.000000 0 1 0 3.414666 
 -4149375.000000 33899459.452113 7167.900000 0.500000 25.000000 1 0 0 5.163926 
 -4149687.500000 33899459.452113 7167.900000 0.500000 25.000000 1 0 0 3.763571 
 -4150000.000000 33899459.452113 7167.900000 0.500000 25.000000 0 1 0 3.414666 
 -4149687.500000 33899459.452113 7167.900000 0.500000 25.000000 1 0 0 3.763571 
 -4149843.750000 33899459.452113 7167.900000 0.500000 25.000000 0 1 0 3.567724 
 -4149687.500000 33899459.452113 7167.900000 0.500000 25.000000 1 0 0 3.763571 
 -4149765.625000 33899459.452113 7167.900000 0.500000 25.000000 0 0 1 3.646022 
 -4149843.750000 33899459.452113 7167.900000 0.500000 25.000000 0 1 0 3.567724 
 -4149765.625000 33899459.452113 7167.900000 0.500000 25.000000 0 0 1 3.646022 
 -4100000.000000 33899459.452113 7167.900000 0.500000 -25.000000 1 0 0 19.287906 
 -4105000.000000 33899459.452113 7167.900000 0.500000 -25.000000 1 0 0 17.891779 
 -4110000.000000 33899459.452113 7167.900000 0.500000 -25.000000 1 0 0 16.380780 
 -4115000.000000 33899459.452113 7167.900000 0.500000 -25.000000 1 0 0 14.773200 
 -4120000.000000 33899459.452113 7167.900000 0.500000 -25.000000 0 0 1 13.019447 
 -4115000.000000 33899459.452113 7167.900000 0.500000 -25.000000 1 0 0 14.773200 
 -4117500.000000 33899459.452113 7167.900000 0.500000 -25.000000 0 0 1 13.907959 
 -4115000.000000 33899459.452113 7167.900000 0.500000 -25.000000 1 0 0 14.773200 
 -4116250.000000 33899459.452113 7167.900000 0.500000 -25.000000 0 0 1 14.345343 
 -4115000.000000 33899459.452113 7167.900000 0.500000 -25.000000 1 0 0 14.773200 
 -4115625.000000 33899459.452113 7167.900000 0.500000 -25.000000 1 0 0 14.548490 
 -4116250.000000 33899459.452113 7167.900000 0.500000 -25.000000 0 0 1 14.345343 
 -4115625.000000 33899459.452113 7167.900000 0.500000 -25.000000 1 0 0 14.548490 
 -4115937.500000 33899459.452113 7167.900000 0.500000 -25.000000 0 0 1 14.446088 
 -4115625.000000 33899459.452113 7167.900000 0.500000 -25.000000 1 0 0 14.548490 
 -4115781.250000 33899459.452113 7167.900000 0.500000 -25.000000 0 0 1 14.508292 
 -4115625.000000 33899459.452113 7167.900000 0.500000 -25.000000 1 0 0 14.548490 
 -4115703.125000 33899459.452113 7167.900000 0.500000 -25.000000 1 0 0 14.522452 
 -4115781.250000 33899459.452113 7167.900000 0.500000 -25.000000 0 0 1 14.508292 
 -4115703.125000 33899459.452113 7167.900000 0.500000 -25.000000 1 0 0 14.522452 
 -4100000.000000 33899459.452113 7167.900000 0.500000 -20.000000 1 0 0 20.278070 
 -4105000.000000 33899459.452113 7167.900000 0.500000 -20.000000 1 0 0 18.894296 
 -4110000.000000 33899459.452113 7167.900000 0.500000 -20.000000 1 0 0 17.362898 
 -4115000.000000 33899459.452113 7167.900000 0.500000 -20.000000 1 0 0 15.730014 
 -4120000.000000 33899459.452113 7167.900000 0.500000 -20.000000 1 0 0 13.944937 
 -4125000.000000 33899459.452113 7167.900000 0.500000 -20.000000 0 0 1 11.976772 
 -4120000.000000 33899459.452113 7167.900000 0.500000 -20.000000 1 0 0 13.944937 
 -4122500.000000 33899459.452113 7167.900000 0.500000 -20.000000 1 0 0 12.994382 
 -4125000.000000 33899459.452113 7167.900000 0.500000 -20.000000 0 0 1 11.976772 
 -4122500.000000 33899459.452113 7167.900000 0.500000 -20.000000 1 0 0 12.994382 
 -4123750.000000 33899459.452113 7167.900000 0.500000 -20.000000 0 0 1 12.504981 
 -4122500.000000 33899459.452113 7167.900000 0.500000 -20.000000 1 0 0 12.994382 
 -4123125.000000 33899459.452113 7167.900000 0.500000 -20.000000 1 0 0 12.744352 
 -4123750.000000 33899459.452113 7167.900000 0.500000 -20.000000 0 0 1 12.504981 
 -4123125.000000 33899459.452113 7167.900000 0.500000 -20.000000 1 0 0 12.744352 
 -4123437.500000 33899459.452113 7167.900000 0.500000 -20.000000 1 0 0 12.612715 
 -4123750.000000 33899459.452113 7167.900000 0.500000 -20.000000 0 0 1 12.504981 
 -4123437.500000 33899459.452113 7167.900000 0.500000 -20.000000 1 0 0 12.612715 
 -4123593.750000 33899459.452113 7167.900000 0.500000 -20.000000 0 0 1 12.552067 
 -4123437.500000 33899459.452113 7167.900000 0.500000 -20.000000 1 0 0 12.612715 
 -4123515.625000 33899459.452113 7167.900000 0.500000 -20.000000 1 0 0 12.582619 
 -4123593.750000 33899459.452113 7167.900000 0.500000 -20.000000 0 0 1 12.552067 
 -4123515.625000 33899459.452113 7167.900000 0.500000 -20.000000 1 0 0 12.582619 
 -4100000.000000 33899459.452113 7167.900000 0.500000 -15.000000 1 0 0 21.300276 
 -4105000.000000 33899459.452113 7167.900000 0.500000 -15.000000 1 0 0 19.939597 
 -4110000.000000 33899459.452113 7167.900000 0.500000 -15.000000 1 0 0 18.423722 
 -4115000.000000 33899459.452113 7167.900000 0.500000 -15.000000 1 0 0 16.771383 
 -4120000.000000 33899459.452113 7167.900000 0.500000 -15.000000 1 0 0 14.957629 
 -4125000.000000 33899459.452113 7167.900000 0.500000 -15.000000 1 0 0 12.952170 
 -4130000.000000 33899459.452113 7167.900000 0.500000 -15.000000 0 0 1 10.714061 
 -4125000.000000 33899459.452113 7167.900000 0.500000 -15.000000 1 0 0 12.952170 
 -4127500.000000 33899459.452113 7167.900000 0.500000 -15.000000 1 0 0 11.864909 
 -4130000.000000 33899459.452113 7167.900000 0.500000 -15.000000 0 0 1 10.714061 
 -4127500.000000 33899459.452113 7167.900000 0.500000 -15.000000 1 0 0 11.864909 
 -4128750.000000 33899459.452113 7167.900000 0.500000 -15.000000 1 0 0 11.301020 
 -4130000.000000 33899459.452113 7167.900000 0.500000 -15.000000 0 0 1 10.714061 
 -4128750.000000 33899459.452113 7167.900000 0.500000 -15.000000 1 0 0 11.301020 
 -4129375.000000 33899459.452113 7167.900000 0.500000 -15.000000 1 0 0 11.007027 
 -4130000.000000 33899459.452113 7167.900000 0.500000 -15.000000 0 0 1 10.714061 
 -4129375.000000 33899459.452113 7167.900000 0.500000 -15.000000 1 0 0 11.007027 
 -4129687.500000 33899459.452113 7167.900000 0.500000 -15.000000 1 0 0 10.851473 
 -4130000.000000 33899459.452113 7167.900000 0.500000 -15.000000 0 0 1 10.714061 
 -4129687.500000 33899459.452113 7167.900000 0.500000 -15.000000 1 0 0 10.851473 
 -4129843.750000 33899459.452113 7167.900000 0.500000 -15.000000 1 0 0 10.798430 
 -4130000.000000 33899459.452113 7167.900000 0.500000 -15.000000 0 0 1 10.714061 
 -4129843.750000 33899459.452113 7167.900000 0.500000 -15.000000 1 0 0 10.798430 
 -4129921.875000 33899459.452113 7167.900000 0.500000 -15.000000 0 0 1 10.748435 
 -4129843.750000 33899459.452113 7167.900000 0.500000 -15.000000 1 0 0 10.798430 
 -4100000.000000 33899459.452113 7167.900000 0.500000 -10.000000 1 0 0 22.355492 
 -4105000.000000 33899459.452113 7167.900000 0.500000 -10.000000 1 0 0 21.014282 
 -4110000.000000 33899459.452113 7167.900000 0.500000 -10.000000 1 0 0 19.538242 
 -4115000.000000 33899459.452113 7167.900000 0.500000 -10.000000 1 0 0 17.893451 
 -4120000.000000 33899459.452113 7167.900000 0.500000 -10.000000 1 0 0 16.063636 
 -4125000.000000 33899459.452113 7167.900000 0.500000 -10.000000 1 0 0 14.030146 
 -4130000.000000 33899459.452113 7167.900000 0.500000 -10.000000 1 0 0 11.742411 
 -4135000.000000 33899459.452113 7167.900000 0.500000 -10.000000 0 0 1 9.238833 
 -4130000.000000 33899459.452113 7167.900000 0.500000 -10.000000 1 0 0 11.742411 
 -4132500.000000 33899459.452113 7167.900000 0.500000 -10.000000 1 0 0 10.477124 
 -4135000.000000 33899459.452113 7167.900000 0.500000 -10.000000 0 0 1 9.238833 
 -4132500.000000 33899459.452113 7167.900000 0.500000 -10.000000 1 0 0 10.477124 
 -4133750.000000 33899459.452113 7167.900000 0.500000 -10.000000 1 0 0 9.860726 
 -4135000.000000 33899459.452113 7167.900000 0.500000 -10.000000 0 0 1 9.238833 
 -4133750.000000 33899459.452113 7167.900000 0.500000 -10.000000 1 0 0 9.860726 
 -4134375.000000 33899459.452113 7167.900000 0.500000 -10.000000 1 0 0 9.548173 
 -4135000.000000 33899459.452113 7167.900000 0.500000 -10.000000 0 0 1 9.238833 
 -4134375.000000 33899459.452113 7167.900000 0.500000 -10.000000 1 0 0 9.548173 
 -4134687.500000 33899459.452113 7167.900000 0.500000 -10.000000 1 0 0 9.385172 
 -4135000.000000 33899459.452113 7167.900000 0.500000 -10.000000 0 0 1 9.238833 
 -4134687.500000 33899459.452113 7167.900000 0.500000 -10.000000 1 0 0 9.385172 
 -4134843.750000 33899459.452113 7167.900000 0.500000 -10.000000 1 0 0 9.328858 
 -4135000.000000 33899459.452113 7167.900000 0.500000 -10.000000 0 0 1 9.238833 
 -4134843.750000 33899459.452113 7167.900000 0.500000 -10.000000 1 0 0 9.328858 
 -4134921.875000 33899459.452113 7167.900000 0.500000 -10.000000 0 0 1 9.274952 
 -4134843.750000 33899459.452113 7167.900000 0.500000 -10.000000 1 0 0 9.328858 
 -4100000.000000 33899459.452113 7167.900000 0.500000 -5.000000 1 0 0 23.458257 
 -4105000.000000 33899459.452113 7167.900000 0.500000 -5.000000 1 0 0 22.118368 
 -4110000.000000 33899459.452113 7167.900000 0.500000 -5.000000 1 0 0 20.673872 
 -4115000.000000 33899459.452113 7167.900000 0.500000 -5.000000 1 0 0 19.086035 
 -4120000.000000 33899459.452113 7167.900000 0.500000 -5.000000 1 0 0 17.269703 
 -4125000.000000 33899459.452113 7167.900000 0.500000 -5.000000 1 0 0 15.218824 
 -4130000.000000 33899459.452113 7167.900000 0.500000 -5.000000 1 0 0 12.904213 
 -4135000.000000 33899459.452113 7167.900000 0.500000 -5.000000 1 0 0 10.192838 
 -4140000.000000 33899459.452113 7167.900000 0.500000 -5.000000 0 0 1 7.422412 
 -4135000.000000 33899459.452113 7167.900000 0.500000 -5.000000 1 0 0 10.192838 
 -4137500.000000 33899459.452113 7167.900000 0.500000 -5.000000 1 0 0 8.812819 
 -4140000.000000 33899459.452113 7167.900000 0.500000 -5.000000 0 0 1 7.422412 
 -4137500.000000 33899459.452113 7167.900000 0.500000 -5.000000 1 0 0 8.812819 
 -4138750.000000 33899459.452113 7167.900000 0.500000 -5.000000 1 0 0 8.127492 
 -4140000.000000 33899459.452113 7167.900000 0.500000 -5.000000 0 0 1 7.422412 
 -4138750.000000 33899459.452113 7167.900000 0.500000 -5.000000 1 0 0 8.127492 
 -4139375.000000 33899459.452113 7167.900000 0.500000 -5.000000 0 0 1 7.798803 
 -4138750.000000 33899459.452113 7167.900000 0.500000 -5.000000 1 0 0 8.127492 
 -4139062.500000 33899459.452113 7167.900000 0.500000 -5.000000 0 0 1 7.963592 
 -4138750.000000 33899459.452113 7167.900000 0.500000 -5.000000 1 0 0 8.127492 
 -4138906.250000 33899459.452113 7167.900000 0.500000 -5.000000 0 0 1 8.045987 
 -4138750.000000 33899459.452113 7167.900000 0.500000 -5.000000 1 0 0 8.127492 
 -4138828.125000 33899459.452113 7167.900000 0.500000 -5.000000 1 0 0 8.086862 
 -4138906.250000 33899459.452113 7167.900000 0.500000 -5.000000 0 0 1 8.045987 
 -4138828.125000 33899459.452113 7167.900000 0.500000 -5.000000 1 0 0 8.086862 
 -4100000.000000 33899459.452113 7167.900000 0.500000 0.000000 1 0 0 24.626079 
 -4105000.000000 33899459.452113 7167.900000 0.500000 0.000000 1 0 0 23.284817 
 -4110000.000000 33899459.452113 7167.900000 0.500000 0.000000 1 0 0 21.838982 
 -4115000.000000 33899459.452113 7167.900000 0.500000 0.000000 1 0 0 20.290492 
 -4120000.000000 33899459.452113 7167.900000 0.500000 0.000000 1 0 0 18.548753 
 -4125000.000000 33899459.452113 7167.900000 0.500000 0.000000 1 0 0 16.529900 
 -4130000.000000 33899459.452113 7167.900000 0.500000 0.000000 1 0 0 14.201684 
 -4135000.000000 33899459.452113 7167.900000 0.500000 0.000000 1 0 0 11.447046 
 -4140000.000000 33899459.452113 7167.900000 0.500000 0.000000 1 0 0 8.244042 
 -4145000.000000 33899459.452113 7167.900000 0.500000 0.000000 0 1 0 5.003922 
 -4140000.000000 33899459.452113 7167.900000 0.500000 0.000000 1 0 0 8.244042 
 -4145000.000000 33899459.452113 7167.900000 0.500000 0.000000 0 1 0 5.003922 
 -4142500.000000 33899459.452113 7167.900000 0.500000 0.000000 0 0 1 6.629806 
 -4140000.000000 33899459.452113 7167.900000 0.500000 0.000000 1 0 0 8.244042 
 -4142500.000000 33899459.452113 7167.900000 0.500000 0.000000 0 0 1 6.629806 
 -4140000.000000 33899459.452113 7167.900000 0.500000 0.000000 1 0 0 8.244042 
 -4141250.000000 33899459.452113 7167.900000 0.500000 0.000000 1 0 0 7.478158 
 -4142500.000000 33899459.452113 7167.900000 0.500000 0.000000 0 0 1 6.629806 
 -4141250.000000 33899459.452113 7167.900000 0.500000 0.000000 1 0 0 7.478158 
 -4141875.000000 33899459.452113 7167.900000 0.500000 0.000000 1 0 0 7.089826 
 -4142500.000000 33899459.452113 7167.900000 0.500000 0.000000 0 0 1 6.629806 
 -4141875.000000 33899459.452113 7167.900000 0.500000 0.000000 1 0 0 7.089826 
 -4142187.500000 33899459.452113 7167.900000 0.500000 0.000000 0 0 1 6.864197 
 -4141875.000000 33899459.452113 7167.900000 0.500000 0.000000 1 0 0 7.089826 
 -4142031.250000 33899459.452113 7167.900000 0.500000 0.000000 1 0 0 6.965919 
 -4142187.500000 33899459.452113 7167.900000 0.500000 0.000000 0 0 1 6.864197 
 -4142031.250000 33899459.452113 7167.900000 0.500000 0.000000 1 0 0 6.965919 
 -4142109.375000 33899459.452113 7167.900000 0.500000 0.000000 0 0 1 6.891754 
 -4142031.250000 33899459.452113 7167.900000 0.500000 0.000000 1 0 0 6.965919 
 -4100000.000000 33899459.452113 7167.900000 0.500000 5.000000 1 0 0 25.911463 
 -4105000.000000 33899459.452113 7167.900000 0.500000 5.000000 1 0 0 24.541112 
 -4110000.000000 33899459.452113 7167.900000 0.500000 5.000000 1 0 0 23.076546 
 -4115000.000000 33899459.452113 7167.900000 0.500000 5.000000 1 0 0 21.529915 
 -4120000.000000 33899459.452113 7167.900000 0.500000 5.000000 1 0 0 19.824908 
 -4125000.000000 33899459.452113 7167.900000 0.500000 5.000000 1 0 0 17.906704 
 -4130000.000000 33899459.452113 7167.900000 0.500000 5.000000 1 0 0 15.641267 
 -4135000.000000 33899459.452113 7167.900000 0.500000 5.000000 1 0 0 12.887679 
 -4140000.000000 33899459.452113 7167.900000 0.500000 5.000000 1 0 0 9.363740 
 -4145000.000000 33899459.452113 7167.900000 0.500000 5.000000 0 0 1 5.603609 
 -4140000.000000 33899459.452113 7167.900000 0.500000 5.000000 1 0 0 9.363740 
 -4142500.000000 33899459.452113 7167.900000 0.500000 5.000000 1 0 0 7.506455 
 -4145000.000000 33899459.452113 7167.900000 0.500000 5.000000 0 0 1 5.603609 
 -4142500.000000 33899459.452113 7167.900000 0.500000 5.000000 1 0 0 7.506455 
 -4143750.000000 33899459.452113 7167.900000 0.500000 5.000000 1 0 0 6.577231 
 -4145000.000000 33899459.452113 7167.900000 0.500000 5.000000 0 0 1 5.603609 
 -4143750.000000 33899459.452113 7167.900000 0.500000 5.000000 1 0 0 6.577231 
 -4144375.000000 33899459.452113 7167.900000 0.500000 5.000000 1 0 0 6.064277 
 -4145000.000000 33899459.452113 7167.900000 0.500000 5.000000 0 0 1 5.603609 
 -4144375.000000 33899459.452113 7167.900000 0.500000 5.000000 1 0 0 6.064277 
 -4144687.500000 33899459.452113 7167.900000 0.500000 5.000000 0 0 1 5.830649 
 -4144375.000000 33899459.452113 7167.900000 0.500000 5.000000 1 0 0 6.064277 
 -4144531.250000 33899459.452113 7167.900000 0.500000 5.000000 0 0 1 5.946632 
 -4144375.000000 33899459.452113 7167.900000 0.500000 5.000000 1 0 0 6.064277 
 -4144453.125000 33899459.452113 7167.900000 0.500000 5.000000 1 0 0 6.005246 
 -4144531.250000 33899459.452113 7167.900000 0.500000 5.000000 0 0 1 5.946632 
 -4144453.125000 33899459.452113 7167.900000 0.500000 5.000000 1 0 0 6.005246 
 -4100000.000000 33899459.452113 7167.900000 0.500000 10.000000 1 0 0 27.258020 
 -4105000.000000 33899459.452113 7167.900000 0.500000 10.000000 1 0 0 25.927717 
 -4110000.000000 33899459.452113 7167.900000 0.500000 10.000000 1 0 0 24.463076 
 -4115000.000000 33899459.452113 7167.900000 0.500000 10.000000 1 0 0 22.876886 
 -4120000.000000 33899459.452113 7167.900000 0.500000 10.000000 1 0 0 21.161837 
 -4125000.000000 33899459.452113 7167.900000 0.500000 10.000000 1 0 0 19.276630 
 -4130000.000000 33899459.452113 7167.900000 0.500000 10.000000 1 0 0 17.132791 
 -4135000.000000 33899459.452113 7167.900000 0.500000 10.000000 1 0 0 14.507307 
 -4140000.000000 33899459.452113 7167.900000 0.500000 10.000000 1 0 0 11.015972 
 -4145000.000000 33899459.452113 7167.900000 0.500000 10.000000 1 0 0 6.480509 
 -4150000.000000 33899459.452113 7167.900000 0.500000 10.000000 0 1 0 2.698994 
 -4145000.000000 33899459.452113 7167.900000 0.500000 10.000000 1 0 0 6.480509 
 -4150000.000000 33899459.452113 7167.900000 0.500000 10.000000 0 1 0 2.698994 
 -4147500.000000 33899459.452113 7167.900000 0.500000 10.000000 0 1 0 4.304581 
 -4145000.000000 33899459.452113 7167.900000 0.500000 10.000000 1 0 0 6.480509 
 -4147500.000000 33899459.452113 7167.900000 0.500000 10.000000 0 1 0 4.304581 
 -4146250.000000 33899459.452113 7167.900000 0.500000 10.000000 1 0 0 5.304448 
 -4147500.000000 33899459.452113 7167.900000 0.500000 10.000000 0 1 0 4.304581 
 -4146875.000000 33899459.452113 7167.900000 0.500000 10.000000 0 0 1 4.786845 
 -4146250.000000 33899459.452113 7167.900000 0.500000 10.000000 1 0 0 5.304448 
 -4146875.000000 33899459.452113 7167.900000 0.500000 10.000000 0 0 1 4.786845 
 -4146250.000000 33899459.452113 7167.900000 0.500000 10.000000 1 0 0 5.304448 
 -4146562.500000 33899459.452113 7167.900000 0.500000 10.000000 0 0 1 5.025916 
 -4146250.000000 33899459.452113 7167.900000 0.500000 10.000000 1 0 0 5.304448 
 -4146406.250000 33899459.452113 7167.900000 0.500000 10.000000 0 0 1 5.178041 
 -4146250.000000 33899459.452113 7167.900000 0.500000 10.000000 1 0 0 5.304448 
 -4146328.125000 33899459.452113 7167.900000 0.500000 10.000000 1 0 0 5.240833 
 -4146406.250000 33899459.452113 7167.900000 0.500000 10.000000 0 0 1 5.178041 
 -4146328.125000 33899459.452113 7167.900000 0.500000 10.000000 1 0 0 5.240833 
 -4100000.000000 33899459.452113 7167.900000 0.500000 15.000000 1 0 0 28.556091 
 -4105000.000000 33899459.452113 7167.900000 0.500000 15.000000 1 0 0 27.275876 
 -4110000.000000 33899459.452113 7167.900000 0.500000 15.000000 1 0 0 25.883695 
 -4115000.000000 33899459.452113 7167.900000 0.500000 15.000000 1 0 0 24.371213 
 -4120000.000000 33899459.452113 7167.900000 0.500000 15.000000 1 0 0 22.667687 
 -4125000.000000 33899459.452113 7167.900000 0.500000 15.000000 1 0 0 20.755227 
 -4130000.000000 33899459.452113 7167.900000 0.500000 15.000000 1 0 0 18.627549 
 -4135000.000000 33899459.452113 7167.900000 0.500000 15.000000 1 0 0 16.142827 
 -4140000.000000 33899459.452113 7167.900000 0.500000 15.000000 1 0 0 12.916256 
 -4145000.000000 33899459.452113 7167.900000 0.500000 15.000000 1 0 0 7.931633 
 -4150000.000000 33899459.452113 7167.900000 0.500000 15.000000 0 1 0 2.894458 
 -4145000.000000 33899459.452113 7167.900000 0.500000 15.000000 1 0 0 7.931633 
 -4150000.000000 33899459.452113 7167.900000 0.500000 15.000000 0 1 0 2.894458 
 -4147500.000000 33899459.452113 7167.900000 0.500000 15.000000 1 0 0 4.862471 
 -4150000.000000 33899459.452113 7167.900000 0.500000 15.000000 0 1 0 2.894458 
 -4148750.000000 33899459.452113 7167.900000 0.500000 15.000000 0 1 0 3.764250 
 -4147500.000000 33899459.452113 7167.900000 0.500000 15.000000 1 0 0 4.862471 
 -4148750.000000 33899459.452113 7167.900000 0.500000 15.000000 0 1 0 3.764250 
 -4148125.000000 33899459.452113 7167.900000 0.500000 15.000000 0 0 1 4.320181 
 -4147500.000000 33899459.452113 7167.900000 0.500000 15.000000 1 0 0 4.862471 
 -4148125.000000 33899459.452113 7167.900000 0.500000 15.000000 0 0 1 4.320181 
 -4147500.000000 33899459.452113 7167.900000 0.500000 15.000000 1 0 0 4.862471 
 -4147812.500000 33899459.452113 7167.900000 0.500000 15.000000 0 0 1 4.583582 
 -4147500.000000 33899459.452113 7167.900000 0.500000 15.000000 1 0 0 4.862471 
 -4147656.250000 33899459.452113 7167.900000 0.500000 15.000000 1 0 0 4.720752 
 -4147812.500000 33899459.452113 7167.900000 0.500000 15.000000 0 0 1 4.583582 
 -4147656.250000 33899459.452113 7167.900000 0.500000 15.000000 1 0 0 4.720752 
 -4147734.375000 33899459.452113 7167.900000 0.500000 15.000000 1 0 0 4.651580 
 -4147812.500000 33899459.452113 7167.900000 0.500000 15.000000 0 0 1 4.583582 
 -4147734.375000 33899459.452113 7167.900000 0.500000 15.000000 1 0 0 4.651580 
 -4100000.000000 33899459.452113 7167.900000 0.500000 20.000000 1 0 0 29.947106 
 -4105000.000000 33899459.452113 7167.900000 0.500000 20.000000 1 0 0 28.645708 
 -4110000.000000 33899459.452113 7167.900000 0.500000 20.000000 1 0 0 27.264960 
 -4115000.000000 33899459.452113 7167.900000 0.500000 20.000000 1 0 0 25.803585 
 -4120000.000000 33899459.452113 7167.900000 0.500000 20.000000 1 0 0 24.191342 
 -4125000.000000 33899459.452113 7167.900000 0.500000 20.000000 1 0 0 22.385111 
 -4130000.000000 33899459.452113 7167.900000 0.500000 20.000000 1 0 0 20.318547 
 -4135000.000000 33899459.452113 7167.900000 0.500000 20.000000 1 0 0 17.843802 
 -4140000.000000 33899459.452113 7167.900000 0.500000 20.000000 1 0 0 14.775184 
 -4145000.000000 33899459.452113 7167.900000 0.500000 20.000000 1 0 0 10.434013 
 -4150000.000000 33899459.452113 7167.900000 0.500000 20.000000 0 1 0 3.121672 
 -4145000.000000 33899459.452113 7167.900000 0.500000 20.000000 1 0 0 10.434013 
 -4150000.000000 33899459.452113 7167.900000 0.500000 20.000000 0 1 0 3.121672 
 -4147500.000000 33899459.452113 7167.900000 0.500000 20.000000 1 0 0 6.582119 
 -4150000.000000 33899459.452113 7167.900000 0.500000 20.000000 0 1 0 3.121672 
 -4148750.000000 33899459.452113 7167.900000 0.500000 20.000000 1 0 0 4.223519 
 -4150000.000000 33899459.452113 7167.900000 0.500000 20.000000 0 1 0 3.121672 
 -4149375.000000 33899459.452113 7167.900000 0.500000 20.000000 0 1 0 3.652860 
 -4148750.000000 33899459.452113 7167.900000 0.500000 20.000000 1 0 0 4.223519 
 -4149375.000000 33899459.452113 7167.900000 0.500000 20.000000 0 1 0 3.652860 
 -4149062.500000 33899459.452113 7167.900000 0.500000 20.000000 0 1 0 3.930694 
 -4148750.000000 33899459.452113 7167.900000 0.500000 20.000000 1 0 0 4.223519 
 -4149062.500000 33899459.452113 7167.900000 0.500000 20.000000 0 1 0 3.930694 
 -4148906.250000 33899459.452113 7167.900000 0.500000 20.000000 0 0 1 4.108582 
 -4148750.000000 33899459.452113 7167.900000 0.500000 20.000000 1 0 0 4.223519 
 -4148906.250000 33899459.452113 7167.900000 0.500000 20.000000 0 0 1 4.108582 
 -4148750.000000 33899459.452113 7167.900000 0.500000 20.000000 1 0 0 4.223519 
 -4148828.125000 33899459.452113 7167.900000 0.500000 20.000000 1 0 0 4.183015 
 -4148906.250000 33899459.452113 7167.900000 0.500000 20.000000 0 0 1 4.108582 
 -4148828.125000 33899459.452113 7167.900000 0.500000 20.000000 1 0 0 4.183015 
 -4100000.000000 33899459.452113 7167.900000 0.500000 25.000000 1 0 0 31.790368 
 -4105000.000000 33899459.452113 7167.900000 0.500000 25.000000 1 0 0 30.427975 
 -4110000.000000 33899459.452113 7167.900000 0.500000 25.000000 1 0 0 28.978562 
 -4115000.000000 33899459.452113 7167.900000 0.500000 25.000000 1 0 0 27.420312 
 -4120000.000000 33899459.452113 7167.900000 0.500000 25.000000 1 0 0 25.733963 
 -4125000.000000 33899459.452113 7167.900000 0.500000 25.000000 1 0 0 23.948240 
 -4130000.000000 33899459.452113 7167.900000 0.500000 25.000000 1 0 0 21.974878 
 -4135000.000000 33899459.452113 7167.900000 0.500000 25.000000 1 0 0 19.671849 
 -4140000.000000 33899459.452113 7167.900000 0.500000 25.000000 1 0 0 16.779098 
 -4145000.000000 33899459.452113 7167.900000 0.500000 25.000000 1 0 0 12.764899 
 -4150000.000000 33899459.452113 7167.900000 0.500000 25.000000 0 1 0 3.414666 
 -4145000.000000 33899459.452113 7167.900000 0.500000 25.000000 1 0 0 12.764899 
 -4150000.000000 33899459.452113 7167.900000 0.500000 25.000000 0 1 0 3.414666 
 -4147500.000000 33899459.452113 7167.900000 0.500000 25.000000 1 0 0 9.595254 
 -4150000.000000 33899459.452113 7167.900000 0.500000 25.000000 0 1 0 3.414666 
 -4148750.000000 33899459.452113 7167.900000 0.500000 25.000000 1 0 0 7.108033 
 -4150000.000000 33899459.452113 7167.900000 0.500000 25.000000 0 1 0 3.414666 
 -4149375.000000 33899459.452113 7167.900000 0.500000 25.000000 1 0 0 5.163926 
 -4150000.000000 33899459.452113 7167.900000 0.500000 25.000000 0 1 0 3.414666 
 -4149687.500000 33899459.452113 7167.900000 0.500000 25.000000 1 0 0 3.763571 
 -4150000.000000 33899459.452113 7167.900000 0.500000 25.000000 0 1 0 3.414666 
 -4149843.750000 33899459.452113 7167.900000 0.500000 25.000000 0 1 0 3.567724 
 -4149687.500000 33899459.452113 7167.900000 0.500000 25.000000 1 0 0 3.763571 
 -4149843.750000 33899459.452113 7167.900000 0.500000 25.000000 0 1 0 3.567724 
 -4149765.625000 33899459.452113 7167.900000 0.500000 25.000000 0 0 1 3.646022 
 -4149687.500000 33899459.452113 7167.900000 0.500000 25.000000 1 0 0 3.763571 
 -4149765.625000 33899459.452113 7167.900000 0.500000 25.000000 0 0 1 3.646022 
 -4149687.500000 33899459.452113 7167.900000 0.500000 25.000000 1 0 0 3.763571 
