 -4100000.000000 33899459.452113 7167.900000 0.100000 -25.000000 1 0 0 23.318679 
 -4105000.000000 33899459.452113 7167.900000 0.100000 -25.000000 1 0 0 21.982970 
 -4110000.000000 33899459.452113 7167.900000 0.100000 -25.000000 1 0 0 20.499160 
 -4115000.000000 33899459.452113 7167.900000 0.100000 -25.000000 1 0 0 18.930759 
 -4120000.000000 33899459.452113 7167.900000 0.100000 -25.000000 1 0 0 17.230682 
 -4125000.000000 33899459.452113 7167.900000 0.100000 -25.000000 1 0 0 15.328038 
 -4130000.000000 33899459.452113 7167.900000 0.100000 -25.000000 1 0 0 13.061376 
 -4135000.000000 33899459.452113 7167.900000 0.100000 -25.000000 1 0 0 10.311015 
 -4140000.000000 33899459.452113 7167.900000 0.100000 -25.000000 1 0 0 7.063560 
 -4145000.000000 33899459.452113 7167.900000 0.100000 -25.000000 0 1 0 4.059571 
 -4140000.000000 33899459.452113 7167.900000 0.100000 -25.000000 1 0 0 7.063560 
 -4142500.000000 33899459.452113 7167.900000 0.100000 -25.000000 0 1 0 5.539822 
 -4140000.000000 33899459.452113 7167.900000 0.100000 -25.000000 1 0 0 7.063560 
 -4141250.000000 33899459.452113 7167.900000 0.100000 -25.000000 0 0 1 6.322193 
 -4142500.000000 33899459.452113 7167.900000 0.100000 -25.000000 0 1 0 5.539822 
 -4141250.000000 33899459.452113 7167.900000 0.100000 -25.000000 0 0 1 6.322193 
 -4141875.000000 33899459.452113 7167.900000 0.100000 -25.000000 0 0 1 5.959919 
 -4142500.000000 33899459.452113 7167.900000 0.100000 -25.000000 0 1 0 5.539822 
 -4141875.000000 33899459.452113 7167.900000 0.100000 -25.000000 0 0 1 5.959919 
 -4142187.500000 33899459.452113 7167.900000 0.100000 -25.000000 0 0 1 5.752834 
 -4142500.000000 33899459.452113 7167.900000 0.100000 -25.000000 0 1 0 5.539822 
 -4142187.500000 33899459.452113 7167.900000 0.100000 -25.000000 0 0 1 5.752834 
 -4142343.750000 33899459.452113 7167.900000 0.100000 -25.000000 0 0 1 5.636144 
 -4142500.000000 33899459.452113 7167.900000 0.100000 -25.000000 0 1 0 5.539822 
 -4142343.750000 33899459.452113 7167.900000 0.100000 -25.000000 0 0 1 5.636144 
 -4142421.875000 33899459.452113 7167.900000 0.100000 -25.000000 0 1 0 5.588176 
 -4142343.750000 33899459.452113 7167.900000 0.100000 -25.000000 0 0 1 5.636144 
 -4142382.812500 33899459.452113 7167.900000 0.100000 -25.000000 0 1 0 5.612210 
 -4142343.750000 33899459.452113 7167.900000 0.100000 -25.000000 0 0 1 5.636144 
 -4142363.281250 33899459.452113 7167.900000 0.100000 -25.000000 0 0 1 5.635275 
 -4142382.812500 33899459.452113 7167.900000 0.100000 -25.000000 0 1 0 5.612210 
 -4142363.281250 33899459.452113 7167.900000 0.100000 -25.000000 0 0 1 5.635275 
 -4142373.046875 33899459.452113 7167.900000 0.100000 -25.000000 0 1 0 5.612645 
 -4142363.281250 33899459.452113 7167.900000 0.100000 -25.000000 0 0 1 5.635275 
 -4100000.000000 33899459.452113 7167.900000 0.100000 -22.500000 1 0 0 23.319309 
 -4105000.000000 33899459.452113 7167.900000 0.100000 -22.500000 1 0 0 21.983636 
 -4110000.000000 33899459.452113 7167.900000 0.100000 -22.500000 1 0 0 20.499832 
 -4115000.000000 33899459.452113 7167.900000 0.100000 -22.500000 1 0 0 18.931403 
 -4120000.000000 33899459.452113 7167.900000 0.100000 -22.500000 1 0 0 17.231311 
 -4125000.000000 33899459.452113 7167.900000 0.100000 -22.500000 1 0 0 15.328679 
 -4130000.000000 33899459.452113 7167.900000 0.100000 -22.500000 1 0 0 13.062068 
 -4135000.000000 33899459.452113 7167.900000 0.100000 -22.500000 1 0 0 10.311667 
 -4140000.000000 33899459.452113 7167.900000 0.100000 -22.500000 1 0 0 7.063978 
 -4145000.000000 33899459.452113 7167.900000 0.100000 -22.500000 0 1 0 4.059769 
 -4140000.000000 33899459.452113 7167.900000 0.100000 -22.500000 1 0 0 7.063978 
 -4142500.000000 33899459.452113 7167.900000 0.100000 -22.500000 0 1 0 5.540158 
 -4140000.000000 33899459.452113 7167.900000 0.100000 -22.500000 1 0 0 7.063978 
 -4141250.000000 33899459.452113 7167.900000 0.100000 -22.500000 0 0 1 6.322550 
 -4142500.000000 33899459.452113 7167.900000 0.100000 -22.500000 0 1 0 5.540158 
 -4141250.000000 33899459.452113 7167.900000 0.100000 -22.500000 0 0 1 6.322550 
 -4141875.000000 33899459.452113 7167.900000 0.100000 -22.500000 0 0 1 5.960261 
 -4142500.000000 33899459.452113 7167.900000 0.100000 -22.500000 0 1 0 5.540158 
 -4141875.000000 33899459.452113 7167.900000 0.100000 -22.500000 0 0 1 5.960261 
 -4142187.500000 33899459.452113 7167.900000 0.100000 -22.500000 0 0 1 5.753173 
 -4142500.000000 33899459.452113 7167.900000 0.100000 -22.500000 0 1 0 5.540158 
 -4142187.500000 33899459.452113 7167.900000 0.100000 -22.500000 0 0 1 5.753173 
 -4142343.750000 33899459.452113 7167.900000 0.100000 -22.500000 0 0 1 5.636481 
 -4142500.000000 33899459.452113 7167.900000 0.100000 -22.500000 0 1 0 5.540158 
 -4142343.750000 33899459.452113 7167.900000 0.100000 -22.500000 0 0 1 5.636481 
 -4142421.875000 33899459.452113 7167.900000 0.100000 -22.500000 0 1 0 5.588513 
 -4142343.750000 33899459.452113 7167.900000 0.100000 -22.500000 0 0 1 5.636481 
 -4142382.812500 33899459.452113 7167.900000 0.100000 -22.500000 0 1 0 5.612547 
 -4142343.750000 33899459.452113 7167.900000 0.100000 -22.500000 0 0 1 5.636481 
 -4142363.281250 33899459.452113 7167.900000 0.100000 -22.500000 0 0 1 5.635612 
 -4142382.812500 33899459.452113 7167.900000 0.100000 -22.500000 0 1 0 5.612547 
 -4142363.281250 33899459.452113 7167.900000 0.100000 -22.500000 0 0 1 5.635612 
 -4142373.046875 33899459.452113 7167.900000 0.100000 -22.500000 0 1 0 5.612982 
 -4142363.281250 33899459.452113 7167.900000 0.100000 -22.500000 0 0 1 5.635612 
 -4100000.000000 33899459.452113 7167.900000 0.100000 -20.000000 1 0 0 23.320485 
 -4105000.000000 33899459.452113 7167.900000 0.100000 -20.000000 1 0 0 21.984801 
 -4110000.000000 33899459.452113 7167.900000 0.100000 -20.000000 1 0 0 20.500998 
 -4115000.000000 33899459.452113 7167.900000 0.100000 -20.000000 1 0 0 18.932559 
 -4120000.000000 33899459.452113 7167.900000 0.100000 -20.000000 1 0 0 17.232455 
 -4125000.000000 33899459.452113 7167.900000 0.100000 -20.000000 1 0 0 15.329823 
 -4130000.000000 33899459.452113 7167.900000 0.100000 -20.000000 1 0 0 13.063228 
 -4135000.000000 33899459.452113 7167.900000 0.100000 -20.000000 1 0 0 10.312783 
 -4140000.000000 33899459.452113 7167.900000 0.100000 -20.000000 1 0 0 7.064830 
 -4145000.000000 33899459.452113 7167.900000 0.100000 -20.000000 0 1 0 4.060284 
 -4140000.000000 33899459.452113 7167.900000 0.100000 -20.000000 1 0 0 7.064830 
 -4142500.000000 33899459.452113 7167.900000 0.100000 -20.000000 0 1 0 5.540884 
 -4140000.000000 33899459.452113 7167.900000 0.100000 -20.000000 1 0 0 7.064830 
 -4141250.000000 33899459.452113 7167.900000 0.100000 -20.000000 0 0 1 6.323321 
 -4142500.000000 33899459.452113 7167.900000 0.100000 -20.000000 0 1 0 5.540884 
 -4141250.000000 33899459.452113 7167.900000 0.100000 -20.000000 0 0 1 6.323321 
 -4141875.000000 33899459.452113 7167.900000 0.100000 -20.000000 0 0 1 5.961006 
 -4142500.000000 33899459.452113 7167.900000 0.100000 -20.000000 0 1 0 5.540884 
 -4141875.000000 33899459.452113 7167.900000 0.100000 -20.000000 0 0 1 5.961006 
 -4142187.500000 33899459.452113 7167.900000 0.100000 -20.000000 0 0 1 5.753907 
 -4142500.000000 33899459.452113 7167.900000 0.100000 -20.000000 0 1 0 5.540884 
 -4142187.500000 33899459.452113 7167.900000 0.100000 -20.000000 0 0 1 5.753907 
 -4142343.750000 33899459.452113 7167.900000 0.100000 -20.000000 0 0 1 5.637210 
 -4142500.000000 33899459.452113 7167.900000 0.100000 -20.000000 0 1 0 5.540884 
 -4142343.750000 33899459.452113 7167.900000 0.100000 -20.000000 0 0 1 5.637210 
 -4142421.875000 33899459.452113 7167.900000 0.100000 -20.000000 0 1 0 5.589240 
 -4142343.750000 33899459.452113 7167.900000 0.100000 -20.000000 0 0 1 5.637210 
 -4142382.812500 33899459.452113 7167.900000 0.100000 -20.000000 0 1 0 5.613276 
 -4142343.750000 33899459.452113 7167.900000 0.100000 -20.000000 0 0 1 5.637210 
 -4142363.281250 33899459.452113 7167.900000 0.100000 -20.000000 0 0 1 5.636341 
 -4142382.812500 33899459.452113 7167.900000 0.100000 -20.000000 0 1 0 5.613276 
 -4142363.281250 33899459.452113 7167.900000 0.100000 -20.000000 0 0 1 5.636341 
 -4142373.046875 33899459.452113 7167.900000 0.100000 -20.000000 0 1 0 5.613711 
 -4142363.281250 33899459.452113 7167.900000 0.100000 -20.000000 0 0 1 5.636341 
 -4100000.000000 33899459.452113 7167.900000 0.100000 -17.500000 1 0 0 23.321281 
 -4105000.000000 33899459.452113 7167.900000 0.100000 -17.500000 1 0 0 21.985643 
 -4110000.000000 33899459.452113 7167.900000 0.100000 -17.500000 1 0 0 20.501848 
 -4115000.000000 33899459.452113 7167.900000 0.100000 -17.500000 1 0 0 18.933373 
 -4120000.000000 33899459.452113 7167.900000 0.100000 -17.500000 1 0 0 17.233250 
 -4125000.000000 33899459.452113 7167.900000 0.100000 -17.500000 1 0 0 15.330633 
 -4130000.000000 33899459.452113 7167.900000 0.100000 -17.500000 1 0 0 13.064102 
 -4135000.000000 33899459.452113 7167.900000 0.100000 -17.500000 1 0 0 10.313607 
 -4140000.000000 33899459.452113 7167.900000 0.100000 -17.500000 1 0 0 7.065360 
 -4145000.000000 33899459.452113 7167.900000 0.100000 -17.500000 0 1 0 4.060535 
 -4140000.000000 33899459.452113 7167.900000 0.100000 -17.500000 1 0 0 7.065360 
 -4142500.000000 33899459.452113 7167.900000 0.100000 -17.500000 0 1 0 5.541311 
 -4140000.000000 33899459.452113 7167.900000 0.100000 -17.500000 1 0 0 7.065360 
 -4141250.000000 33899459.452113 7167.900000 0.100000 -17.500000 0 0 1 6.323771 
 -4142500.000000 33899459.452113 7167.900000 0.100000 -17.500000 0 1 0 5.541311 
 -4141250.000000 33899459.452113 7167.900000 0.100000 -17.500000 0 0 1 6.323771 
 -4141875.000000 33899459.452113 7167.900000 0.100000 -17.500000 0 0 1 5.961437 
 -4142500.000000 33899459.452113 7167.900000 0.100000 -17.500000 0 1 0 5.541311 
 -4141875.000000 33899459.452113 7167.900000 0.100000 -17.500000 0 0 1 5.961437 
 -4142187.500000 33899459.452113 7167.900000 0.100000 -17.500000 0 0 1 5.754335 
 -4142500.000000 33899459.452113 7167.900000 0.100000 -17.500000 0 1 0 5.541311 
 -4142187.500000 33899459.452113 7167.900000 0.100000 -17.500000 0 0 1 5.754335 
 -4142343.750000 33899459.452113 7167.900000 0.100000 -17.500000 0 0 1 5.637635 
 -4142500.000000 33899459.452113 7167.900000 0.100000 -17.500000 0 1 0 5.541311 
 -4142343.750000 33899459.452113 7167.900000 0.100000 -17.500000 0 0 1 5.637635 
 -4142421.875000 33899459.452113 7167.900000 0.100000 -17.500000 0 1 0 5.589665 
 -4142343.750000 33899459.452113 7167.900000 0.100000 -17.500000 0 0 1 5.637635 
 -4142382.812500 33899459.452113 7167.900000 0.100000 -17.500000 0 1 0 5.613702 
 -4142343.750000 33899459.452113 7167.900000 0.100000 -17.500000 0 0 1 5.637635 
 -4142363.281250 33899459.452113 7167.900000 0.100000 -17.500000 0 0 1 5.636766 
 -4142382.812500 33899459.452113 7167.900000 0.100000 -17.500000 0 1 0 5.613702 
 -4142363.281250 33899459.452113 7167.900000 0.100000 -17.500000 0 0 1 5.636766 
 -4142373.046875 33899459.452113 7167.900000 0.100000 -17.500000 0 1 0 5.614137 
 -4142363.281250 33899459.452113 7167.900000 0.100000 -17.500000 0 0 1 5.636766 
 -4100000.000000 33899459.452113 7167.900000 0.100000 -15.000000 1 0 0 23.322609 
 -4105000.000000 33899459.452113 7167.900000 0.100000 -15.000000 1 0 0 21.986968 
 -4110000.000000 33899459.452113 7167.900000 0.100000 -15.000000 1 0 0 20.503175 
 -4115000.000000 33899459.452113 7167.900000 0.100000 -15.000000 1 0 0 18.934685 
 -4120000.000000 33899459.452113 7167.900000 0.100000 -15.000000 1 0 0 17.234545 
 -4125000.000000 33899459.452113 7167.900000 0.100000 -15.000000 1 0 0 15.331931 
 -4130000.000000 33899459.452113 7167.900000 0.100000 -15.000000 1 0 0 13.065429 
 -4135000.000000 33899459.452113 7167.900000 0.100000 -15.000000 1 0 0 10.314880 
 -4140000.000000 33899459.452113 7167.900000 0.100000 -15.000000 1 0 0 7.066313 
 -4145000.000000 33899459.452113 7167.900000 0.100000 -15.000000 0 1 0 4.061097 
 -4140000.000000 33899459.452113 7167.900000 0.100000 -15.000000 1 0 0 7.066313 
 -4142500.000000 33899459.452113 7167.900000 0.100000 -15.000000 0 1 0 5.542119 
 -4140000.000000 33899459.452113 7167.900000 0.100000 -15.000000 1 0 0 7.066313 
 -4141250.000000 33899459.452113 7167.900000 0.100000 -15.000000 0 0 1 6.324629 
 -4142500.000000 33899459.452113 7167.900000 0.100000 -15.000000 0 1 0 5.542119 
 -4141250.000000 33899459.452113 7167.900000 0.100000 -15.000000 0 0 1 6.324629 
 -4141875.000000 33899459.452113 7167.900000 0.100000 -15.000000 0 0 1 5.962265 
 -4142500.000000 33899459.452113 7167.900000 0.100000 -15.000000 0 1 0 5.542119 
 -4141875.000000 33899459.452113 7167.900000 0.100000 -15.000000 0 0 1 5.962265 
 -4142187.500000 33899459.452113 7167.900000 0.100000 -15.000000 0 0 1 5.755151 
 -4142500.000000 33899459.452113 7167.900000 0.100000 -15.000000 0 1 0 5.542119 
 -4142187.500000 33899459.452113 7167.900000 0.100000 -15.000000 0 0 1 5.755151 
 -4142343.750000 33899459.452113 7167.900000 0.100000 -15.000000 0 0 1 5.638446 
 -4142500.000000 33899459.452113 7167.900000 0.100000 -15.000000 0 1 0 5.542119 
 -4142343.750000 33899459.452113 7167.900000 0.100000 -15.000000 0 0 1 5.638446 
 -4142421.875000 33899459.452113 7167.900000 0.100000 -15.000000 0 1 0 5.590473 
 -4142343.750000 33899459.452113 7167.900000 0.100000 -15.000000 0 0 1 5.638446 
 -4142382.812500 33899459.452113 7167.900000 0.100000 -15.000000 0 1 0 5.614512 
 -4142343.750000 33899459.452113 7167.900000 0.100000 -15.000000 0 0 1 5.638446 
 -4142363.281250 33899459.452113 7167.900000 0.100000 -15.000000 0 0 1 5.637576 
 -4142382.812500 33899459.452113 7167.900000 0.100000 -15.000000 0 1 0 5.614512 
 -4142363.281250 33899459.452113 7167.900000 0.100000 -15.000000 0 0 1 5.637576 
 -4142373.046875 33899459.452113 7167.900000 0.100000 -15.000000 0 1 0 5.614947 
 -4142363.281250 33899459.452113 7167.900000 0.100000 -15.000000 0 0 1 5.637576 
 -4100000.000000 33899459.452113 7167.900000 0.100000 -12.500000 1 0 0 23.323554 
 -4105000.000000 33899459.452113 7167.900000 0.100000 -12.500000 1 0 0 21.987967 
 -4110000.000000 33899459.452113 7167.900000 0.100000 -12.500000 1 0 0 20.504184 
 -4115000.000000 33899459.452113 7167.900000 0.100000 -12.500000 1 0 0 18.935651 
 -4120000.000000 33899459.452113 7167.900000 0.100000 -12.500000 1 0 0 17.235489 
 -4125000.000000 33899459.452113 7167.900000 0.100000 -12.500000 1 0 0 15.332893 
 -4130000.000000 33899459.452113 7167.900000 0.100000 -12.500000 1 0 0 13.066467 
 -4135000.000000 33899459.452113 7167.900000 0.100000 -12.500000 1 0 0 10.315858 
 -4140000.000000 33899459.452113 7167.900000 0.100000 -12.500000 1 0 0 7.066941 
 -4145000.000000 33899459.452113 7167.900000 0.100000 -12.500000 0 1 0 4.061395 
 -4140000.000000 33899459.452113 7167.900000 0.100000 -12.500000 1 0 0 7.066941 
 -4142500.000000 33899459.452113 7167.900000 0.100000 -12.500000 0 1 0 5.542625 
 -4140000.000000 33899459.452113 7167.900000 0.100000 -12.500000 1 0 0 7.066941 
 -4141250.000000 33899459.452113 7167.900000 0.100000 -12.500000 0 0 1 6.325163 
 -4142500.000000 33899459.452113 7167.900000 0.100000 -12.500000 0 1 0 5.542625 
 -4141250.000000 33899459.452113 7167.900000 0.100000 -12.500000 0 0 1 6.325163 
 -4141875.000000 33899459.452113 7167.900000 0.100000 -12.500000 0 0 1 5.962777 
 -4142500.000000 33899459.452113 7167.900000 0.100000 -12.500000 0 1 0 5.542625 
 -4141875.000000 33899459.452113 7167.900000 0.100000 -12.500000 0 0 1 5.962777 
 -4142187.500000 33899459.452113 7167.900000 0.100000 -12.500000 0 0 1 5.755658 
 -4142500.000000 33899459.452113 7167.900000 0.100000 -12.500000 0 1 0 5.542625 
 -4142187.500000 33899459.452113 7167.900000 0.100000 -12.500000 0 0 1 5.755658 
 -4142343.750000 33899459.452113 7167.900000 0.100000 -12.500000 0 0 1 5.638950 
 -4142500.000000 33899459.452113 7167.900000 0.100000 -12.500000 0 1 0 5.542625 
 -4142343.750000 33899459.452113 7167.900000 0.100000 -12.500000 0 0 1 5.638950 
 -4142421.875000 33899459.452113 7167.900000 0.100000 -12.500000 0 1 0 5.590978 
 -4142343.750000 33899459.452113 7167.900000 0.100000 -12.500000 0 0 1 5.638950 
 -4142382.812500 33899459.452113 7167.900000 0.100000 -12.500000 0 1 0 5.615017 
 -4142343.750000 33899459.452113 7167.900000 0.100000 -12.500000 0 0 1 5.638950 
 -4142363.281250 33899459.452113 7167.900000 0.100000 -12.500000 0 0 1 5.638081 
 -4142382.812500 33899459.452113 7167.900000 0.100000 -12.500000 0 1 0 5.615017 
 -4142363.281250 33899459.452113 7167.900000 0.100000 -12.500000 0 0 1 5.638081 
 -4142373.046875 33899459.452113 7167.900000 0.100000 -12.500000 0 1 0 5.615453 
 -4142363.281250 33899459.452113 7167.900000 0.100000 -12.500000 0 0 1 5.638081 
 -4100000.000000 33899459.452113 7167.900000 0.100000 -10.000000 1 0 0 23.324557 
 -4105000.000000 33899459.452113 7167.900000 0.100000 -10.000000 1 0 0 21.989027 
 -4110000.000000 33899459.452113 7167.900000 0.100000 -10.000000 1 0 0 20.505255 
 -4115000.000000 33899459.452113 7167.900000 0.100000 -10.000000 1 0 0 18.936677 
 -4120000.000000 33899459.452113 7167.900000 0.100000 -10.000000 1 0 0 17.236490 
 -4125000.000000 33899459.452113 7167.900000 0.100000 -10.000000 1 0 0 15.333914 
 -4130000.000000 33899459.452113 7167.900000 0.100000 -10.000000 1 0 0 13.067568 
 -4135000.000000 33899459.452113 7167.900000 0.100000 -10.000000 1 0 0 10.316896 
 -4140000.000000 33899459.452113 7167.900000 0.100000 -10.000000 1 0 0 7.067608 
 -4145000.000000 33899459.452113 7167.900000 0.100000 -10.000000 0 1 0 4.061711 
 -4140000.000000 33899459.452113 7167.900000 0.100000 -10.000000 1 0 0 7.067608 
 -4142500.000000 33899459.452113 7167.900000 0.100000 -10.000000 0 1 0 5.543163 
 -4140000.000000 33899459.452113 7167.900000 0.100000 -10.000000 1 0 0 7.067608 
 -4141250.000000 33899459.452113 7167.900000 0.100000 -10.000000 0 0 1 6.325731 
 -4142500.000000 33899459.452113 7167.900000 0.100000 -10.000000 0 1 0 5.543163 
 -4141250.000000 33899459.452113 7167.900000 0.100000 -10.000000 0 0 1 6.325731 
 -4141875.000000 33899459.452113 7167.900000 0.100000 -10.000000 0 0 1 5.963320 
 -4142500.000000 33899459.452113 7167.900000 0.100000 -10.000000 0 1 0 5.543163 
 -4141875.000000 33899459.452113 7167.900000 0.100000 -10.000000 0 0 1 5.963320 
 -4142187.500000 33899459.452113 7167.900000 0.100000 -10.000000 0 0 1 5.756197 
 -4142500.000000 33899459.452113 7167.900000 0.100000 -10.000000 0 1 0 5.543163 
 -4142187.500000 33899459.452113 7167.900000 0.100000 -10.000000 0 0 1 5.756197 
 -4142343.750000 33899459.452113 7167.900000 0.100000 -10.000000 0 0 1 5.639486 
 -4142500.000000 33899459.452113 7167.900000 0.100000 -10.000000 0 1 0 5.543163 
 -4142343.750000 33899459.452113 7167.900000 0.100000 -10.000000 0 0 1 5.639486 
 -4142421.875000 33899459.452113 7167.900000 0.100000 -10.000000 0 1 0 5.591513 
 -4142343.750000 33899459.452113 7167.900000 0.100000 -10.000000 0 0 1 5.639486 
 -4142382.812500 33899459.452113 7167.900000 0.100000 -10.000000 0 1 0 5.615554 
 -4142343.750000 33899459.452113 7167.900000 0.100000 -10.000000 0 0 1 5.639486 
 -4142363.281250 33899459.452113 7167.900000 0.100000 -10.000000 0 0 1 5.638617 
 -4142382.812500 33899459.452113 7167.900000 0.100000 -10.000000 0 1 0 5.615554 
 -4142363.281250 33899459.452113 7167.900000 0.100000 -10.000000 0 0 1 5.638617 
 -4142373.046875 33899459.452113 7167.900000 0.100000 -10.000000 0 1 0 5.615989 
 -4142363.281250 33899459.452113 7167.900000 0.100000 -10.000000 0 0 1 5.638617 
 -4100000.000000 33899459.452113 7167.900000 0.100000 -7.500000 1 0 0 23.325621 
 -4105000.000000 33899459.452113 7167.900000 0.100000 -7.500000 1 0 0 21.990151 
 -4110000.000000 33899459.452113 7167.900000 0.100000 -7.500000 1 0 0 20.506390 
 -4115000.000000 33899459.452113 7167.900000 0.100000 -7.500000 1 0 0 18.937764 
 -4120000.000000 33899459.452113 7167.900000 0.100000 -7.500000 1 0 0 17.237552 
 -4125000.000000 33899459.452113 7167.900000 0.100000 -7.500000 1 0 0 15.334996 
 -4130000.000000 33899459.452113 7167.900000 0.100000 -7.500000 1 0 0 13.068737 
 -4135000.000000 33899459.452113 7167.900000 0.100000 -7.500000 1 0 0 10.317996 
 -4140000.000000 33899459.452113 7167.900000 0.100000 -7.500000 1 0 0 7.068316 
 -4145000.000000 33899459.452113 7167.900000 0.100000 -7.500000 0 1 0 4.062046 
 -4140000.000000 33899459.452113 7167.900000 0.100000 -7.500000 1 0 0 7.068316 
 -4142500.000000 33899459.452113 7167.900000 0.100000 -7.500000 0 1 0 5.543733 
 -4140000.000000 33899459.452113 7167.900000 0.100000 -7.500000 1 0 0 7.068316 
 -4141250.000000 33899459.452113 7167.900000 0.100000 -7.500000 0 0 1 6.326333 
 -4142500.000000 33899459.452113 7167.900000 0.100000 -7.500000 0 1 0 5.543733 
 -4141250.000000 33899459.452113 7167.900000 0.100000 -7.500000 0 0 1 6.326333 
 -4141875.000000 33899459.452113 7167.900000 0.100000 -7.500000 0 0 1 5.963897 
 -4142500.000000 33899459.452113 7167.900000 0.100000 -7.500000 0 1 0 5.543733 
 -4141875.000000 33899459.452113 7167.900000 0.100000 -7.500000 0 0 1 5.963897 
 -4142187.500000 33899459.452113 7167.900000 0.100000 -7.500000 0 0 1 5.756767 
 -4142500.000000 33899459.452113 7167.900000 0.100000 -7.500000 0 1 0 5.543733 
 -4142187.500000 33899459.452113 7167.900000 0.100000 -7.500000 0 0 1 5.756767 
 -4142343.750000 33899459.452113 7167.900000 0.100000 -7.500000 0 0 1 5.640054 
 -4142500.000000 33899459.452113 7167.900000 0.100000 -7.500000 0 1 0 5.543733 
 -4142343.750000 33899459.452113 7167.900000 0.100000 -7.500000 0 0 1 5.640054 
 -4142421.875000 33899459.452113 7167.900000 0.100000 -7.500000 0 1 0 5.592081 
 -4142343.750000 33899459.452113 7167.900000 0.100000 -7.500000 0 0 1 5.640054 
 -4142382.812500 33899459.452113 7167.900000 0.100000 -7.500000 0 1 0 5.616123 
 -4142343.750000 33899459.452113 7167.900000 0.100000 -7.500000 0 0 1 5.640054 
 -4142363.281250 33899459.452113 7167.900000 0.100000 -7.500000 0 0 1 5.639185 
 -4142382.812500 33899459.452113 7167.900000 0.100000 -7.500000 0 1 0 5.616123 
 -4142363.281250 33899459.452113 7167.900000 0.100000 -7.500000 0 0 1 5.639185 
 -4142373.046875 33899459.452113 7167.900000 0.100000 -7.500000 0 1 0 5.616558 
 -4142363.281250 33899459.452113 7167.900000 0.100000 -7.500000 0 0 1 5.639185 
 -4100000.000000 33899459.452113 7167.900000 0.100000 -5.000000 1 0 0 23.326736 
 -4105000.000000 33899459.452113 7167.900000 0.100000 -5.000000 1 0 0 21.991329 
 -4110000.000000 33899459.452113 7167.900000 0.100000 -5.000000 1 0 0 20.507580 
 -4115000.000000 33899459.452113 7167.900000 0.100000 -5.000000 1 0 0 18.938904 
 -4120000.000000 33899459.452113 7167.900000 0.100000 -5.000000 1 0 0 17.238665 
 -4125000.000000 33899459.452113 7167.900000 0.100000 -5.000000 1 0 0 15.336131 
 -4130000.000000 33899459.452113 7167.900000 0.100000 -5.000000 1 0 0 13.069961 
 -4135000.000000 33899459.452113 7167.900000 0.100000 -5.000000 1 0 0 10.319150 
 -4140000.000000 33899459.452113 7167.900000 0.100000 -5.000000 1 0 0 7.069057 
 -4145000.000000 33899459.452113 7167.900000 0.100000 -5.000000 0 1 0 4.062398 
 -4140000.000000 33899459.452113 7167.900000 0.100000 -5.000000 1 0 0 7.069057 
 -4142500.000000 33899459.452113 7167.900000 0.100000 -5.000000 0 1 0 5.544330 
 -4140000.000000 33899459.452113 7167.900000 0.100000 -5.000000 1 0 0 7.069057 
 -4141250.000000 33899459.452113 7167.900000 0.100000 -5.000000 0 0 1 6.326963 
 -4142500.000000 33899459.452113 7167.900000 0.100000 -5.000000 0 1 0 5.544330 
 -4141250.000000 33899459.452113 7167.900000 0.100000 -5.000000 0 0 1 6.326963 
 -4141875.000000 33899459.452113 7167.900000 0.100000 -5.000000 0 0 1 5.964501 
 -4142500.000000 33899459.452113 7167.900000 0.100000 -5.000000 0 1 0 5.544330 
 -4141875.000000 33899459.452113 7167.900000 0.100000 -5.000000 0 0 1 5.964501 
 -4142187.500000 33899459.452113 7167.900000 0.100000 -5.000000 0 0 1 5.757366 
 -4142500.000000 33899459.452113 7167.900000 0.100000 -5.000000 0 1 0 5.544330 
 -4142187.500000 33899459.452113 7167.900000 0.100000 -5.000000 0 0 1 5.757366 
 -4142343.750000 33899459.452113 7167.900000 0.100000 -5.000000 0 0 1 5.640649 
 -4142500.000000 33899459.452113 7167.900000 0.100000 -5.000000 0 1 0 5.544330 
 -4142343.750000 33899459.452113 7167.900000 0.100000 -5.000000 0 0 1 5.640649 
 -4142421.875000 33899459.452113 7167.900000 0.100000 -5.000000 0 1 0 5.592676 
 -4142343.750000 33899459.452113 7167.900000 0.100000 -5.000000 0 0 1 5.640649 
 -4142382.812500 33899459.452113 7167.900000 0.100000 -5.000000 0 1 0 5.616719 
 -4142343.750000 33899459.452113 7167.900000 0.100000 -5.000000 0 0 1 5.640649 
 -4142363.281250 33899459.452113 7167.900000 0.100000 -5.000000 0 0 1 5.639780 
 -4142382.812500 33899459.452113 7167.900000 0.100000 -5.000000 0 1 0 5.616719 
 -4142363.281250 33899459.452113 7167.900000 0.100000 -5.000000 0 0 1 5.639780 
 -4142373.046875 33899459.452113 7167.900000 0.100000 -5.000000 0 1 0 5.617155 
 -4142363.281250 33899459.452113 7167.900000 0.100000 -5.000000 0 0 1 5.639780 
 -4100000.000000 33899459.452113 7167.900000 0.100000 -2.500000 1 0 0 23.328358 
 -4105000.000000 33899459.452113 7167.900000 0.100000 -2.500000 1 0 0 21.992966 
 -4110000.000000 33899459.452113 7167.900000 0.100000 -2.500000 1 0 0 20.509222 
 -4115000.000000 33899459.452113 7167.900000 0.100000 -2.500000 1 0 0 18.940517 
 -4120000.000000 33899459.452113 7167.900000 0.100000 -2.500000 1 0 0 17.240255 
 -4125000.000000 33899459.452113 7167.900000 0.100000 -2.500000 1 0 0 15.337729 
 -4130000.000000 33899459.452113 7167.900000 0.100000 -2.500000 1 0 0 13.071612 
 -4135000.000000 33899459.452113 7167.900000 0.100000 -2.500000 1 0 0 10.320728 
 -4140000.000000 33899459.452113 7167.900000 0.100000 -2.500000 1 0 0 7.070207 
 -4145000.000000 33899459.452113 7167.900000 0.100000 -2.500000 0 1 0 4.063053 
 -4140000.000000 33899459.452113 7167.900000 0.100000 -2.500000 1 0 0 7.070207 
 -4142500.000000 33899459.452113 7167.900000 0.100000 -2.500000 0 1 0 5.545296 
 -4140000.000000 33899459.452113 7167.900000 0.100000 -2.500000 1 0 0 7.070207 
 -4141250.000000 33899459.452113 7167.900000 0.100000 -2.500000 0 0 1 6.327988 
 -4142500.000000 33899459.452113 7167.900000 0.100000 -2.500000 0 1 0 5.545296 
 -4141250.000000 33899459.452113 7167.900000 0.100000 -2.500000 0 0 1 6.327988 
 -4141875.000000 33899459.452113 7167.900000 0.100000 -2.500000 0 0 1 5.965489 
 -4142500.000000 33899459.452113 7167.900000 0.100000 -2.500000 0 1 0 5.545296 
 -4141875.000000 33899459.452113 7167.900000 0.100000 -2.500000 0 0 1 5.965489 
 -4142187.500000 33899459.452113 7167.900000 0.100000 -2.500000 0 0 1 5.758341 
 -4142500.000000 33899459.452113 7167.900000 0.100000 -2.500000 0 1 0 5.545296 
 -4142187.500000 33899459.452113 7167.900000 0.100000 -2.500000 0 0 1 5.758341 
 -4142343.750000 33899459.452113 7167.900000 0.100000 -2.500000 0 0 1 5.641617 
 -4142500.000000 33899459.452113 7167.900000 0.100000 -2.500000 0 1 0 5.545296 
 -4142343.750000 33899459.452113 7167.900000 0.100000 -2.500000 0 0 1 5.641617 
 -4142421.875000 33899459.452113 7167.900000 0.100000 -2.500000 0 1 0 5.593642 
 -4142343.750000 33899459.452113 7167.900000 0.100000 -2.500000 0 0 1 5.641617 
 -4142382.812500 33899459.452113 7167.900000 0.100000 -2.500000 0 1 0 5.617687 
 -4142343.750000 33899459.452113 7167.900000 0.100000 -2.500000 0 0 1 5.641617 
 -4142363.281250 33899459.452113 7167.900000 0.100000 -2.500000 0 0 1 5.640748 
 -4142382.812500 33899459.452113 7167.900000 0.100000 -2.500000 0 1 0 5.617687 
 -4142363.281250 33899459.452113 7167.900000 0.100000 -2.500000 0 0 1 5.640748 
 -4142373.046875 33899459.452113 7167.900000 0.100000 -2.500000 0 1 0 5.618123 
 -4142363.281250 33899459.452113 7167.900000 0.100000 -2.500000 0 0 1 5.640748 
 -4100000.000000 33899459.452113 7167.900000 0.100000 0.000000 1 0 0 23.329550 
 -4105000.000000 33899459.452113 7167.900000 0.100000 0.000000 1 0 0 21.994225 
 -4110000.000000 33899459.452113 7167.900000 0.100000 0.000000 1 0 0 20.510498 
 -4115000.000000 33899459.452113 7167.900000 0.100000 0.000000 1 0 0 18.941736 
 -4120000.000000 33899459.452113 7167.900000 0.100000 0.000000 1 0 0 17.241445 
 -4125000.000000 33899459.452113 7167.900000 0.100000 0.000000 1 0 0 15.338942 
 -4130000.000000 33899459.452113 7167.900000 0.100000 0.000000 1 0 0 13.072921 
 -4135000.000000 33899459.452113 7167.900000 0.100000 0.000000 1 0 0 10.321962 
 -4140000.000000 33899459.452113 7167.900000 0.100000 0.000000 1 0 0 7.071000 
 -4145000.000000 33899459.452113 7167.900000 0.100000 0.000000 0 1 0 4.063429 
 -4140000.000000 33899459.452113 7167.900000 0.100000 0.000000 1 0 0 7.071000 
 -4142500.000000 33899459.452113 7167.900000 0.100000 0.000000 0 1 0 5.545935 
 -4140000.000000 33899459.452113 7167.900000 0.100000 0.000000 1 0 0 7.071000 
 -4141250.000000 33899459.452113 7167.900000 0.100000 0.000000 0 0 1 6.328662 
 -4142500.000000 33899459.452113 7167.900000 0.100000 0.000000 0 1 0 5.545935 
 -4141250.000000 33899459.452113 7167.900000 0.100000 0.000000 0 0 1 6.328662 
 -4141875.000000 33899459.452113 7167.900000 0.100000 0.000000 0 0 1 5.966134 
 -4142500.000000 33899459.452113 7167.900000 0.100000 0.000000 0 1 0 5.545935 
 -4141875.000000 33899459.452113 7167.900000 0.100000 0.000000 0 0 1 5.966134 
 -4142187.500000 33899459.452113 7167.900000 0.100000 0.000000 0 0 1 5.758980 
 -4142500.000000 33899459.452113 7167.900000 0.100000 0.000000 0 1 0 5.545935 
 -4142187.500000 33899459.452113 7167.900000 0.100000 0.000000 0 0 1 5.758980 
 -4142343.750000 33899459.452113 7167.900000 0.100000 0.000000 0 0 1 5.642254 
 -4142500.000000 33899459.452113 7167.900000 0.100000 0.000000 0 1 0 5.545935 
 -4142343.750000 33899459.452113 7167.900000 0.100000 0.000000 0 0 1 5.642254 
 -4142421.875000 33899459.452113 7167.900000 0.100000 0.000000 0 1 0 5.594281 
 -4142343.750000 33899459.452113 7167.900000 0.100000 0.000000 0 0 1 5.642254 
 -4142382.812500 33899459.452113 7167.900000 0.100000 0.000000 0 1 0 5.618325 
 -4142343.750000 33899459.452113 7167.900000 0.100000 0.000000 0 0 1 5.642254 
 -4142363.281250 33899459.452113 7167.900000 0.100000 0.000000 0 0 1 5.641385 
 -4142382.812500 33899459.452113 7167.900000 0.100000 0.000000 0 1 0 5.618325 
 -4142363.281250 33899459.452113 7167.900000 0.100000 0.000000 0 0 1 5.641385 
 -4142373.046875 33899459.452113 7167.900000 0.100000 0.000000 0 1 0 5.618760 
 -4142363.281250 33899459.452113 7167.900000 0.100000 0.000000 0 0 1 5.641385 
 -4100000.000000 33899459.452113 7167.900000 0.100000 2.500000 1 0 0 23.330742 
 -4105000.000000 33899459.452113 7167.900000 0.100000 2.500000 1 0 0 21.995484 
 -4110000.000000 33899459.452113 7167.900000 0.100000 2.500000 1 0 0 20.511780 
 -4115000.000000 33899459.452113 7167.900000 0.100000 2.500000 1 0 0 18.942955 
 -4120000.000000 33899459.452113 7167.900000 0.100000 2.500000 1 0 0 17.242636 
 -4125000.000000 33899459.452113 7167.900000 0.100000 2.500000 1 0 0 15.340155 
 -4130000.000000 33899459.452113 7167.900000 0.100000 2.500000 1 0 0 13.074231 
 -4135000.000000 33899459.452113 7167.900000 0.100000 2.500000 1 0 0 10.323196 
 -4140000.000000 33899459.452113 7167.900000 0.100000 2.500000 1 0 0 7.071793 
 -4145000.000000 33899459.452113 7167.900000 0.100000 2.500000 0 1 0 4.063805 
 -4140000.000000 33899459.452113 7167.900000 0.100000 2.500000 1 0 0 7.071793 
 -4142500.000000 33899459.452113 7167.900000 0.100000 2.500000 0 1 0 5.546574 
 -4140000.000000 33899459.452113 7167.900000 0.100000 2.500000 1 0 0 7.071793 
 -4141250.000000 33899459.452113 7167.900000 0.100000 2.500000 0 0 1 6.329337 
 -4142500.000000 33899459.452113 7167.900000 0.100000 2.500000 0 1 0 5.546574 
 -4141250.000000 33899459.452113 7167.900000 0.100000 2.500000 0 0 1 6.329337 
 -4141875.000000 33899459.452113 7167.900000 0.100000 2.500000 0 0 1 5.966781 
 -4142500.000000 33899459.452113 7167.900000 0.100000 2.500000 0 1 0 5.546574 
 -4141875.000000 33899459.452113 7167.900000 0.100000 2.500000 0 0 1 5.966781 
 -4142187.500000 33899459.452113 7167.900000 0.100000 2.500000 0 0 1 5.759620 
 -4142500.000000 33899459.452113 7167.900000 0.100000 2.500000 0 1 0 5.546574 
 -4142187.500000 33899459.452113 7167.900000 0.100000 2.500000 0 0 1 5.759620 
 -4142343.750000 33899459.452113 7167.900000 0.100000 2.500000 0 0 1 5.642891 
 -4142500.000000 33899459.452113 7167.900000 0.100000 2.500000 0 1 0 5.546574 
 -4142343.750000 33899459.452113 7167.900000 0.100000 2.500000 0 0 1 5.642891 
 -4142421.875000 33899459.452113 7167.900000 0.100000 2.500000 0 1 0 5.594919 
 -4142343.750000 33899459.452113 7167.900000 0.100000 2.500000 0 0 1 5.642891 
 -4142382.812500 33899459.452113 7167.900000 0.100000 2.500000 0 1 0 5.618962 
 -4142343.750000 33899459.452113 7167.900000 0.100000 2.500000 0 0 1 5.642891 
 -4142363.281250 33899459.452113 7167.900000 0.100000 2.500000 0 0 1 5.642021 
 -4142382.812500 33899459.452113 7167.900000 0.100000 2.500000 0 1 0 5.618962 
 -4142363.281250 33899459.452113 7167.900000 0.100000 2.500000 0 0 1 5.642021 
 -4142373.046875 33899459.452113 7167.900000 0.100000 2.500000 0 1 0 5.619398 
 -4142363.281250 33899459.452113 7167.900000 0.100000 2.500000 0 0 1 5.642021 
 -4100000.000000 33899459.452113 7167.900000 0.100000 5.000000 1 0 0 23.331437 
 -4105000.000000 33899459.452113 7167.900000 0.100000 5.000000 1 0 0 21.996296 
 -4110000.000000 33899459.452113 7167.900000 0.100000 5.000000 1 0 0 20.512630 
 -4115000.000000 33899459.452113 7167.900000 0.100000 5.000000 1 0 0 18.943711 
 -4120000.000000 33899459.452113 7167.900000 0.100000 5.000000 1 0 0 17.243359 
 -4125000.000000 33899459.452113 7167.900000 0.100000 5.000000 1 0 0 15.340914 
 -4130000.000000 33899459.452113 7167.900000 0.100000 5.000000 1 0 0 13.075126 
 -4135000.000000 33899459.452113 7167.900000 0.100000 5.000000 1 0 0 10.324015 
 -4140000.000000 33899459.452113 7167.900000 0.100000 5.000000 1 0 0 7.072185 
 -4145000.000000 33899459.452113 7167.900000 0.100000 5.000000 0 1 0 4.063879 
 -4140000.000000 33899459.452113 7167.900000 0.100000 5.000000 1 0 0 7.072185 
 -4142500.000000 33899459.452113 7167.900000 0.100000 5.000000 0 1 0 5.546849 
 -4140000.000000 33899459.452113 7167.900000 0.100000 5.000000 1 0 0 7.072185 
 -4141250.000000 33899459.452113 7167.900000 0.100000 5.000000 0 0 1 6.329623 
 -4142500.000000 33899459.452113 7167.900000 0.100000 5.000000 0 1 0 5.546849 
 -4141250.000000 33899459.452113 7167.900000 0.100000 5.000000 0 0 1 6.329623 
 -4141875.000000 33899459.452113 7167.900000 0.100000 5.000000 0 0 1 5.967049 
 -4142500.000000 33899459.452113 7167.900000 0.100000 5.000000 0 1 0 5.546849 
 -4141875.000000 33899459.452113 7167.900000 0.100000 5.000000 0 0 1 5.967049 
 -4142187.500000 33899459.452113 7167.900000 0.100000 5.000000 0 0 1 5.759889 
 -4142500.000000 33899459.452113 7167.900000 0.100000 5.000000 0 1 0 5.546849 
 -4142187.500000 33899459.452113 7167.900000 0.100000 5.000000 0 0 1 5.759889 
 -4142343.750000 33899459.452113 7167.900000 0.100000 5.000000 0 0 1 5.643160 
 -4142500.000000 33899459.452113 7167.900000 0.100000 5.000000 0 1 0 5.546849 
 -4142343.750000 33899459.452113 7167.900000 0.100000 5.000000 0 0 1 5.643160 
 -4142421.875000 33899459.452113 7167.900000 0.100000 5.000000 0 1 0 5.595193 
 -4142343.750000 33899459.452113 7167.900000 0.100000 5.000000 0 0 1 5.643160 
 -4142382.812500 33899459.452113 7167.900000 0.100000 5.000000 0 1 0 5.619233 
 -4142343.750000 33899459.452113 7167.900000 0.100000 5.000000 0 0 1 5.643160 
 -4142363.281250 33899459.452113 7167.900000 0.100000 5.000000 0 0 1 5.642290 
 -4142382.812500 33899459.452113 7167.900000 0.100000 5.000000 0 1 0 5.619233 
 -4142363.281250 33899459.452113 7167.900000 0.100000 5.000000 0 0 1 5.642290 
 -4142373.046875 33899459.452113 7167.900000 0.100000 5.000000 0 1 0 5.619669 
 -4142363.281250 33899459.452113 7167.900000 0.100000 5.000000 0 0 1 5.642290 
 -4100000.000000 33899459.452113 7167.900000 0.100000 7.500000 1 0 0 23.332552 
 -4105000.000000 33899459.452113 7167.900000 0.100000 7.500000 1 0 0 21.997474 
 -4110000.000000 33899459.452113 7167.900000 0.100000 7.500000 1 0 0 20.513830 
 -4115000.000000 33899459.452113 7167.900000 0.100000 7.500000 1 0 0 18.944852 
 -4120000.000000 33899459.452113 7167.900000 0.100000 7.500000 1 0 0 17.244473 
 -4125000.000000 33899459.452113 7167.900000 0.100000 7.500000 1 0 0 15.342049 
 -4130000.000000 33899459.452113 7167.900000 0.100000 7.500000 1 0 0 13.076351 
 -4135000.000000 33899459.452113 7167.900000 0.100000 7.500000 1 0 0 10.325170 
 -4140000.000000 33899459.452113 7167.900000 0.100000 7.500000 1 0 0 7.072927 
 -4145000.000000 33899459.452113 7167.900000 0.100000 7.500000 0 1 0 4.064231 
 -4140000.000000 33899459.452113 7167.900000 0.100000 7.500000 1 0 0 7.072927 
 -4142500.000000 33899459.452113 7167.900000 0.100000 7.500000 0 1 0 5.547446 
 -4140000.000000 33899459.452113 7167.900000 0.100000 7.500000 1 0 0 7.072927 
 -4141250.000000 33899459.452113 7167.900000 0.100000 7.500000 0 0 1 6.330256 
 -4142500.000000 33899459.452113 7167.900000 0.100000 7.500000 0 1 0 5.547446 
 -4141250.000000 33899459.452113 7167.900000 0.100000 7.500000 0 0 1 6.330256 
 -4141875.000000 33899459.452113 7167.900000 0.100000 7.500000 0 0 1 5.967653 
 -4142500.000000 33899459.452113 7167.900000 0.100000 7.500000 0 1 0 5.547446 
 -4141875.000000 33899459.452113 7167.900000 0.100000 7.500000 0 0 1 5.967653 
 -4142187.500000 33899459.452113 7167.900000 0.100000 7.500000 0 0 1 5.760487 
 -4142500.000000 33899459.452113 7167.900000 0.100000 7.500000 0 1 0 5.547446 
 -4142187.500000 33899459.452113 7167.900000 0.100000 7.500000 0 0 1 5.760487 
 -4142343.750000 33899459.452113 7167.900000 0.100000 7.500000 0 0 1 5.643755 
 -4142500.000000 33899459.452113 7167.900000 0.100000 7.500000 0 1 0 5.547446 
 -4142343.750000 33899459.452113 7167.900000 0.100000 7.500000 0 0 1 5.643755 
 -4142421.875000 33899459.452113 7167.900000 0.100000 7.500000 0 1 0 5.595790 
 -4142343.750000 33899459.452113 7167.900000 0.100000 7.500000 0 0 1 5.643755 
 -4142382.812500 33899459.452113 7167.900000 0.100000 7.500000 0 1 0 5.619830 
 -4142343.750000 33899459.452113 7167.900000 0.100000 7.500000 0 0 1 5.643755 
 -4142363.281250 33899459.452113 7167.900000 0.100000 7.500000 0 0 1 5.642886 
 -4142382.812500 33899459.452113 7167.900000 0.100000 7.500000 0 1 0 5.619830 
 -4142363.281250 33899459.452113 7167.900000 0.100000 7.500000 0 0 1 5.642886 
 -4142373.046875 33899459.452113 7167.900000 0.100000 7.500000 0 1 0 5.620266 
 -4142363.281250 33899459.452113 7167.900000 0.100000 7.500000 0 0 1 5.642886 
 -4100000.000000 33899459.452113 7167.900000 0.100000 10.000000 1 0 0 23.333616 
 -4105000.000000 33899459.452113 7167.900000 0.100000 10.000000 1 0 0 21.998598 
 -4110000.000000 33899459.452113 7167.900000 0.100000 10.000000 1 0 0 20.514974 
 -4115000.000000 33899459.452113 7167.900000 0.100000 10.000000 1 0 0 18.945940 
 -4120000.000000 33899459.452113 7167.900000 0.100000 10.000000 1 0 0 17.245535 
 -4125000.000000 33899459.452113 7167.900000 0.100000 10.000000 1 0 0 15.343132 
 -4130000.000000 33899459.452113 7167.900000 0.100000 10.000000 1 0 0 13.077520 
 -4135000.000000 33899459.452113 7167.900000 0.100000 10.000000 1 0 0 10.326271 
 -4140000.000000 33899459.452113 7167.900000 0.100000 10.000000 1 0 0 7.073635 
 -4145000.000000 33899459.452113 7167.900000 0.100000 10.000000 0 1 0 4.064566 
 -4140000.000000 33899459.452113 7167.900000 0.100000 10.000000 1 0 0 7.073635 
 -4142500.000000 33899459.452113 7167.900000 0.100000 10.000000 0 1 0 5.548016 
 -4140000.000000 33899459.452113 7167.900000 0.100000 10.000000 1 0 0 7.073635 
 -4141250.000000 33899459.452113 7167.900000 0.100000 10.000000 0 0 1 6.330861 
 -4142500.000000 33899459.452113 7167.900000 0.100000 10.000000 0 1 0 5.548016 
 -4141250.000000 33899459.452113 7167.900000 0.100000 10.000000 0 0 1 6.330861 
 -4141875.000000 33899459.452113 7167.900000 0.100000 10.000000 0 0 1 5.968230 
 -4142500.000000 33899459.452113 7167.900000 0.100000 10.000000 0 1 0 5.548016 
 -4141875.000000 33899459.452113 7167.900000 0.100000 10.000000 0 0 1 5.968230 
 -4142187.500000 33899459.452113 7167.900000 0.100000 10.000000 0 0 1 5.761058 
 -4142500.000000 33899459.452113 7167.900000 0.100000 10.000000 0 1 0 5.548016 
 -4142187.500000 33899459.452113 7167.900000 0.100000 10.000000 0 0 1 5.761058 
 -4142343.750000 33899459.452113 7167.900000 0.100000 10.000000 0 0 1 5.644323 
 -4142500.000000 33899459.452113 7167.900000 0.100000 10.000000 0 1 0 5.548016 
 -4142343.750000 33899459.452113 7167.900000 0.100000 10.000000 0 0 1 5.644323 
 -4142421.875000 33899459.452113 7167.900000 0.100000 10.000000 0 1 0 5.596360 
 -4142343.750000 33899459.452113 7167.900000 0.100000 10.000000 0 0 1 5.644323 
 -4142382.812500 33899459.452113 7167.900000 0.100000 10.000000 0 1 0 5.620399 
 -4142343.750000 33899459.452113 7167.900000 0.100000 10.000000 0 0 1 5.644323 
 -4142363.281250 33899459.452113 7167.900000 0.100000 10.000000 0 0 1 5.643456 
 -4142382.812500 33899459.452113 7167.900000 0.100000 10.000000 0 1 0 5.620399 
 -4142363.281250 33899459.452113 7167.900000 0.100000 10.000000 0 0 1 5.643456 
 -4142373.046875 33899459.452113 7167.900000 0.100000 10.000000 0 1 0 5.620835 
 -4142363.281250 33899459.452113 7167.900000 0.100000 10.000000 0 0 1 5.643456 
 -4100000.000000 33899459.452113 7167.900000 0.100000 12.500000 1 0 0 23.334619 
 -4105000.000000 33899459.452113 7167.900000 0.100000 12.500000 1 0 0 21.999658 
 -4110000.000000 33899459.452113 7167.900000 0.100000 12.500000 1 0 0 20.516054 
 -4115000.000000 33899459.452113 7167.900000 0.100000 12.500000 1 0 0 18.946967 
 -4120000.000000 33899459.452113 7167.900000 0.100000 12.500000 1 0 0 17.246538 
 -4125000.000000 33899459.452113 7167.900000 0.100000 12.500000 1 0 0 15.344153 
 -4130000.000000 33899459.452113 7167.900000 0.100000 12.500000 1 0 0 13.078623 
 -4135000.000000 33899459.452113 7167.900000 0.100000 12.500000 1 0 0 10.327310 
 -4140000.000000 33899459.452113 7167.900000 0.100000 12.500000 1 0 0 7.074303 
 -4145000.000000 33899459.452113 7167.900000 0.100000 12.500000 0 1 0 4.064883 
 -4140000.000000 33899459.452113 7167.900000 0.100000 12.500000 1 0 0 7.074303 
 -4142500.000000 33899459.452113 7167.900000 0.100000 12.500000 0 1 0 5.548554 
 -4140000.000000 33899459.452113 7167.900000 0.100000 12.500000 1 0 0 7.074303 
 -4141250.000000 33899459.452113 7167.900000 0.100000 12.500000 0 0 1 6.331432 
 -4142500.000000 33899459.452113 7167.900000 0.100000 12.500000 0 1 0 5.548554 
 -4141250.000000 33899459.452113 7167.900000 0.100000 12.500000 0 0 1 6.331432 
 -4141875.000000 33899459.452113 7167.900000 0.100000 12.500000 0 0 1 5.968774 
 -4142500.000000 33899459.452113 7167.900000 0.100000 12.500000 0 1 0 5.548554 
 -4141875.000000 33899459.452113 7167.900000 0.100000 12.500000 0 0 1 5.968774 
 -4142187.500000 33899459.452113 7167.900000 0.100000 12.500000 0 0 1 5.761597 
 -4142500.000000 33899459.452113 7167.900000 0.100000 12.500000 0 1 0 5.548554 
 -4142187.500000 33899459.452113 7167.900000 0.100000 12.500000 0 0 1 5.761597 
 -4142343.750000 33899459.452113 7167.900000 0.100000 12.500000 0 0 1 5.644862 
 -4142500.000000 33899459.452113 7167.900000 0.100000 12.500000 0 1 0 5.548554 
 -4142343.750000 33899459.452113 7167.900000 0.100000 12.500000 0 0 1 5.644862 
 -4142421.875000 33899459.452113 7167.900000 0.100000 12.500000 0 1 0 5.596898 
 -4142343.750000 33899459.452113 7167.900000 0.100000 12.500000 0 0 1 5.644862 
 -4142382.812500 33899459.452113 7167.900000 0.100000 12.500000 0 1 0 5.620936 
 -4142343.750000 33899459.452113 7167.900000 0.100000 12.500000 0 0 1 5.644862 
 -4142363.281250 33899459.452113 7167.900000 0.100000 12.500000 0 0 1 5.643994 
 -4142382.812500 33899459.452113 7167.900000 0.100000 12.500000 0 1 0 5.620936 
 -4142363.281250 33899459.452113 7167.900000 0.100000 12.500000 0 0 1 5.643994 
 -4142373.046875 33899459.452113 7167.900000 0.100000 12.500000 0 1 0 5.621372 
 -4142363.281250 33899459.452113 7167.900000 0.100000 12.500000 0 0 1 5.643994 
 -4100000.000000 33899459.452113 7167.900000 0.100000 15.000000 1 0 0 23.335565 
 -4105000.000000 33899459.452113 7167.900000 0.100000 15.000000 1 0 0 22.000657 
 -4110000.000000 33899459.452113 7167.900000 0.100000 15.000000 1 0 0 20.517071 
 -4115000.000000 33899459.452113 7167.900000 0.100000 15.000000 1 0 0 18.947935 
 -4120000.000000 33899459.452113 7167.900000 0.100000 15.000000 1 0 0 17.247482 
 -4125000.000000 33899459.452113 7167.900000 0.100000 15.000000 1 0 0 15.345116 
 -4130000.000000 33899459.452113 7167.900000 0.100000 15.000000 1 0 0 13.079662 
 -4135000.000000 33899459.452113 7167.900000 0.100000 15.000000 1 0 0 10.328290 
 -4140000.000000 33899459.452113 7167.900000 0.100000 15.000000 1 0 0 7.074933 
 -4145000.000000 33899459.452113 7167.900000 0.100000 15.000000 0 1 0 4.065182 
 -4140000.000000 33899459.452113 7167.900000 0.100000 15.000000 1 0 0 7.074933 
 -4142500.000000 33899459.452113 7167.900000 0.100000 15.000000 0 1 0 5.549060 
 -4140000.000000 33899459.452113 7167.900000 0.100000 15.000000 1 0 0 7.074933 
 -4141250.000000 33899459.452113 7167.900000 0.100000 15.000000 0 0 1 6.331970 
 -4142500.000000 33899459.452113 7167.900000 0.100000 15.000000 0 1 0 5.549060 
 -4141250.000000 33899459.452113 7167.900000 0.100000 15.000000 0 0 1 6.331970 
 -4141875.000000 33899459.452113 7167.900000 0.100000 15.000000 0 0 1 5.969287 
 -4142500.000000 33899459.452113 7167.900000 0.100000 15.000000 0 1 0 5.549060 
 -4141875.000000 33899459.452113 7167.900000 0.100000 15.000000 0 0 1 5.969287 
 -4142187.500000 33899459.452113 7167.900000 0.100000 15.000000 0 0 1 5.762105 
 -4142500.000000 33899459.452113 7167.900000 0.100000 15.000000 0 1 0 5.549060 
 -4142187.500000 33899459.452113 7167.900000 0.100000 15.000000 0 0 1 5.762105 
 -4142343.750000 33899459.452113 7167.900000 0.100000 15.000000 0 0 1 5.645369 
 -4142500.000000 33899459.452113 7167.900000 0.100000 15.000000 0 1 0 5.549060 
 -4142343.750000 33899459.452113 7167.900000 0.100000 15.000000 0 0 1 5.645369 
 -4142421.875000 33899459.452113 7167.900000 0.100000 15.000000 0 1 0 5.597405 
 -4142343.750000 33899459.452113 7167.900000 0.100000 15.000000 0 0 1 5.645369 
 -4142382.812500 33899459.452113 7167.900000 0.100000 15.000000 0 1 0 5.621442 
 -4142343.750000 33899459.452113 7167.900000 0.100000 15.000000 0 0 1 5.645369 
 -4142363.281250 33899459.452113 7167.900000 0.100000 15.000000 0 0 1 5.644501 
 -4142382.812500 33899459.452113 7167.900000 0.100000 15.000000 0 1 0 5.621442 
 -4142363.281250 33899459.452113 7167.900000 0.100000 15.000000 0 0 1 5.644501 
 -4142373.046875 33899459.452113 7167.900000 0.100000 15.000000 0 1 0 5.621878 
 -4142363.281250 33899459.452113 7167.900000 0.100000 15.000000 0 0 1 5.644501 
 -4100000.000000 33899459.452113 7167.900000 0.100000 17.500000 1 0 0 23.335965 
 -4105000.000000 33899459.452113 7167.900000 0.100000 17.500000 1 0 0 22.001157 
 -4110000.000000 33899459.452113 7167.900000 0.100000 17.500000 1 0 0 20.517605 
 -4115000.000000 33899459.452113 7167.900000 0.100000 17.500000 1 0 0 18.948390 
 -4120000.000000 33899459.452113 7167.900000 0.100000 17.500000 1 0 0 17.247912 
 -4125000.000000 33899459.452113 7167.900000 0.100000 17.500000 1 0 0 15.345575 
 -4130000.000000 33899459.452113 7167.900000 0.100000 17.500000 1 0 0 13.080233 
 -4135000.000000 33899459.452113 7167.900000 0.100000 17.500000 1 0 0 10.328804 
 -4140000.000000 33899459.452113 7167.900000 0.100000 17.500000 1 0 0 7.075133 
 -4145000.000000 33899459.452113 7167.900000 0.100000 17.500000 0 1 0 4.065165 
 -4140000.000000 33899459.452113 7167.900000 0.100000 17.500000 1 0 0 7.075133 
 -4142500.000000 33899459.452113 7167.900000 0.100000 17.500000 0 1 0 5.549177 
 -4140000.000000 33899459.452113 7167.900000 0.100000 17.500000 1 0 0 7.075133 
 -4141250.000000 33899459.452113 7167.900000 0.100000 17.500000 0 0 1 6.332093 
 -4142500.000000 33899459.452113 7167.900000 0.100000 17.500000 0 1 0 5.549177 
 -4141250.000000 33899459.452113 7167.900000 0.100000 17.500000 0 0 1 6.332093 
 -4141875.000000 33899459.452113 7167.900000 0.100000 17.500000 0 0 1 5.969395 
 -4142500.000000 33899459.452113 7167.900000 0.100000 17.500000 0 1 0 5.549177 
 -4141875.000000 33899459.452113 7167.900000 0.100000 17.500000 0 0 1 5.969395 
 -4142187.500000 33899459.452113 7167.900000 0.100000 17.500000 0 0 1 5.762215 
 -4142500.000000 33899459.452113 7167.900000 0.100000 17.500000 0 1 0 5.549177 
 -4142187.500000 33899459.452113 7167.900000 0.100000 17.500000 0 0 1 5.762215 
 -4142343.750000 33899459.452113 7167.900000 0.100000 17.500000 0 0 1 5.645483 
 -4142500.000000 33899459.452113 7167.900000 0.100000 17.500000 0 1 0 5.549177 
 -4142343.750000 33899459.452113 7167.900000 0.100000 17.500000 0 0 1 5.645483 
 -4142421.875000 33899459.452113 7167.900000 0.100000 17.500000 0 1 0 5.597520 
 -4142343.750000 33899459.452113 7167.900000 0.100000 17.500000 0 0 1 5.645483 
 -4142382.812500 33899459.452113 7167.900000 0.100000 17.500000 0 1 0 5.621555 
 -4142343.750000 33899459.452113 7167.900000 0.100000 17.500000 0 0 1 5.645483 
 -4142363.281250 33899459.452113 7167.900000 0.100000 17.500000 0 0 1 5.644615 
 -4142382.812500 33899459.452113 7167.900000 0.100000 17.500000 0 1 0 5.621555 
 -4142363.281250 33899459.452113 7167.900000 0.100000 17.500000 0 0 1 5.644615 
 -4142373.046875 33899459.452113 7167.900000 0.100000 17.500000 0 1 0 5.621991 
 -4142363.281250 33899459.452113 7167.900000 0.100000 17.500000 0 0 1 5.644615 
 -4100000.000000 33899459.452113 7167.900000 0.100000 20.000000 1 0 0 23.336762 
 -4105000.000000 33899459.452113 7167.900000 0.100000 20.000000 1 0 0 22.001999 
 -4110000.000000 33899459.452113 7167.900000 0.100000 20.000000 1 0 0 20.518463 
 -4115000.000000 33899459.452113 7167.900000 0.100000 20.000000 1 0 0 18.949206 
 -4120000.000000 33899459.452113 7167.900000 0.100000 20.000000 1 0 0 17.248708 
 -4125000.000000 33899459.452113 7167.900000 0.100000 20.000000 1 0 0 15.346386 
 -4130000.000000 33899459.452113 7167.900000 0.100000 20.000000 1 0 0 13.081109 
 -4135000.000000 33899459.452113 7167.900000 0.100000 20.000000 1 0 0 10.329629 
 -4140000.000000 33899459.452113 7167.900000 0.100000 20.000000 1 0 0 7.075666 
 -4145000.000000 33899459.452113 7167.900000 0.100000 20.000000 0 1 0 4.065418 
 -4140000.000000 33899459.452113 7167.900000 0.100000 20.000000 1 0 0 7.075666 
 -4142500.000000 33899459.452113 7167.900000 0.100000 20.000000 0 1 0 5.549604 
 -4140000.000000 33899459.452113 7167.900000 0.100000 20.000000 1 0 0 7.075666 
 -4141250.000000 33899459.452113 7167.900000 0.100000 20.000000 0 0 1 6.332546 
 -4142500.000000 33899459.452113 7167.900000 0.100000 20.000000 0 1 0 5.549604 
 -4141250.000000 33899459.452113 7167.900000 0.100000 20.000000 0 0 1 6.332546 
 -4141875.000000 33899459.452113 7167.900000 0.100000 20.000000 0 0 1 5.969827 
 -4142500.000000 33899459.452113 7167.900000 0.100000 20.000000 0 1 0 5.549604 
 -4141875.000000 33899459.452113 7167.900000 0.100000 20.000000 0 0 1 5.969827 
 -4142187.500000 33899459.452113 7167.900000 0.100000 20.000000 0 0 1 5.762643 
 -4142500.000000 33899459.452113 7167.900000 0.100000 20.000000 0 1 0 5.549604 
 -4142187.500000 33899459.452113 7167.900000 0.100000 20.000000 0 0 1 5.762643 
 -4142343.750000 33899459.452113 7167.900000 0.100000 20.000000 0 0 1 5.645910 
 -4142500.000000 33899459.452113 7167.900000 0.100000 20.000000 0 1 0 5.549604 
 -4142343.750000 33899459.452113 7167.900000 0.100000 20.000000 0 0 1 5.645910 
 -4142421.875000 33899459.452113 7167.900000 0.100000 20.000000 0 1 0 5.597947 
 -4142343.750000 33899459.452113 7167.900000 0.100000 20.000000 0 0 1 5.645910 
 -4142382.812500 33899459.452113 7167.900000 0.100000 20.000000 0 1 0 5.621982 
 -4142343.750000 33899459.452113 7167.900000 0.100000 20.000000 0 0 1 5.645910 
 -4142363.281250 33899459.452113 7167.900000 0.100000 20.000000 0 0 1 5.645042 
 -4142382.812500 33899459.452113 7167.900000 0.100000 20.000000 0 1 0 5.621982 
 -4142363.281250 33899459.452113 7167.900000 0.100000 20.000000 0 0 1 5.645042 
 -4142373.046875 33899459.452113 7167.900000 0.100000 20.000000 0 1 0 5.622417 
 -4142363.281250 33899459.452113 7167.900000 0.100000 20.000000 0 0 1 5.645042 
 -4100000.000000 33899459.452113 7167.900000 0.100000 22.500000 1 0 0 23.337010 
 -4105000.000000 33899459.452113 7167.900000 0.100000 22.500000 1 0 0 22.002339 
 -4110000.000000 33899459.452113 7167.900000 0.100000 22.500000 1 0 0 20.518834 
 -4115000.000000 33899459.452113 7167.900000 0.100000 22.500000 1 0 0 18.949506 
 -4120000.000000 33899459.452113 7167.900000 0.100000 22.500000 1 0 0 17.248986 
 -4125000.000000 33899459.452113 7167.900000 0.100000 22.500000 1 0 0 15.346691 
 -4130000.000000 33899459.452113 7167.900000 0.100000 22.500000 1 0 0 13.081514 
 -4135000.000000 33899459.452113 7167.900000 0.100000 22.500000 1 0 0 10.329987 
 -4140000.000000 33899459.452113 7167.900000 0.100000 22.500000 1 0 0 7.075765 
 -4145000.000000 33899459.452113 7167.900000 0.100000 22.500000 0 1 0 4.065353 
 -4140000.000000 33899459.452113 7167.900000 0.100000 22.500000 1 0 0 7.075765 
 -4142500.000000 33899459.452113 7167.900000 0.100000 22.500000 0 1 0 5.549640 
 -4140000.000000 33899459.452113 7167.900000 0.100000 22.500000 1 0 0 7.075765 
 -4141250.000000 33899459.452113 7167.900000 0.100000 22.500000 0 0 1 6.332583 
 -4142500.000000 33899459.452113 7167.900000 0.100000 22.500000 0 1 0 5.549640 
 -4141250.000000 33899459.452113 7167.900000 0.100000 22.500000 0 0 1 6.332583 
 -4141875.000000 33899459.452113 7167.900000 0.100000 22.500000 0 0 1 5.969855 
 -4142500.000000 33899459.452113 7167.900000 0.100000 22.500000 0 1 0 5.549640 
 -4141875.000000 33899459.452113 7167.900000 0.100000 22.500000 0 0 1 5.969855 
 -4142187.500000 33899459.452113 7167.900000 0.100000 22.500000 0 0 1 5.762672 
 -4142500.000000 33899459.452113 7167.900000 0.100000 22.500000 0 1 0 5.549640 
 -4142187.500000 33899459.452113 7167.900000 0.100000 22.500000 0 0 1 5.762672 
 -4142343.750000 33899459.452113 7167.900000 0.100000 22.500000 0 0 1 5.645942 
 -4142500.000000 33899459.452113 7167.900000 0.100000 22.500000 0 1 0 5.549640 
 -4142343.750000 33899459.452113 7167.900000 0.100000 22.500000 0 0 1 5.645942 
 -4142421.875000 33899459.452113 7167.900000 0.100000 22.500000 0 1 0 5.597981 
 -4142343.750000 33899459.452113 7167.900000 0.100000 22.500000 0 0 1 5.645942 
 -4142382.812500 33899459.452113 7167.900000 0.100000 22.500000 0 1 0 5.622014 
 -4142343.750000 33899459.452113 7167.900000 0.100000 22.500000 0 0 1 5.645942 
 -4142363.281250 33899459.452113 7167.900000 0.100000 22.500000 0 0 1 5.645075 
 -4142382.812500 33899459.452113 7167.900000 0.100000 22.500000 0 1 0 5.622014 
 -4142363.281250 33899459.452113 7167.900000 0.100000 22.500000 0 0 1 5.645075 
 -4142373.046875 33899459.452113 7167.900000 0.100000 22.500000 0 1 0 5.622450 
 -4142363.281250 33899459.452113 7167.900000 0.100000 22.500000 0 0 1 5.645075 
 -4100000.000000 33899459.452113 7167.900000 0.100000 25.000000 1 0 0 23.337641 
 -4105000.000000 33899459.452113 7167.900000 0.100000 25.000000 1 0 0 22.003005 
 -4110000.000000 33899459.452113 7167.900000 0.100000 25.000000 1 0 0 20.519512 
 -4115000.000000 33899459.452113 7167.900000 0.100000 25.000000 1 0 0 18.950151 
 -4120000.000000 33899459.452113 7167.900000 0.100000 25.000000 1 0 0 17.249616 
 -4125000.000000 33899459.452113 7167.900000 0.100000 25.000000 1 0 0 15.347333 
 -4130000.000000 33899459.452113 7167.900000 0.100000 25.000000 1 0 0 13.082207 
 -4135000.000000 33899459.452113 7167.900000 0.100000 25.000000 1 0 0 10.330640 
 -4140000.000000 33899459.452113 7167.900000 0.100000 25.000000 1 0 0 7.076187 
 -4145000.000000 33899459.452113 7167.900000 0.100000 25.000000 0 1 0 4.065553 
 -4140000.000000 33899459.452113 7167.900000 0.100000 25.000000 1 0 0 7.076187 
 -4142500.000000 33899459.452113 7167.900000 0.100000 25.000000 0 1 0 5.549978 
 -4140000.000000 33899459.452113 7167.900000 0.100000 25.000000 1 0 0 7.076187 
 -4141250.000000 33899459.452113 7167.900000 0.100000 25.000000 0 0 1 6.332942 
 -4142500.000000 33899459.452113 7167.900000 0.100000 25.000000 0 1 0 5.549978 
 -4141250.000000 33899459.452113 7167.900000 0.100000 25.000000 0 0 1 6.332942 
 -4141875.000000 33899459.452113 7167.900000 0.100000 25.000000 0 0 1 5.970198 
 -4142500.000000 33899459.452113 7167.900000 0.100000 25.000000 0 1 0 5.549978 
 -4141875.000000 33899459.452113 7167.900000 0.100000 25.000000 0 0 1 5.970198 
 -4142187.500000 33899459.452113 7167.900000 0.100000 25.000000 0 0 1 5.763010 
 -4142500.000000 33899459.452113 7167.900000 0.100000 25.000000 0 1 0 5.549978 
 -4142187.500000 33899459.452113 7167.900000 0.100000 25.000000 0 0 1 5.763010 
 -4142343.750000 33899459.452113 7167.900000 0.100000 25.000000 0 0 1 5.646280 
 -4142500.000000 33899459.452113 7167.900000 0.100000 25.000000 0 1 0 5.549978 
 -4142343.750000 33899459.452113 7167.900000 0.100000 25.000000 0 0 1 5.646280 
 -4142421.875000 33899459.452113 7167.900000 0.100000 25.000000 0 1 0 5.598319 
 -4142343.750000 33899459.452113 7167.900000 0.100000 25.000000 0 0 1 5.646280 
 -4142382.812500 33899459.452113 7167.900000 0.100000 25.000000 0 1 0 5.622351 
 -4142343.750000 33899459.452113 7167.900000 0.100000 25.000000 0 0 1 5.646280 
 -4142363.281250 33899459.452113 7167.900000 0.100000 25.000000 0 0 1 5.645413 
 -4142382.812500 33899459.452113 7167.900000 0.100000 25.000000 0 1 0 5.622351 
 -4142363.281250 33899459.452113 7167.900000 0.100000 25.000000 0 0 1 5.645413 
 -4142373.046875 33899459.452113 7167.900000 0.100000 25.000000 0 1 0 5.622787 
 -4142363.281250 33899459.452113 7167.900000 0.100000 25.000000 0 0 1 5.645413 
