 -4100000.000000 33899459.452113 7167.900000 0.500000 -20.000000 0 0 1 18.701646 
 -4105000.000000 33899459.452113 7167.900000 0.500000 -20.000000 0 0 1 17.259904 
 -4110000.000000 33899459.452113 7167.900000 0.500000 -20.000000 0 0 1 15.714890 
 -4115000.000000 33899459.452113 7167.900000 0.500000 -20.000000 0 0 1 14.063343 
 -4120000.000000 33899459.452113 7167.900000 0.500000 -20.000000 0 0 1 12.358336 
 -4125000.000000 33899459.452113 7167.900000 0.500000 -20.000000 0 0 1 10.684868 
 -4130000.000000 33899459.452113 7167.900000 0.500000 -20.000000 0 1 0 8.956218 
 -4125000.000000 33899459.452113 7167.900000 0.500000 -20.000000 0 0 1 10.684868 
 -4127500.000000 33899459.452113 7167.900000 0.500000 -20.000000 0 1 0 9.843815 
 -4125000.000000 33899459.452113 7167.900000 0.500000 -20.000000 0 0 1 10.684868 
 -4126250.000000 33899459.452113 7167.900000 0.500000 -20.000000 0 1 0 10.273050 
 -4125000.000000 33899459.452113 7167.900000 0.500000 -20.000000 0 0 1 10.684868 
 -4125625.000000 33899459.452113 7167.900000 0.500000 -20.000000 0 1 0 10.484671 
 -4125000.000000 33899459.452113 7167.900000 0.500000 -20.000000 0 0 1 10.684868 
 -4125312.500000 33899459.452113 7167.900000 0.500000 -20.000000 0 1 0 10.586434 
 -4125000.000000 33899459.452113 7167.900000 0.500000 -20.000000 0 0 1 10.684868 
 -4125156.250000 33899459.452113 7167.900000 0.500000 -20.000000 0 1 0 10.635500 
 -4125000.000000 33899459.452113 7167.900000 0.500000 -20.000000 0 0 1 10.684868 
 -4125078.125000 33899459.452113 7167.900000 0.500000 -20.000000 0 0 1 10.670978 
 -4125156.250000 33899459.452113 7167.900000 0.500000 -20.000000 0 1 0 10.635500 
 -4125078.125000 33899459.452113 7167.900000 0.500000 -20.000000 0 0 1 10.670978 
 -4100000.000000 33899459.452113 7167.900000 0.500000 -15.000000 1 0 0 20.198158 
 -4105000.000000 33899459.452113 7167.900000 0.500000 -15.000000 1 0 0 18.737682 
 -4110000.000000 33899459.452113 7167.900000 0.500000 -15.000000 1 0 0 17.170012 
 -4115000.000000 33899459.452113 7167.900000 0.500000 -15.000000 1 0 0 15.488797 
 -4120000.000000 33899459.452113 7167.900000 0.500000 -15.000000 0 0 1 13.653621 
 -4125000.000000 33899459.452113 7167.900000 0.500000 -15.000000 0 0 1 11.797191 
 -4130000.000000 33899459.452113 7167.900000 0.500000 -15.000000 0 0 1 9.957028 
 -4135000.000000 33899459.452113 7167.900000 0.500000 -15.000000 0 1 0 7.890720 
 -4130000.000000 33899459.452113 7167.900000 0.500000 -15.000000 0 0 1 9.957028 
 -4132500.000000 33899459.452113 7167.900000 0.500000 -15.000000 0 1 0 8.972954 
 -4130000.000000 33899459.452113 7167.900000 0.500000 -15.000000 0 0 1 9.957028 
 -4131250.000000 33899459.452113 7167.900000 0.500000 -15.000000 0 0 1 9.483632 
 -4132500.000000 33899459.452113 7167.900000 0.500000 -15.000000 0 1 0 8.972954 
 -4131250.000000 33899459.452113 7167.900000 0.500000 -15.000000 0 0 1 9.483632 
 -4131875.000000 33899459.452113 7167.900000 0.500000 -15.000000 0 0 1 9.231567 
 -4132500.000000 33899459.452113 7167.900000 0.500000 -15.000000 0 1 0 8.972954 
 -4131875.000000 33899459.452113 7167.900000 0.500000 -15.000000 0 0 1 9.231567 
 -4132187.500000 33899459.452113 7167.900000 0.500000 -15.000000 0 1 0 9.109730 
 -4131875.000000 33899459.452113 7167.900000 0.500000 -15.000000 0 0 1 9.231567 
 -4132031.250000 33899459.452113 7167.900000 0.500000 -15.000000 0 1 0 9.171632 
 -4131875.000000 33899459.452113 7167.900000 0.500000 -15.000000 0 0 1 9.231567 
 -4131953.125000 33899459.452113 7167.900000 0.500000 -15.000000 0 0 1 9.201838 
 -4132031.250000 33899459.452113 7167.900000 0.500000 -15.000000 0 1 0 9.171632 
 -4131953.125000 33899459.452113 7167.900000 0.500000 -15.000000 0 0 1 9.201838 
 -4100000.000000 33899459.452113 7167.900000 0.500000 -10.000000 1 0 0 21.918100 
 -4105000.000000 33899459.452113 7167.900000 0.500000 -10.000000 1 0 0 20.448135 
 -4110000.000000 33899459.452113 7167.900000 0.500000 -10.000000 1 0 0 18.863841 
 -4115000.000000 33899459.452113 7167.900000 0.500000 -10.000000 1 0 0 17.169166 
 -4120000.000000 33899459.452113 7167.900000 0.500000 -10.000000 1 0 0 15.305411 
 -4125000.000000 33899459.452113 7167.900000 0.500000 -10.000000 1 0 0 13.241432 
 -4130000.000000 33899459.452113 7167.900000 0.500000 -10.000000 0 0 1 11.167923 
 -4135000.000000 33899459.452113 7167.900000 0.500000 -10.000000 0 0 1 9.027456 
 -4140000.000000 33899459.452113 7167.900000 0.500000 -10.000000 0 1 0 6.575123 
 -4135000.000000 33899459.452113 7167.900000 0.500000 -10.000000 0 0 1 9.027456 
 -4137500.000000 33899459.452113 7167.900000 0.500000 -10.000000 0 0 1 7.801806 
 -4140000.000000 33899459.452113 7167.900000 0.500000 -10.000000 0 1 0 6.575123 
 -4137500.000000 33899459.452113 7167.900000 0.500000 -10.000000 0 0 1 7.801806 
 -4138750.000000 33899459.452113 7167.900000 0.500000 -10.000000 0 1 0 7.183315 
 -4137500.000000 33899459.452113 7167.900000 0.500000 -10.000000 0 0 1 7.801806 
 -4138125.000000 33899459.452113 7167.900000 0.500000 -10.000000 0 1 0 7.491597 
 -4137500.000000 33899459.452113 7167.900000 0.500000 -10.000000 0 0 1 7.801806 
 -4137812.500000 33899459.452113 7167.900000 0.500000 -10.000000 0 1 0 7.637904 
 -4137500.000000 33899459.452113 7167.900000 0.500000 -10.000000 0 0 1 7.801806 
 -4137656.250000 33899459.452113 7167.900000 0.500000 -10.000000 0 1 0 7.711689 
 -4137500.000000 33899459.452113 7167.900000 0.500000 -10.000000 0 0 1 7.801806 
 -4137578.125000 33899459.452113 7167.900000 0.500000 -10.000000 0 1 0 7.765332 
 -4137500.000000 33899459.452113 7167.900000 0.500000 -10.000000 0 0 1 7.801806 
 -4100000.000000 33899459.452113 7167.900000 0.500000 -5.000000 1 0 0 23.859479 
 -4105000.000000 33899459.452113 7167.900000 0.500000 -5.000000 1 0 0 22.414981 
 -4110000.000000 33899459.452113 7167.900000 0.500000 -5.000000 1 0 0 20.828721 
 -4115000.000000 33899459.452113 7167.900000 0.500000 -5.000000 1 0 0 19.129338 
 -4120000.000000 33899459.452113 7167.900000 0.500000 -5.000000 1 0 0 17.259120 
 -4125000.000000 33899459.452113 7167.900000 0.500000 -5.000000 1 0 0 15.176681 
 -4130000.000000 33899459.452113 7167.900000 0.500000 -5.000000 1 0 0 12.818657 
 -4135000.000000 33899459.452113 7167.900000 0.500000 -5.000000 1 0 0 10.385046 
 -4140000.000000 33899459.452113 7167.900000 0.500000 -5.000000 0 0 1 7.695951 
 -4145000.000000 33899459.452113 7167.900000 0.500000 -5.000000 0 1 0 4.910931 
 -4140000.000000 33899459.452113 7167.900000 0.500000 -5.000000 0 0 1 7.695951 
 -4142500.000000 33899459.452113 7167.900000 0.500000 -5.000000 0 1 0 6.282965 
 -4140000.000000 33899459.452113 7167.900000 0.500000 -5.000000 0 0 1 7.695951 
 -4141250.000000 33899459.452113 7167.900000 0.500000 -5.000000 0 0 1 6.990805 
 -4142500.000000 33899459.452113 7167.900000 0.500000 -5.000000 0 1 0 6.282965 
 -4141250.000000 33899459.452113 7167.900000 0.500000 -5.000000 0 0 1 6.990805 
 -4141875.000000 33899459.452113 7167.900000 0.500000 -5.000000 0 0 1 6.654275 
 -4142500.000000 33899459.452113 7167.900000 0.500000 -5.000000 0 1 0 6.282965 
 -4141875.000000 33899459.452113 7167.900000 0.500000 -5.000000 0 0 1 6.654275 
 -4142187.500000 33899459.452113 7167.900000 0.500000 -5.000000 0 1 0 6.468338 
 -4141875.000000 33899459.452113 7167.900000 0.500000 -5.000000 0 0 1 6.654275 
 -4142031.250000 33899459.452113 7167.900000 0.500000 -5.000000 0 1 0 6.551279 
 -4141875.000000 33899459.452113 7167.900000 0.500000 -5.000000 0 0 1 6.654275 
 -4141953.125000 33899459.452113 7167.900000 0.500000 -5.000000 0 1 0 6.592813 
 -4141875.000000 33899459.452113 7167.900000 0.500000 -5.000000 0 0 1 6.654275 
 -4100000.000000 33899459.452113 7167.900000 0.500000 0.000000 1 0 0 25.899469 
 -4105000.000000 33899459.452113 7167.900000 0.500000 0.000000 1 0 0 24.533418 
 -4110000.000000 33899459.452113 7167.900000 0.500000 0.000000 1 0 0 23.036320 
 -4115000.000000 33899459.452113 7167.900000 0.500000 0.000000 1 0 0 21.389953 
 -4120000.000000 33899459.452113 7167.900000 0.500000 0.000000 1 0 0 19.541332 
 -4125000.000000 33899459.452113 7167.900000 0.500000 0.000000 1 0 0 17.472609 
 -4130000.000000 33899459.452113 7167.900000 0.500000 0.000000 1 0 0 15.128578 
 -4135000.000000 33899459.452113 7167.900000 0.500000 0.000000 1 0 0 12.355895 
 -4140000.000000 33899459.452113 7167.900000 0.500000 0.000000 1 0 0 9.286601 
 -4145000.000000 33899459.452113 7167.900000 0.500000 0.000000 0 0 1 5.901230 
 -4150000.000000 33899459.452113 7167.900000 0.500000 0.000000 0 1 0 2.895007 
 -4145000.000000 33899459.452113 7167.900000 0.500000 0.000000 0 0 1 5.901230 
 -4147500.000000 33899459.452113 7167.900000 0.500000 0.000000 0 1 0 4.220901 
 -4145000.000000 33899459.452113 7167.900000 0.500000 0.000000 0 0 1 5.901230 
 -4146250.000000 33899459.452113 7167.900000 0.500000 0.000000 0 1 0 5.062338 
 -4145000.000000 33899459.452113 7167.900000 0.500000 0.000000 0 0 1 5.901230 
 -4145625.000000 33899459.452113 7167.900000 0.500000 0.000000 0 1 0 5.482587 
 -4145000.000000 33899459.452113 7167.900000 0.500000 0.000000 0 0 1 5.901230 
 -4145312.500000 33899459.452113 7167.900000 0.500000 0.000000 0 0 1 5.680493 
 -4145625.000000 33899459.452113 7167.900000 0.500000 0.000000 0 1 0 5.482587 
 -4145312.500000 33899459.452113 7167.900000 0.500000 0.000000 0 0 1 5.680493 
 -4145468.750000 33899459.452113 7167.900000 0.500000 0.000000 0 1 0 5.581561 
 -4145312.500000 33899459.452113 7167.900000 0.500000 0.000000 0 0 1 5.680493 
 -4145390.625000 33899459.452113 7167.900000 0.500000 0.000000 0 1 0 5.608099 
 -4145312.500000 33899459.452113 7167.900000 0.500000 0.000000 0 0 1 5.680493 
 -4100000.000000 33899459.452113 7167.900000 0.500000 5.000000 1 0 0 28.121807 
 -4105000.000000 33899459.452113 7167.900000 0.500000 5.000000 1 0 0 26.770762 
 -4110000.000000 33899459.452113 7167.900000 0.500000 5.000000 1 0 0 25.327733 
 -4115000.000000 33899459.452113 7167.900000 0.500000 5.000000 1 0 0 23.772297 
 -4120000.000000 33899459.452113 7167.900000 0.500000 5.000000 1 0 0 22.058723 
 -4125000.000000 33899459.452113 7167.900000 0.500000 5.000000 1 0 0 20.116308 
 -4130000.000000 33899459.452113 7167.900000 0.500000 5.000000 1 0 0 17.858072 
 -4135000.000000 33899459.452113 7167.900000 0.500000 5.000000 1 0 0 15.173476 
 -4140000.000000 33899459.452113 7167.900000 0.500000 5.000000 1 0 0 11.773575 
 -4145000.000000 33899459.452113 7167.900000 0.500000 5.000000 1 0 0 7.555769 
 -4150000.000000 33899459.452113 7167.900000 0.500000 5.000000 0 1 0 3.382570 
 -4145000.000000 33899459.452113 7167.900000 0.500000 5.000000 1 0 0 7.555769 
 -4147500.000000 33899459.452113 7167.900000 0.500000 5.000000 0 0 1 5.256361 
 -4150000.000000 33899459.452113 7167.900000 0.500000 5.000000 0 1 0 3.382570 
 -4147500.000000 33899459.452113 7167.900000 0.500000 5.000000 0 0 1 5.256361 
 -4148750.000000 33899459.452113 7167.900000 0.500000 5.000000 0 1 0 4.216848 
 -4147500.000000 33899459.452113 7167.900000 0.500000 5.000000 0 0 1 5.256361 
 -4148125.000000 33899459.452113 7167.900000 0.500000 5.000000 0 1 0 4.761751 
 -4147500.000000 33899459.452113 7167.900000 0.500000 5.000000 0 0 1 5.256361 
 -4147812.500000 33899459.452113 7167.900000 0.500000 5.000000 0 0 1 5.009347 
 -4148125.000000 33899459.452113 7167.900000 0.500000 5.000000 0 1 0 4.761751 
 -4147812.500000 33899459.452113 7167.900000 0.500000 5.000000 0 0 1 5.009347 
 -4147968.750000 33899459.452113 7167.900000 0.500000 5.000000 0 0 1 4.885783 
 -4148125.000000 33899459.452113 7167.900000 0.500000 5.000000 0 1 0 4.761751 
 -4147968.750000 33899459.452113 7167.900000 0.500000 5.000000 0 0 1 4.885783 
 -4148046.875000 33899459.452113 7167.900000 0.500000 5.000000 0 0 1 4.823847 
 -4148125.000000 33899459.452113 7167.900000 0.500000 5.000000 0 1 0 4.761751 
 -4148046.875000 33899459.452113 7167.900000 0.500000 5.000000 0 0 1 4.823847 
 -4100000.000000 33899459.452113 7167.900000 0.500000 10.000000 1 0 0 30.737360 
 -4105000.000000 33899459.452113 7167.900000 0.500000 10.000000 1 0 0 29.388668 
 -4110000.000000 33899459.452113 7167.900000 0.500000 10.000000 1 0 0 27.921744 
 -4115000.000000 33899459.452113 7167.900000 0.500000 10.000000 1 0 0 26.363121 
 -4120000.000000 33899459.452113 7167.900000 0.500000 10.000000 1 0 0 24.674018 
 -4125000.000000 33899459.452113 7167.900000 0.500000 10.000000 1 0 0 22.827413 
 -4130000.000000 33899459.452113 7167.900000 0.500000 10.000000 1 0 0 20.763857 
 -4135000.000000 33899459.452113 7167.900000 0.500000 10.000000 1 0 0 18.346636 
 -4140000.000000 33899459.452113 7167.900000 0.500000 10.000000 1 0 0 15.289719 
 -4145000.000000 33899459.452113 7167.900000 0.500000 10.000000 1 0 0 11.033701 
 -4150000.000000 33899459.452113 7167.900000 0.500000 10.000000 0 0 1 4.192728 
 -4155000.000000 33899459.452113 7167.900000 0.500000 10.000000 0 1 0 1.560748 
 -4150000.000000 33899459.452113 7167.900000 0.500000 10.000000 0 0 1 4.192728 
 -4152500.000000 33899459.452113 7167.900000 0.500000 10.000000 0 1 0 2.398640 
 -4150000.000000 33899459.452113 7167.900000 0.500000 10.000000 0 0 1 4.192728 
 -4151250.000000 33899459.452113 7167.900000 0.500000 10.000000 0 1 0 3.153029 
 -4150000.000000 33899459.452113 7167.900000 0.500000 10.000000 0 0 1 4.192728 
 -4150625.000000 33899459.452113 7167.900000 0.500000 10.000000 0 1 0 3.617097 
 -4150000.000000 33899459.452113 7167.900000 0.500000 10.000000 0 0 1 4.192728 
 -4150312.500000 33899459.452113 7167.900000 0.500000 10.000000 0 1 0 3.871990 
 -4150000.000000 33899459.452113 7167.900000 0.500000 10.000000 0 0 1 4.192728 
 -4150156.250000 33899459.452113 7167.900000 0.500000 10.000000 0 1 0 4.043836 
 -4150000.000000 33899459.452113 7167.900000 0.500000 10.000000 0 0 1 4.192728 
 -4150078.125000 33899459.452113 7167.900000 0.500000 10.000000 0 0 1 4.117172 
 -4150156.250000 33899459.452113 7167.900000 0.500000 10.000000 0 1 0 4.043836 
 -4150078.125000 33899459.452113 7167.900000 0.500000 10.000000 0 0 1 4.117172 
 -4100000.000000 33899459.452113 7167.900000 0.500000 15.000000 1 0 0 33.404610 
 -4105000.000000 33899459.452113 7167.900000 0.500000 15.000000 1 0 0 32.133896 
 -4110000.000000 33899459.452113 7167.900000 0.500000 15.000000 1 0 0 30.762658 
 -4115000.000000 33899459.452113 7167.900000 0.500000 15.000000 1 0 0 29.309690 
 -4120000.000000 33899459.452113 7167.900000 0.500000 15.000000 1 0 0 27.699178 
 -4125000.000000 33899459.452113 7167.900000 0.500000 15.000000 1 0 0 25.915265 
 -4130000.000000 33899459.452113 7167.900000 0.500000 15.000000 1 0 0 23.911367 
 -4135000.000000 33899459.452113 7167.900000 0.500000 15.000000 1 0 0 21.581348 
 -4140000.000000 33899459.452113 7167.900000 0.500000 15.000000 1 0 0 18.782679 
 -4145000.000000 33899459.452113 7167.900000 0.500000 15.000000 1 0 0 15.202307 
 -4150000.000000 33899459.452113 7167.900000 0.500000 15.000000 1 0 0 8.989387 
 -4155000.000000 33899459.452113 7167.900000 0.500000 15.000000 0 1 0 1.632141 
 -4150000.000000 33899459.452113 7167.900000 0.500000 15.000000 1 0 0 8.989387 
 -4152500.000000 33899459.452113 7167.900000 0.500000 15.000000 0 1 0 2.779516 
 -4150000.000000 33899459.452113 7167.900000 0.500000 15.000000 1 0 0 8.989387 
 -4151250.000000 33899459.452113 7167.900000 0.500000 15.000000 1 0 0 5.235824 
 -4152500.000000 33899459.452113 7167.900000 0.500000 15.000000 0 1 0 2.779516 
 -4151250.000000 33899459.452113 7167.900000 0.500000 15.000000 1 0 0 5.235824 
 -4151875.000000 33899459.452113 7167.900000 0.500000 15.000000 0 1 0 3.280191 
 -4151250.000000 33899459.452113 7167.900000 0.500000 15.000000 1 0 0 5.235824 
 -4151562.500000 33899459.452113 7167.900000 0.500000 15.000000 0 0 1 3.617157 
 -4151875.000000 33899459.452113 7167.900000 0.500000 15.000000 0 1 0 3.280191 
 -4151562.500000 33899459.452113 7167.900000 0.500000 15.000000 0 0 1 3.617157 
 -4151718.750000 33899459.452113 7167.900000 0.500000 15.000000 0 1 0 3.457179 
 -4151562.500000 33899459.452113 7167.900000 0.500000 15.000000 0 0 1 3.617157 
 -4151640.625000 33899459.452113 7167.900000 0.500000 15.000000 0 1 0 3.535071 
 -4151562.500000 33899459.452113 7167.900000 0.500000 15.000000 0 0 1 3.617157 
 -4100000.000000 33899459.452113 7167.900000 0.500000 20.000000 1 0 0 36.698910 
 -4105000.000000 33899459.452113 7167.900000 0.500000 20.000000 1 0 0 35.370759 
 -4110000.000000 33899459.452113 7167.900000 0.500000 20.000000 1 0 0 33.933429 
 -4115000.000000 33899459.452113 7167.900000 0.500000 20.000000 1 0 0 32.434963 
 -4120000.000000 33899459.452113 7167.900000 0.500000 20.000000 1 0 0 30.799419 
 -4125000.000000 33899459.452113 7167.900000 0.500000 20.000000 1 0 0 29.058108 
 -4130000.000000 33899459.452113 7167.900000 0.500000 20.000000 1 0 0 27.167745 
 -4135000.000000 33899459.452113 7167.900000 0.500000 20.000000 1 0 0 25.022220 
 -4140000.000000 33899459.452113 7167.900000 0.500000 20.000000 1 0 0 22.459468 
 -4145000.000000 33899459.452113 7167.900000 0.500000 20.000000 1 0 0 19.224639 
 -4150000.000000 33899459.452113 7167.900000 0.500000 20.000000 1 0 0 14.111087 
 -4155000.000000 33899459.452113 7167.900000 0.500000 20.000000 0 1 0 1.689459 
 -4150000.000000 33899459.452113 7167.900000 0.500000 20.000000 1 0 0 14.111087 
 -4152500.000000 33899459.452113 7167.900000 0.500000 20.000000 1 0 0 7.209833 
 -4155000.000000 33899459.452113 7167.900000 0.500000 20.000000 0 1 0 1.689459 
 -4152500.000000 33899459.452113 7167.900000 0.500000 20.000000 1 0 0 7.209833 
 -4153750.000000 33899459.452113 7167.900000 0.500000 20.000000 0 1 0 2.292322 
 -4152500.000000 33899459.452113 7167.900000 0.500000 20.000000 1 0 0 7.209833 
 -4153125.000000 33899459.452113 7167.900000 0.500000 20.000000 0 1 0 2.743402 
 -4152500.000000 33899459.452113 7167.900000 0.500000 20.000000 1 0 0 7.209833 
 -4152812.500000 33899459.452113 7167.900000 0.500000 20.000000 0 1 0 3.026460 
 -4152500.000000 33899459.452113 7167.900000 0.500000 20.000000 1 0 0 7.209833 
 -4152656.250000 33899459.452113 7167.900000 0.500000 20.000000 1 0 0 4.848367 
 -4152812.500000 33899459.452113 7167.900000 0.500000 20.000000 0 1 0 3.026460 
 -4152656.250000 33899459.452113 7167.900000 0.500000 20.000000 1 0 0 4.848367 
 -4152734.375000 33899459.452113 7167.900000 0.500000 20.000000 0 1 0 3.108941 
 -4152656.250000 33899459.452113 7167.900000 0.500000 20.000000 1 0 0 4.848367 
 -4000000.000000 33899459.452113 7167.900000 0.500000 -20.000000 1 0 0 37.787570 
 -4005000.000000 33899459.452113 7167.900000 0.500000 -20.000000 1 0 0 37.023734 
 -4010000.000000 33899459.452113 7167.900000 0.500000 -20.000000 1 0 0 36.287738 
 -4015000.000000 33899459.452113 7167.900000 0.500000 -20.000000 1 0 0 35.501317 
 -4020000.000000 33899459.452113 7167.900000 0.500000 -20.000000 1 0 0 34.731525 
 -4025000.000000 33899459.452113 7167.900000 0.500000 -20.000000 1 0 0 33.922297 
 -4030000.000000 33899459.452113 7167.900000 0.500000 -20.000000 1 0 0 33.138946 
 -4035000.000000 33899459.452113 7167.900000 0.500000 -20.000000 1 0 0 32.322581 
 -4040000.000000 33899459.452113 7167.900000 0.500000 -20.000000 1 0 0 31.486870 
 -4045000.000000 33899459.452113 7167.900000 0.500000 -20.000000 1 0 0 30.630761 
 -4050000.000000 33899459.452113 7167.900000 0.500000 -20.000000 1 0 0 29.750149 
 -4055000.000000 33899459.452113 7167.900000 0.500000 -20.000000 1 0 0 28.863815 
 -4060000.000000 33899459.452113 7167.900000 0.500000 -20.000000 1 0 0 27.926818 
 -4065000.000000 33899459.452113 7167.900000 0.500000 -20.000000 1 0 0 26.967700 
 -4070000.000000 33899459.452113 7167.900000 0.500000 -20.000000 1 0 0 25.962703 
 -4075000.000000 33899459.452113 7167.900000 0.500000 -20.000000 1 0 0 24.915541 
 -4080000.000000 33899459.452113 7167.900000 0.500000 -20.000000 1 0 0 23.781948 
 -4085000.000000 33899459.452113 7167.900000 0.500000 -20.000000 1 0 0 22.598819 
 -4090000.000000 33899459.452113 7167.900000 0.500000 -20.000000 1 0 0 21.360847 
 -4095000.000000 33899459.452113 7167.900000 0.500000 -20.000000 1 0 0 20.065012 
 -4100000.000000 33899459.452113 7167.900000 0.500000 -20.000000 0 0 1 18.701646 
 -4095000.000000 33899459.452113 7167.900000 0.500000 -20.000000 1 0 0 20.065012 
 -4097500.000000 33899459.452113 7167.900000 0.500000 -20.000000 1 0 0 19.392128 
 -4100000.000000 33899459.452113 7167.900000 0.500000 -20.000000 0 0 1 18.701646 
 -4097500.000000 33899459.452113 7167.900000 0.500000 -20.000000 1 0 0 19.392128 
 -4098750.000000 33899459.452113 7167.900000 0.500000 -20.000000 1 0 0 19.040940 
 -4100000.000000 33899459.452113 7167.900000 0.500000 -20.000000 0 0 1 18.701646 
 -4098750.000000 33899459.452113 7167.900000 0.500000 -20.000000 1 0 0 19.040940 
 -4099375.000000 33899459.452113 7167.900000 0.500000 -20.000000 1 0 0 18.868718 
 -4100000.000000 33899459.452113 7167.900000 0.500000 -20.000000 0 0 1 18.701646 
 -4099375.000000 33899459.452113 7167.900000 0.500000 -20.000000 1 0 0 18.868718 
 -4099687.500000 33899459.452113 7167.900000 0.500000 -20.000000 1 0 0 18.779371 
 -4100000.000000 33899459.452113 7167.900000 0.500000 -20.000000 0 0 1 18.701646 
 -4099687.500000 33899459.452113 7167.900000 0.500000 -20.000000 1 0 0 18.779371 
 -4099843.750000 33899459.452113 7167.900000 0.500000 -20.000000 1 0 0 18.741431 
 -4100000.000000 33899459.452113 7167.900000 0.500000 -20.000000 0 0 1 18.701646 
 -4099843.750000 33899459.452113 7167.900000 0.500000 -20.000000 1 0 0 18.741431 
 -4099921.875000 33899459.452113 7167.900000 0.500000 -20.000000 1 0 0 18.721769 
 -4100000.000000 33899459.452113 7167.900000 0.500000 -20.000000 0 0 1 18.701646 
 -4099921.875000 33899459.452113 7167.900000 0.500000 -20.000000 1 0 0 18.721769 
 -4000000.000000 33899459.452113 7167.900000 0.500000 -15.000000 1 0 0 39.223931 
 -4005000.000000 33899459.452113 7167.900000 0.500000 -15.000000 1 0 0 38.486034 
 -4010000.000000 33899459.452113 7167.900000 0.500000 -15.000000 1 0 0 37.748356 
 -4015000.000000 33899459.452113 7167.900000 0.500000 -15.000000 1 0 0 36.966225 
 -4020000.000000 33899459.452113 7167.900000 0.500000 -15.000000 1 0 0 36.190809 
 -4025000.000000 33899459.452113 7167.900000 0.500000 -15.000000 1 0 0 35.376294 
 -4030000.000000 33899459.452113 7167.900000 0.500000 -15.000000 1 0 0 34.590328 
 -4035000.000000 33899459.452113 7167.900000 0.500000 -15.000000 1 0 0 33.769656 
 -4040000.000000 33899459.452113 7167.900000 0.500000 -15.000000 1 0 0 32.930415 
 -4045000.000000 33899459.452113 7167.900000 0.500000 -15.000000 1 0 0 32.071865 
 -4050000.000000 33899459.452113 7167.900000 0.500000 -15.000000 1 0 0 31.191098 
 -4055000.000000 33899459.452113 7167.900000 0.500000 -15.000000 1 0 0 30.302890 
 -4060000.000000 33899459.452113 7167.900000 0.500000 -15.000000 1 0 0 29.370090 
 -4065000.000000 33899459.452113 7167.900000 0.500000 -15.000000 1 0 0 28.420524 
 -4070000.000000 33899459.452113 7167.900000 0.500000 -15.000000 1 0 0 27.428713 
 -4075000.000000 33899459.452113 7167.900000 0.500000 -15.000000 1 0 0 26.392600 
 -4080000.000000 33899459.452113 7167.900000 0.500000 -15.000000 1 0 0 25.284574 
 -4085000.000000 33899459.452113 7167.900000 0.500000 -15.000000 1 0 0 24.121546 
 -4090000.000000 33899459.452113 7167.900000 0.500000 -15.000000 1 0 0 22.889461 
 -4095000.000000 33899459.452113 7167.900000 0.500000 -15.000000 1 0 0 21.574201 
 -4100000.000000 33899459.452113 7167.900000 0.500000 -15.000000 1 0 0 20.198158 
 -4105000.000000 33899459.452113 7167.900000 0.500000 -15.000000 1 0 0 18.737682 
 -4110000.000000 33899459.452113 7167.900000 0.500000 -15.000000 1 0 0 17.170012 
 -4115000.000000 33899459.452113 7167.900000 0.500000 -15.000000 1 0 0 15.488797 
 -4120000.000000 33899459.452113 7167.900000 0.500000 -15.000000 0 0 1 13.653621 
 -4115000.000000 33899459.452113 7167.900000 0.500000 -15.000000 1 0 0 15.488797 
 -4117500.000000 33899459.452113 7167.900000 0.500000 -15.000000 0 0 1 14.584597 
 -4115000.000000 33899459.452113 7167.900000 0.500000 -15.000000 1 0 0 15.488797 
 -4116250.000000 33899459.452113 7167.900000 0.500000 -15.000000 1 0 0 15.041736 
 -4117500.000000 33899459.452113 7167.900000 0.500000 -15.000000 0 0 1 14.584597 
 -4116250.000000 33899459.452113 7167.900000 0.500000 -15.000000 1 0 0 15.041736 
 -4116875.000000 33899459.452113 7167.900000 0.500000 -15.000000 1 0 0 14.814547 
 -4117500.000000 33899459.452113 7167.900000 0.500000 -15.000000 0 0 1 14.584597 
 -4116875.000000 33899459.452113 7167.900000 0.500000 -15.000000 1 0 0 14.814547 
 -4117187.500000 33899459.452113 7167.900000 0.500000 -15.000000 0 0 1 14.707470 
 -4116875.000000 33899459.452113 7167.900000 0.500000 -15.000000 1 0 0 14.814547 
 -4117031.250000 33899459.452113 7167.900000 0.500000 -15.000000 0 0 1 14.762030 
 -4116875.000000 33899459.452113 7167.900000 0.500000 -15.000000 1 0 0 14.814547 
 -4116953.125000 33899459.452113 7167.900000 0.500000 -15.000000 1 0 0 14.788537 
 -4117031.250000 33899459.452113 7167.900000 0.500000 -15.000000 0 0 1 14.762030 
 -4116953.125000 33899459.452113 7167.900000 0.500000 -15.000000 1 0 0 14.788537 
 -4000000.000000 33899459.452113 7167.900000 0.500000 -10.000000 1 0 0 40.747018 
 -4005000.000000 33899459.452113 7167.900000 0.500000 -10.000000 1 0 0 40.064893 
 -4010000.000000 33899459.452113 7167.900000 0.500000 -10.000000 1 0 0 39.308922 
 -4015000.000000 33899459.452113 7167.900000 0.500000 -10.000000 1 0 0 38.588183 
 -4020000.000000 33899459.452113 7167.900000 0.500000 -10.000000 1 0 0 37.818459 
 -4025000.000000 33899459.452113 7167.900000 0.500000 -10.000000 1 0 0 37.010750 
 -4030000.000000 33899459.452113 7167.900000 0.500000 -10.000000 1 0 0 36.196575 
 -4035000.000000 33899459.452113 7167.900000 0.500000 -10.000000 1 0 0 35.371946 
 -4040000.000000 33899459.452113 7167.900000 0.500000 -10.000000 1 0 0 34.524971 
 -4045000.000000 33899459.452113 7167.900000 0.500000 -10.000000 1 0 0 33.655872 
 -4050000.000000 33899459.452113 7167.900000 0.500000 -10.000000 1 0 0 32.775519 
 -4055000.000000 33899459.452113 7167.900000 0.500000 -10.000000 1 0 0 31.884595 
 -4060000.000000 33899459.452113 7167.900000 0.500000 -10.000000 1 0 0 30.953665 
 -4065000.000000 33899459.452113 7167.900000 0.500000 -10.000000 1 0 0 29.997570 
 -4070000.000000 33899459.452113 7167.900000 0.500000 -10.000000 1 0 0 29.015158 
 -4075000.000000 33899459.452113 7167.900000 0.500000 -10.000000 1 0 0 27.998459 
 -4080000.000000 33899459.452113 7167.900000 0.500000 -10.000000 1 0 0 26.915408 
 -4085000.000000 33899459.452113 7167.900000 0.500000 -10.000000 1 0 0 25.791429 
 -4090000.000000 33899459.452113 7167.900000 0.500000 -10.000000 1 0 0 24.600066 
 -4095000.000000 33899459.452113 7167.900000 0.500000 -10.000000 1 0 0 23.299530 
 -4100000.000000 33899459.452113 7167.900000 0.500000 -10.000000 1 0 0 21.918100 
 -4105000.000000 33899459.452113 7167.900000 0.500000 -10.000000 1 0 0 20.448135 
 -4110000.000000 33899459.452113 7167.900000 0.500000 -10.000000 1 0 0 18.863841 
 -4115000.000000 33899459.452113 7167.900000 0.500000 -10.000000 1 0 0 17.169166 
 -4120000.000000 33899459.452113 7167.900000 0.500000 -10.000000 1 0 0 15.305411 
 -4125000.000000 33899459.452113 7167.900000 0.500000 -10.000000 1 0 0 13.241432 
 -4130000.000000 33899459.452113 7167.900000 0.500000 -10.000000 0 0 1 11.167923 
 -4125000.000000 33899459.452113 7167.900000 0.500000 -10.000000 1 0 0 13.241432 
 -4127500.000000 33899459.452113 7167.900000 0.500000 -10.000000 1 0 0 12.198569 
 -4130000.000000 33899459.452113 7167.900000 0.500000 -10.000000 0 0 1 11.167923 
 -4127500.000000 33899459.452113 7167.900000 0.500000 -10.000000 1 0 0 12.198569 
 -4128750.000000 33899459.452113 7167.900000 0.500000 -10.000000 1 0 0 11.688485 
 -4130000.000000 33899459.452113 7167.900000 0.500000 -10.000000 0 0 1 11.167923 
 -4128750.000000 33899459.452113 7167.900000 0.500000 -10.000000 1 0 0 11.688485 
 -4129375.000000 33899459.452113 7167.900000 0.500000 -10.000000 0 0 1 11.428001 
 -4128750.000000 33899459.452113 7167.900000 0.500000 -10.000000 1 0 0 11.688485 
 -4129062.500000 33899459.452113 7167.900000 0.500000 -10.000000 1 0 0 11.566360 
 -4129375.000000 33899459.452113 7167.900000 0.500000 -10.000000 0 0 1 11.428001 
 -4129062.500000 33899459.452113 7167.900000 0.500000 -10.000000 1 0 0 11.566360 
 -4129218.750000 33899459.452113 7167.900000 0.500000 -10.000000 0 0 1 11.504220 
 -4129062.500000 33899459.452113 7167.900000 0.500000 -10.000000 1 0 0 11.566360 
 -4129140.625000 33899459.452113 7167.900000 0.500000 -10.000000 1 0 0 11.535410 
 -4129218.750000 33899459.452113 7167.900000 0.500000 -10.000000 0 0 1 11.504220 
 -4129140.625000 33899459.452113 7167.900000 0.500000 -10.000000 1 0 0 11.535410 
 -4000000.000000 33899459.452113 7167.900000 0.500000 -5.000000 1 0 0 42.380753 
 -4005000.000000 33899459.452113 7167.900000 0.500000 -5.000000 1 0 0 41.724829 
 -4010000.000000 33899459.452113 7167.900000 0.500000 -5.000000 1 0 0 40.992768 
 -4015000.000000 33899459.452113 7167.900000 0.500000 -5.000000 1 0 0 40.302603 
 -4020000.000000 33899459.452113 7167.900000 0.500000 -5.000000 1 0 0 39.542486 
 -4025000.000000 33899459.452113 7167.900000 0.500000 -5.000000 1 0 0 38.767425 
 -4030000.000000 33899459.452113 7167.900000 0.500000 -5.000000 1 0 0 37.995099 
 -4035000.000000 33899459.452113 7167.900000 0.500000 -5.000000 1 0 0 37.169092 
 -4040000.000000 33899459.452113 7167.900000 0.500000 -5.000000 1 0 0 36.321429 
 -4045000.000000 33899459.452113 7167.900000 0.500000 -5.000000 1 0 0 35.459027 
 -4050000.000000 33899459.452113 7167.900000 0.500000 -5.000000 1 0 0 34.571845 
 -4055000.000000 33899459.452113 7167.900000 0.500000 -5.000000 1 0 0 33.642294 
 -4060000.000000 33899459.452113 7167.900000 0.500000 -5.000000 1 0 0 32.723098 
 -4065000.000000 33899459.452113 7167.900000 0.500000 -5.000000 1 0 0 31.758105 
 -4070000.000000 33899459.452113 7167.900000 0.500000 -5.000000 1 0 0 30.774095 
 -4075000.000000 33899459.452113 7167.900000 0.500000 -5.000000 1 0 0 29.752197 
 -4080000.000000 33899459.452113 7167.900000 0.500000 -5.000000 1 0 0 28.683884 
 -4085000.000000 33899459.452113 7167.900000 0.500000 -5.000000 1 0 0 27.577186 
 -4090000.000000 33899459.452113 7167.900000 0.500000 -5.000000 1 0 0 26.424795 
 -4095000.000000 33899459.452113 7167.900000 0.500000 -5.000000 1 0 0 25.179586 
 -4100000.000000 33899459.452113 7167.900000 0.500000 -5.000000 1 0 0 23.859479 
 -4105000.000000 33899459.452113 7167.900000 0.500000 -5.000000 1 0 0 22.414981 
 -4110000.000000 33899459.452113 7167.900000 0.500000 -5.000000 1 0 0 20.828721 
 -4115000.000000 33899459.452113 7167.900000 0.500000 -5.000000 1 0 0 19.129338 
 -4120000.000000 33899459.452113 7167.900000 0.500000 -5.000000 1 0 0 17.259120 
 -4125000.000000 33899459.452113 7167.900000 0.500000 -5.000000 1 0 0 15.176681 
 -4130000.000000 33899459.452113 7167.900000 0.500000 -5.000000 1 0 0 12.818657 
 -4135000.000000 33899459.452113 7167.900000 0.500000 -5.000000 1 0 0 10.385046 
 -4140000.000000 33899459.452113 7167.900000 0.500000 -5.000000 0 0 1 7.695951 
 -4135000.000000 33899459.452113 7167.900000 0.500000 -5.000000 1 0 0 10.385046 
 -4137500.000000 33899459.452113 7167.900000 0.500000 -5.000000 1 0 0 9.132966 
 -4140000.000000 33899459.452113 7167.900000 0.500000 -5.000000 0 0 1 7.695951 
 -4137500.000000 33899459.452113 7167.900000 0.500000 -5.000000 1 0 0 9.132966 
 -4138750.000000 33899459.452113 7167.900000 0.500000 -5.000000 0 0 1 8.437250 
 -4137500.000000 33899459.452113 7167.900000 0.500000 -5.000000 1 0 0 9.132966 
 -4138125.000000 33899459.452113 7167.900000 0.500000 -5.000000 0 0 1 8.793330 
 -4137500.000000 33899459.452113 7167.900000 0.500000 -5.000000 1 0 0 9.132966 
 -4137812.500000 33899459.452113 7167.900000 0.500000 -5.000000 0 0 1 8.955481 
 -4137500.000000 33899459.452113 7167.900000 0.500000 -5.000000 1 0 0 9.132966 
 -4137656.250000 33899459.452113 7167.900000 0.500000 -5.000000 1 0 0 9.035808 
 -4137812.500000 33899459.452113 7167.900000 0.500000 -5.000000 0 0 1 8.955481 
 -4137656.250000 33899459.452113 7167.900000 0.500000 -5.000000 1 0 0 9.035808 
 -4137734.375000 33899459.452113 7167.900000 0.500000 -5.000000 0 0 1 9.014498 
 -4137656.250000 33899459.452113 7167.900000 0.500000 -5.000000 1 0 0 9.035808 
 -4000000.000000 33899459.452113 7167.900000 0.500000 0.000000 1 0 0 44.166951 
 -4005000.000000 33899459.452113 7167.900000 0.500000 0.000000 1 0 0 43.500516 
 -4010000.000000 33899459.452113 7167.900000 0.500000 0.000000 1 0 0 42.777523 
 -4015000.000000 33899459.452113 7167.900000 0.500000 0.000000 1 0 0 42.107271 
 -4020000.000000 33899459.452113 7167.900000 0.500000 0.000000 1 0 0 41.368340 
 -4025000.000000 33899459.452113 7167.900000 0.500000 0.000000 1 0 0 40.630913 
 -4030000.000000 33899459.452113 7167.900000 0.500000 0.000000 1 0 0 39.888888 
 -4035000.000000 33899459.452113 7167.900000 0.500000 0.000000 1 0 0 39.105613 
 -4040000.000000 33899459.452113 7167.900000 0.500000 0.000000 1 0 0 38.282941 
 -4045000.000000 33899459.452113 7167.900000 0.500000 0.000000 1 0 0 37.450439 
 -4050000.000000 33899459.452113 7167.900000 0.500000 0.000000 1 0 0 36.596403 
 -4055000.000000 33899459.452113 7167.900000 0.500000 0.000000 1 0 0 35.688412 
 -4060000.000000 33899459.452113 7167.900000 0.500000 0.000000 1 0 0 34.738746 
 -4065000.000000 33899459.452113 7167.900000 0.500000 0.000000 1 0 0 33.752885 
 -4070000.000000 33899459.452113 7167.900000 0.500000 0.000000 1 0 0 32.748733 
 -4075000.000000 33899459.452113 7167.900000 0.500000 0.000000 1 0 0 31.718482 
 -4080000.000000 33899459.452113 7167.900000 0.500000 0.000000 1 0 0 30.643464 
 -4085000.000000 33899459.452113 7167.900000 0.500000 0.000000 1 0 0 29.542766 
 -4090000.000000 33899459.452113 7167.900000 0.500000 0.000000 1 0 0 28.388915 
 -4095000.000000 33899459.452113 7167.900000 0.500000 0.000000 1 0 0 27.177569 
 -4100000.000000 33899459.452113 7167.900000 0.500000 0.000000 1 0 0 25.899469 
 -4105000.000000 33899459.452113 7167.900000 0.500000 0.000000 1 0 0 24.533418 
 -4110000.000000 33899459.452113 7167.900000 0.500000 0.000000 1 0 0 23.036320 
 -4115000.000000 33899459.452113 7167.900000 0.500000 0.000000 1 0 0 21.389953 
 -4120000.000000 33899459.452113 7167.900000 0.500000 0.000000 1 0 0 19.541332 
 -4125000.000000 33899459.452113 7167.900000 0.500000 0.000000 1 0 0 17.472609 
 -4130000.000000 33899459.452113 7167.900000 0.500000 0.000000 1 0 0 15.128578 
 -4135000.000000 33899459.452113 7167.900000 0.500000 0.000000 1 0 0 12.355895 
 -4140000.000000 33899459.452113 7167.900000 0.500000 0.000000 1 0 0 9.286601 
 -4145000.000000 33899459.452113 7167.900000 0.500000 0.000000 0 0 1 5.901230 
 -4140000.000000 33899459.452113 7167.900000 0.500000 0.000000 1 0 0 9.286601 
 -4142500.000000 33899459.452113 7167.900000 0.500000 0.000000 1 0 0 7.606282 
 -4145000.000000 33899459.452113 7167.900000 0.500000 0.000000 0 0 1 5.901230 
 -4142500.000000 33899459.452113 7167.900000 0.500000 0.000000 1 0 0 7.606282 
 -4143750.000000 33899459.452113 7167.900000 0.500000 0.000000 0 0 1 6.733819 
 -4142500.000000 33899459.452113 7167.900000 0.500000 0.000000 1 0 0 7.606282 
 -4143125.000000 33899459.452113 7167.900000 0.500000 0.000000 1 0 0 7.152497 
 -4143750.000000 33899459.452113 7167.900000 0.500000 0.000000 0 0 1 6.733819 
 -4143125.000000 33899459.452113 7167.900000 0.500000 0.000000 1 0 0 7.152497 
 -4143437.500000 33899459.452113 7167.900000 0.500000 0.000000 1 0 0 6.966122 
 -4143750.000000 33899459.452113 7167.900000 0.500000 0.000000 0 0 1 6.733819 
 -4143437.500000 33899459.452113 7167.900000 0.500000 0.000000 1 0 0 6.966122 
 -4143593.750000 33899459.452113 7167.900000 0.500000 0.000000 0 0 1 6.837270 
 -4143437.500000 33899459.452113 7167.900000 0.500000 0.000000 1 0 0 6.966122 
 -4143515.625000 33899459.452113 7167.900000 0.500000 0.000000 0 0 1 6.889437 
 -4143437.500000 33899459.452113 7167.900000 0.500000 0.000000 1 0 0 6.966122 
 -4000000.000000 33899459.452113 7167.900000 0.500000 5.000000 1 0 0 46.162319 
 -4005000.000000 33899459.452113 7167.900000 0.500000 5.000000 1 0 0 45.489574 
 -4010000.000000 33899459.452113 7167.900000 0.500000 5.000000 1 0 0 44.792881 
 -4015000.000000 33899459.452113 7167.900000 0.500000 5.000000 1 0 0 44.056577 
 -4020000.000000 33899459.452113 7167.900000 0.500000 5.000000 1 0 0 43.357847 
 -4025000.000000 33899459.452113 7167.900000 0.500000 5.000000 1 0 0 42.617071 
 -4030000.000000 33899459.452113 7167.900000 0.500000 5.000000 1 0 0 41.854115 
 -4035000.000000 33899459.452113 7167.900000 0.500000 5.000000 1 0 0 41.093569 
 -4040000.000000 33899459.452113 7167.900000 0.500000 5.000000 1 0 0 40.297906 
 -4045000.000000 33899459.452113 7167.900000 0.500000 5.000000 1 0 0 39.504662 
 -4050000.000000 33899459.452113 7167.900000 0.500000 5.000000 1 0 0 38.684552 
 -4055000.000000 33899459.452113 7167.900000 0.500000 5.000000 1 0 0 37.809509 
 -4060000.000000 33899459.452113 7167.900000 0.500000 5.000000 1 0 0 36.909957 
 -4065000.000000 33899459.452113 7167.900000 0.500000 5.000000 1 0 0 35.975351 
 -4070000.000000 33899459.452113 7167.900000 0.500000 5.000000 1 0 0 35.025394 
 -4075000.000000 33899459.452113 7167.900000 0.500000 5.000000 1 0 0 34.004193 
 -4080000.000000 33899459.452113 7167.900000 0.500000 5.000000 1 0 0 32.934793 
 -4085000.000000 33899459.452113 7167.900000 0.500000 5.000000 1 0 0 31.806459 
 -4090000.000000 33899459.452113 7167.900000 0.500000 5.000000 1 0 0 30.626053 
 -4095000.000000 33899459.452113 7167.900000 0.500000 5.000000 1 0 0 29.401484 
 -4100000.000000 33899459.452113 7167.900000 0.500000 5.000000 1 0 0 28.121807 
 -4105000.000000 33899459.452113 7167.900000 0.500000 5.000000 1 0 0 26.770762 
 -4110000.000000 33899459.452113 7167.900000 0.500000 5.000000 1 0 0 25.327733 
 -4115000.000000 33899459.452113 7167.900000 0.500000 5.000000 1 0 0 23.772297 
 -4120000.000000 33899459.452113 7167.900000 0.500000 5.000000 1 0 0 22.058723 
 -4125000.000000 33899459.452113 7167.900000 0.500000 5.000000 1 0 0 20.116308 
 -4130000.000000 33899459.452113 7167.900000 0.500000 5.000000 1 0 0 17.858072 
 -4135000.000000 33899459.452113 7167.900000 0.500000 5.000000 1 0 0 15.173476 
 -4140000.000000 33899459.452113 7167.900000 0.500000 5.000000 1 0 0 11.773575 
 -4145000.000000 33899459.452113 7167.900000 0.500000 5.000000 1 0 0 7.555769 
 -4150000.000000 33899459.452113 7167.900000 0.500000 5.000000 0 1 0 3.382570 
 -4145000.000000 33899459.452113 7167.900000 0.500000 5.000000 1 0 0 7.555769 
 -4150000.000000 33899459.452113 7167.900000 0.500000 5.000000 0 1 0 3.382570 
 -4147500.000000 33899459.452113 7167.900000 0.500000 5.000000 0 0 1 5.256361 
 -4145000.000000 33899459.452113 7167.900000 0.500000 5.000000 1 0 0 7.555769 
 -4147500.000000 33899459.452113 7167.900000 0.500000 5.000000 0 0 1 5.256361 
 -4145000.000000 33899459.452113 7167.900000 0.500000 5.000000 1 0 0 7.555769 
 -4146250.000000 33899459.452113 7167.900000 0.500000 5.000000 1 0 0 6.344521 
 -4147500.000000 33899459.452113 7167.900000 0.500000 5.000000 0 0 1 5.256361 
 -4146250.000000 33899459.452113 7167.900000 0.500000 5.000000 1 0 0 6.344521 
 -4146875.000000 33899459.452113 7167.900000 0.500000 5.000000 1 0 0 5.787338 
 -4147500.000000 33899459.452113 7167.900000 0.500000 5.000000 0 0 1 5.256361 
 -4146875.000000 33899459.452113 7167.900000 0.500000 5.000000 1 0 0 5.787338 
 -4147187.500000 33899459.452113 7167.900000 0.500000 5.000000 1 0 0 5.505153 
 -4147500.000000 33899459.452113 7167.900000 0.500000 5.000000 0 0 1 5.256361 
 -4147187.500000 33899459.452113 7167.900000 0.500000 5.000000 1 0 0 5.505153 
 -4147343.750000 33899459.452113 7167.900000 0.500000 5.000000 0 0 1 5.409256 
 -4147187.500000 33899459.452113 7167.900000 0.500000 5.000000 1 0 0 5.505153 
 -4147265.625000 33899459.452113 7167.900000 0.500000 5.000000 0 0 1 5.442672 
 -4147187.500000 33899459.452113 7167.900000 0.500000 5.000000 1 0 0 5.505153 
 -4000000.000000 33899459.452113 7167.900000 0.500000 10.000000 1 0 0 48.774085 
 -4005000.000000 33899459.452113 7167.900000 0.500000 10.000000 1 0 0 48.090075 
 -4010000.000000 33899459.452113 7167.900000 0.500000 10.000000 1 0 0 47.296570 
 -4015000.000000 33899459.452113 7167.900000 0.500000 10.000000 1 0 0 46.563430 
 -4020000.000000 33899459.452113 7167.900000 0.500000 10.000000 1 0 0 45.769014 
 -4025000.000000 33899459.452113 7167.900000 0.500000 10.000000 1 0 0 44.992371 
 -4030000.000000 33899459.452113 7167.900000 0.500000 10.000000 1 0 0 44.198181 
 -4035000.000000 33899459.452113 7167.900000 0.500000 10.000000 1 0 0 43.382579 
 -4040000.000000 33899459.452113 7167.900000 0.500000 10.000000 1 0 0 42.562084 
 -4045000.000000 33899459.452113 7167.900000 0.500000 10.000000 1 0 0 41.737707 
 -4050000.000000 33899459.452113 7167.900000 0.500000 10.000000 1 0 0 40.911036 
 -4055000.000000 33899459.452113 7167.900000 0.500000 10.000000 1 0 0 40.050217 
 -4060000.000000 33899459.452113 7167.900000 0.500000 10.000000 1 0 0 39.175774 
 -4065000.000000 33899459.452113 7167.900000 0.500000 10.000000 1 0 0 38.263997 
 -4070000.000000 33899459.452113 7167.900000 0.500000 10.000000 1 0 0 37.335494 
 -4075000.000000 33899459.452113 7167.900000 0.500000 10.000000 1 0 0 36.358527 
 -4080000.000000 33899459.452113 7167.900000 0.500000 10.000000 1 0 0 35.347763 
 -4085000.000000 33899459.452113 7167.900000 0.500000 10.000000 1 0 0 34.291193 
 -4090000.000000 33899459.452113 7167.900000 0.500000 10.000000 1 0 0 33.159296 
 -4095000.000000 33899459.452113 7167.900000 0.500000 10.000000 1 0 0 31.975739 
 -4100000.000000 33899459.452113 7167.900000 0.500000 10.000000 1 0 0 30.737360 
 -4105000.000000 33899459.452113 7167.900000 0.500000 10.000000 1 0 0 29.388668 
 -4110000.000000 33899459.452113 7167.900000 0.500000 10.000000 1 0 0 27.921744 
 -4115000.000000 33899459.452113 7167.900000 0.500000 10.000000 1 0 0 26.363121 
 -4120000.000000 33899459.452113 7167.900000 0.500000 10.000000 1 0 0 24.674018 
 -4125000.000000 33899459.452113 7167.900000 0.500000 10.000000 1 0 0 22.827413 
 -4130000.000000 33899459.452113 7167.900000 0.500000 10.000000 1 0 0 20.763857 
 -4135000.000000 33899459.452113 7167.900000 0.500000 10.000000 1 0 0 18.346636 
 -4140000.000000 33899459.452113 7167.900000 0.500000 10.000000 1 0 0 15.289719 
 -4145000.000000 33899459.452113 7167.900000 0.500000 10.000000 1 0 0 11.033701 
 -4150000.000000 33899459.452113 7167.900000 0.500000 10.000000 0 0 1 4.192728 
 -4145000.000000 33899459.452113 7167.900000 0.500000 10.000000 1 0 0 11.033701 
 -4147500.000000 33899459.452113 7167.900000 0.500000 10.000000 1 0 0 7.710158 
 -4150000.000000 33899459.452113 7167.900000 0.500000 10.000000 0 0 1 4.192728 
 -4147500.000000 33899459.452113 7167.900000 0.500000 10.000000 1 0 0 7.710158 
 -4148750.000000 33899459.452113 7167.900000 0.500000 10.000000 1 0 0 5.593931 
 -4150000.000000 33899459.452113 7167.900000 0.500000 10.000000 0 0 1 4.192728 
 -4148750.000000 33899459.452113 7167.900000 0.500000 10.000000 1 0 0 5.593931 
 -4149375.000000 33899459.452113 7167.900000 0.500000 10.000000 1 0 0 4.878304 
 -4150000.000000 33899459.452113 7167.900000 0.500000 10.000000 0 0 1 4.192728 
 -4149375.000000 33899459.452113 7167.900000 0.500000 10.000000 1 0 0 4.878304 
 -4149687.500000 33899459.452113 7167.900000 0.500000 10.000000 1 0 0 4.550699 
 -4150000.000000 33899459.452113 7167.900000 0.500000 10.000000 0 0 1 4.192728 
 -4149687.500000 33899459.452113 7167.900000 0.500000 10.000000 1 0 0 4.550699 
 -4149843.750000 33899459.452113 7167.900000 0.500000 10.000000 0 0 1 4.351202 
 -4149687.500000 33899459.452113 7167.900000 0.500000 10.000000 1 0 0 4.550699 
 -4149765.625000 33899459.452113 7167.900000 0.500000 10.000000 1 0 0 4.432050 
 -4149843.750000 33899459.452113 7167.900000 0.500000 10.000000 0 0 1 4.351202 
 -4149765.625000 33899459.452113 7167.900000 0.500000 10.000000 1 0 0 4.432050 
 -4000000.000000 33899459.452113 7167.900000 0.500000 15.000000 1 0 0 51.766311 
 -4005000.000000 33899459.452113 7167.900000 0.500000 15.000000 1 0 0 51.069735 
 -4010000.000000 33899459.452113 7167.900000 0.500000 15.000000 1 0 0 50.307269 
 -4015000.000000 33899459.452113 7167.900000 0.500000 15.000000 1 0 0 49.592730 
 -4020000.000000 33899459.452113 7167.900000 0.500000 15.000000 1 0 0 48.830991 
 -4025000.000000 33899459.452113 7167.900000 0.500000 15.000000 1 0 0 48.032512 
 -4030000.000000 33899459.452113 7167.900000 0.500000 15.000000 1 0 0 47.221592 
 -4035000.000000 33899459.452113 7167.900000 0.500000 15.000000 1 0 0 46.409766 
 -4040000.000000 33899459.452113 7167.900000 0.500000 15.000000 1 0 0 45.593490 
 -4045000.000000 33899459.452113 7167.900000 0.500000 15.000000 1 0 0 44.740363 
 -4050000.000000 33899459.452113 7167.900000 0.500000 15.000000 1 0 0 43.816458 
 -4055000.000000 33899459.452113 7167.900000 0.500000 15.000000 1 0 0 42.926675 
 -4060000.000000 33899459.452113 7167.900000 0.500000 15.000000 1 0 0 41.990115 
 -4065000.000000 33899459.452113 7167.900000 0.500000 15.000000 1 0 0 41.005217 
 -4070000.000000 33899459.452113 7167.900000 0.500000 15.000000 1 0 0 40.000918 
 -4075000.000000 33899459.452113 7167.900000 0.500000 15.000000 1 0 0 38.970994 
 -4080000.000000 33899459.452113 7167.900000 0.500000 15.000000 1 0 0 37.915776 
 -4085000.000000 33899459.452113 7167.900000 0.500000 15.000000 1 0 0 36.855739 
 -4090000.000000 33899459.452113 7167.900000 0.500000 15.000000 1 0 0 35.754231 
 -4095000.000000 33899459.452113 7167.900000 0.500000 15.000000 1 0 0 34.603046 
 -4100000.000000 33899459.452113 7167.900000 0.500000 15.000000 1 0 0 33.404610 
 -4105000.000000 33899459.452113 7167.900000 0.500000 15.000000 1 0 0 32.133896 
 -4110000.000000 33899459.452113 7167.900000 0.500000 15.000000 1 0 0 30.762658 
 -4115000.000000 33899459.452113 7167.900000 0.500000 15.000000 1 0 0 29.309690 
 -4120000.000000 33899459.452113 7167.900000 0.500000 15.000000 1 0 0 27.699178 
 -4125000.000000 33899459.452113 7167.900000 0.500000 15.000000 1 0 0 25.915265 
 -4130000.000000 33899459.452113 7167.900000 0.500000 15.000000 1 0 0 23.911367 
 -4135000.000000 33899459.452113 7167.900000 0.500000 15.000000 1 0 0 21.581348 
 -4140000.000000 33899459.452113 7167.900000 0.500000 15.000000 1 0 0 18.782679 
 -4145000.000000 33899459.452113 7167.900000 0.500000 15.000000 1 0 0 15.202307 
 -4150000.000000 33899459.452113 7167.900000 0.500000 15.000000 1 0 0 8.989387 
 -4155000.000000 33899459.452113 7167.900000 0.500000 15.000000 0 1 0 1.632141 
 -4150000.000000 33899459.452113 7167.900000 0.500000 15.000000 1 0 0 8.989387 
 -4155000.000000 33899459.452113 7167.900000 0.500000 15.000000 0 1 0 1.632141 
 -4152500.000000 33899459.452113 7167.900000 0.500000 15.000000 0 1 0 2.779516 
 -4150000.000000 33899459.452113 7167.900000 0.500000 15.000000 1 0 0 8.989387 
 -4152500.000000 33899459.452113 7167.900000 0.500000 15.000000 0 1 0 2.779516 
 -4151250.000000 33899459.452113 7167.900000 0.500000 15.000000 1 0 0 5.235824 
 -4152500.000000 33899459.452113 7167.900000 0.500000 15.000000 0 1 0 2.779516 
 -4151875.000000 33899459.452113 7167.900000 0.500000 15.000000 0 1 0 3.280191 
 -4151250.000000 33899459.452113 7167.900000 0.500000 15.000000 1 0 0 5.235824 
 -4151875.000000 33899459.452113 7167.900000 0.500000 15.000000 0 1 0 3.280191 
 -4151562.500000 33899459.452113 7167.900000 0.500000 15.000000 0 0 1 3.617157 
 -4151250.000000 33899459.452113 7167.900000 0.500000 15.000000 1 0 0 5.235824 
 -4151562.500000 33899459.452113 7167.900000 0.500000 15.000000 0 0 1 3.617157 
 -4151250.000000 33899459.452113 7167.900000 0.500000 15.000000 1 0 0 5.235824 
 -4151406.250000 33899459.452113 7167.900000 0.500000 15.000000 1 0 0 4.284973 
 -4151562.500000 33899459.452113 7167.900000 0.500000 15.000000 0 0 1 3.617157 
 -4151406.250000 33899459.452113 7167.900000 0.500000 15.000000 1 0 0 4.284973 
 -4151484.375000 33899459.452113 7167.900000 0.500000 15.000000 1 0 0 3.704082 
 -4151562.500000 33899459.452113 7167.900000 0.500000 15.000000 0 0 1 3.617157 
 -4151484.375000 33899459.452113 7167.900000 0.500000 15.000000 1 0 0 3.704082 
 -4000000.000000 33899459.452113 7167.900000 0.500000 20.000000 1 0 0 55.028492 
 -4005000.000000 33899459.452113 7167.900000 0.500000 20.000000 1 0 0 54.350072 
 -4010000.000000 33899459.452113 7167.900000 0.500000 20.000000 1 0 0 53.611103 
 -4015000.000000 33899459.452113 7167.900000 0.500000 20.000000 1 0 0 52.874366 
 -4020000.000000 33899459.452113 7167.900000 0.500000 20.000000 1 0 0 52.081832 
 -4025000.000000 33899459.452113 7167.900000 0.500000 20.000000 1 0 0 51.343779 
 -4030000.000000 33899459.452113 7167.900000 0.500000 20.000000 1 0 0 50.564182 
 -4035000.000000 33899459.452113 7167.900000 0.500000 20.000000 1 0 0 49.755282 
 -4040000.000000 33899459.452113 7167.900000 0.500000 20.000000 1 0 0 48.923459 
 -4045000.000000 33899459.452113 7167.900000 0.500000 20.000000 1 0 0 48.049702 
 -4050000.000000 33899459.452113 7167.900000 0.500000 20.000000 1 0 0 47.209845 
 -4055000.000000 33899459.452113 7167.900000 0.500000 20.000000 1 0 0 46.289935 
 -4060000.000000 33899459.452113 7167.900000 0.500000 20.000000 1 0 0 45.396945 
 -4065000.000000 33899459.452113 7167.900000 0.500000 20.000000 1 0 0 44.446525 
 -4070000.000000 33899459.452113 7167.900000 0.500000 20.000000 1 0 0 43.453560 
 -4075000.000000 33899459.452113 7167.900000 0.500000 20.000000 1 0 0 42.459447 
 -4080000.000000 33899459.452113 7167.900000 0.500000 20.000000 1 0 0 41.394925 
 -4085000.000000 33899459.452113 7167.900000 0.500000 20.000000 1 0 0 40.307899 
 -4090000.000000 33899459.452113 7167.900000 0.500000 20.000000 1 0 0 39.162000 
 -4095000.000000 33899459.452113 7167.900000 0.500000 20.000000 1 0 0 37.961175 
 -4100000.000000 33899459.452113 7167.900000 0.500000 20.000000 1 0 0 36.698910 
 -4105000.000000 33899459.452113 7167.900000 0.500000 20.000000 1 0 0 35.370759 
 -4110000.000000 33899459.452113 7167.900000 0.500000 20.000000 1 0 0 33.933429 
 -4115000.000000 33899459.452113 7167.900000 0.500000 20.000000 1 0 0 32.434963 
 -4120000.000000 33899459.452113 7167.900000 0.500000 20.000000 1 0 0 30.799419 
 -4125000.000000 33899459.452113 7167.900000 0.500000 20.000000 1 0 0 29.058108 
 -4130000.000000 33899459.452113 7167.900000 0.500000 20.000000 1 0 0 27.167745 
 -4135000.000000 33899459.452113 7167.900000 0.500000 20.000000 1 0 0 25.022220 
 -4140000.000000 33899459.452113 7167.900000 0.500000 20.000000 1 0 0 22.459468 
 -4145000.000000 33899459.452113 7167.900000 0.500000 20.000000 1 0 0 19.224639 
 -4150000.000000 33899459.452113 7167.900000 0.500000 20.000000 1 0 0 14.111087 
 -4155000.000000 33899459.452113 7167.900000 0.500000 20.000000 0 1 0 1.689459 
 -4150000.000000 33899459.452113 7167.900000 0.500000 20.000000 1 0 0 14.111087 
 -4155000.000000 33899459.452113 7167.900000 0.500000 20.000000 0 1 0 1.689459 
 -4152500.000000 33899459.452113 7167.900000 0.500000 20.000000 1 0 0 7.209833 
 -4155000.000000 33899459.452113 7167.900000 0.500000 20.000000 0 1 0 1.689459 
 -4153750.000000 33899459.452113 7167.900000 0.500000 20.000000 0 1 0 2.292322 
 -4152500.000000 33899459.452113 7167.900000 0.500000 20.000000 1 0 0 7.209833 
 -4153750.000000 33899459.452113 7167.900000 0.500000 20.000000 0 1 0 2.292322 
 -4153125.000000 33899459.452113 7167.900000 0.500000 20.000000 0 1 0 2.743402 
 -4152500.000000 33899459.452113 7167.900000 0.500000 20.000000 1 0 0 7.209833 
 -4153125.000000 33899459.452113 7167.900000 0.500000 20.000000 0 1 0 2.743402 
 -4152812.500000 33899459.452113 7167.900000 0.500000 20.000000 0 1 0 3.026460 
 -4152500.000000 33899459.452113 7167.900000 0.500000 20.000000 1 0 0 7.209833 
 -4152812.500000 33899459.452113 7167.900000 0.500000 20.000000 0 1 0 3.026460 
 -4152656.250000 33899459.452113 7167.900000 0.500000 20.000000 1 0 0 4.848367 
 -4152812.500000 33899459.452113 7167.900000 0.500000 20.000000 0 1 0 3.026460 
 -4152734.375000 33899459.452113 7167.900000 0.500000 20.000000 0 1 0 3.108941 
 -4152656.250000 33899459.452113 7167.900000 0.500000 20.000000 1 0 0 4.848367 
 -4152734.375000 33899459.452113 7167.900000 0.500000 20.000000 0 1 0 3.108941 
