 -4100000.000000 33899459.452113 7167.900000 0.500000 -25.000000 0 0 1 17.401293 
 -4105000.000000 33899459.452113 7167.900000 0.500000 -25.000000 0 0 1 15.988889 
 -4110000.000000 33899459.452113 7167.900000 0.500000 -25.000000 0 0 1 14.474347 
 -4115000.000000 33899459.452113 7167.900000 0.500000 -25.000000 0 0 1 12.889685 
 -4120000.000000 33899459.452113 7167.900000 0.500000 -25.000000 0 1 0 11.321730 
 -4115000.000000 33899459.452113 7167.900000 0.500000 -25.000000 0 0 1 12.889685 
 -4117500.000000 33899459.452113 7167.900000 0.500000 -25.000000 0 1 0 12.093183 
 -4115000.000000 33899459.452113 7167.900000 0.500000 -25.000000 0 0 1 12.889685 
 -4116250.000000 33899459.452113 7167.900000 0.500000 -25.000000 0 0 1 12.489916 
 -4117500.000000 33899459.452113 7167.900000 0.500000 -25.000000 0 1 0 12.093183 
 -4116250.000000 33899459.452113 7167.900000 0.500000 -25.000000 0 0 1 12.489916 
 -4116875.000000 33899459.452113 7167.900000 0.500000 -25.000000 0 1 0 12.290904 
 -4116250.000000 33899459.452113 7167.900000 0.500000 -25.000000 0 0 1 12.489916 
 -4116562.500000 33899459.452113 7167.900000 0.500000 -25.000000 0 0 1 12.386738 
 -4116875.000000 33899459.452113 7167.900000 0.500000 -25.000000 0 1 0 12.290904 
 -4116562.500000 33899459.452113 7167.900000 0.500000 -25.000000 0 0 1 12.386738 
 -4116718.750000 33899459.452113 7167.900000 0.500000 -25.000000 0 1 0 12.338720 
 -4116562.500000 33899459.452113 7167.900000 0.500000 -25.000000 0 0 1 12.386738 
 -4116640.625000 33899459.452113 7167.900000 0.500000 -25.000000 0 0 1 12.373952 
 -4116718.750000 33899459.452113 7167.900000 0.500000 -25.000000 0 1 0 12.338720 
 -4116640.625000 33899459.452113 7167.900000 0.500000 -25.000000 0 0 1 12.373952 
 -4100000.000000 33899459.452113 7167.900000 0.500000 -20.000000 0 0 1 18.701646 
 -4105000.000000 33899459.452113 7167.900000 0.500000 -20.000000 0 0 1 17.259904 
 -4110000.000000 33899459.452113 7167.900000 0.500000 -20.000000 0 0 1 15.714890 
 -4115000.000000 33899459.452113 7167.900000 0.500000 -20.000000 0 0 1 14.063343 
 -4120000.000000 33899459.452113 7167.900000 0.500000 -20.000000 0 0 1 12.358336 
 -4125000.000000 33899459.452113 7167.900000 0.500000 -20.000000 0 0 1 10.684868 
 -4130000.000000 33899459.452113 7167.900000 0.500000 -20.000000 0 1 0 8.956218 
 -4125000.000000 33899459.452113 7167.900000 0.500000 -20.000000 0 0 1 10.684868 
 -4127500.000000 33899459.452113 7167.900000 0.500000 -20.000000 0 1 0 9.843815 
 -4125000.000000 33899459.452113 7167.900000 0.500000 -20.000000 0 0 1 10.684868 
 -4126250.000000 33899459.452113 7167.900000 0.500000 -20.000000 0 1 0 10.273050 
 -4125000.000000 33899459.452113 7167.900000 0.500000 -20.000000 0 0 1 10.684868 
 -4125625.000000 33899459.452113 7167.900000 0.500000 -20.000000 0 1 0 10.484671 
 -4125000.000000 33899459.452113 7167.900000 0.500000 -20.000000 0 0 1 10.684868 
 -4125312.500000 33899459.452113 7167.900000 0.500000 -20.000000 0 1 0 10.586434 
 -4125000.000000 33899459.452113 7167.900000 0.500000 -20.000000 0 0 1 10.684868 
 -4125156.250000 33899459.452113 7167.900000 0.500000 -20.000000 0 1 0 10.635500 
 -4125000.000000 33899459.452113 7167.900000 0.500000 -20.000000 0 0 1 10.684868 
 -4125078.125000 33899459.452113 7167.900000 0.500000 -20.000000 0 0 1 10.670978 
 -4125156.250000 33899459.452113 7167.900000 0.500000 -20.000000 0 1 0 10.635500 
 -4125078.125000 33899459.452113 7167.900000 0.500000 -20.000000 0 0 1 10.670978 
 -4100000.000000 33899459.452113 7167.900000 0.500000 -15.000000 1 0 0 20.198158 
 -4105000.000000 33899459.452113 7167.900000 0.500000 -15.000000 1 0 0 18.737682 
 -4110000.000000 33899459.452113 7167.900000 0.500000 -15.000000 1 0 0 17.170012 
 -4115000.000000 33899459.452113 7167.900000 0.500000 -15.000000 1 0 0 15.488797 
 -4120000.000000 33899459.452113 7167.900000 0.500000 -15.000000 0 0 1 13.653621 
 -4125000.000000 33899459.452113 7167.900000 0.500000 -15.000000 0 0 1 11.797191 
 -4130000.000000 33899459.452113 7167.900000 0.500000 -15.000000 0 0 1 9.957028 
 -4135000.000000 33899459.452113 7167.900000 0.500000 -15.000000 0 1 0 7.890720 
 -4130000.000000 33899459.452113 7167.900000 0.500000 -15.000000 0 0 1 9.957028 
 -4132500.000000 33899459.452113 7167.900000 0.500000 -15.000000 0 1 0 8.972954 
 -4130000.000000 33899459.452113 7167.900000 0.500000 -15.000000 0 0 1 9.957028 
 -4131250.000000 33899459.452113 7167.900000 0.500000 -15.000000 0 0 1 9.483632 
 -4132500.000000 33899459.452113 7167.900000 0.500000 -15.000000 0 1 0 8.972954 
 -4131250.000000 33899459.452113 7167.900000 0.500000 -15.000000 0 0 1 9.483632 
 -4131875.000000 33899459.452113 7167.900000 0.500000 -15.000000 0 0 1 9.231567 
 -4132500.000000 33899459.452113 7167.900000 0.500000 -15.000000 0 1 0 8.972954 
 -4131875.000000 33899459.452113 7167.900000 0.500000 -15.000000 0 0 1 9.231567 
 -4132187.500000 33899459.452113 7167.900000 0.500000 -15.000000 0 1 0 9.109730 
 -4131875.000000 33899459.452113 7167.900000 0.500000 -15.000000 0 0 1 9.231567 
 -4132031.250000 33899459.452113 7167.900000 0.500000 -15.000000 0 1 0 9.171632 
 -4131875.000000 33899459.452113 7167.900000 0.500000 -15.000000 0 0 1 9.231567 
 -4131953.125000 33899459.452113 7167.900000 0.500000 -15.000000 0 0 1 9.201838 
 -4132031.250000 33899459.452113 7167.900000 0.500000 -15.000000 0 1 0 9.171632 
 -4131953.125000 33899459.452113 7167.900000 0.500000 -15.000000 0 0 1 9.201838 
 -4100000.000000 33899459.452113 7167.900000 0.500000 -10.000000 1 0 0 21.918100 
 -4105000.000000 33899459.452113 7167.900000 0.500000 -10.000000 1 0 0 20.448135 
 -4110000.000000 33899459.452113 7167.900000 0.500000 -10.000000 1 0 0 18.863841 
 -4115000.000000 33899459.452113 7167.900000 0.500000 -10.000000 1 0 0 17.169166 
 -4120000.000000 33899459.452113 7167.900000 0.500000 -10.000000 1 0 0 15.305411 
 -4125000.000000 33899459.452113 7167.900000 0.500000 -10.000000 1 0 0 13.241432 
 -4130000.000000 33899459.452113 7167.900000 0.500000 -10.000000 0 0 1 11.167923 
 -4135000.000000 33899459.452113 7167.900000 0.500000 -10.000000 0 0 1 9.027456 
 -4140000.000000 33899459.452113 7167.900000 0.500000 -10.000000 0 1 0 6.575123 
 -4135000.000000 33899459.452113 7167.900000 0.500000 -10.000000 0 0 1 9.027456 
 -4137500.000000 33899459.452113 7167.900000 0.500000 -10.000000 0 0 1 7.801806 
 -4140000.000000 33899459.452113 7167.900000 0.500000 -10.000000 0 1 0 6.575123 
 -4137500.000000 33899459.452113 7167.900000 0.500000 -10.000000 0 0 1 7.801806 
 -4138750.000000 33899459.452113 7167.900000 0.500000 -10.000000 0 1 0 7.183315 
 -4137500.000000 33899459.452113 7167.900000 0.500000 -10.000000 0 0 1 7.801806 
 -4138125.000000 33899459.452113 7167.900000 0.500000 -10.000000 0 1 0 7.491597 
 -4137500.000000 33899459.452113 7167.900000 0.500000 -10.000000 0 0 1 7.801806 
 -4137812.500000 33899459.452113 7167.900000 0.500000 -10.000000 0 1 0 7.637904 
 -4137500.000000 33899459.452113 7167.900000 0.500000 -10.000000 0 0 1 7.801806 
 -4137656.250000 33899459.452113 7167.900000 0.500000 -10.000000 0 1 0 7.711689 
 -4137500.000000 33899459.452113 7167.900000 0.500000 -10.000000 0 0 1 7.801806 
 -4137578.125000 33899459.452113 7167.900000 0.500000 -10.000000 0 1 0 7.765332 
 -4137500.000000 33899459.452113 7167.900000 0.500000 -10.000000 0 0 1 7.801806 
 -4100000.000000 33899459.452113 7167.900000 0.500000 -5.000000 1 0 0 23.859479 
 -4105000.000000 33899459.452113 7167.900000 0.500000 -5.000000 1 0 0 22.414981 
 -4110000.000000 33899459.452113 7167.900000 0.500000 -5.000000 1 0 0 20.828721 
 -4115000.000000 33899459.452113 7167.900000 0.500000 -5.000000 1 0 0 19.129338 
 -4120000.000000 33899459.452113 7167.900000 0.500000 -5.000000 1 0 0 17.259120 
 -4125000.000000 33899459.452113 7167.900000 0.500000 -5.000000 1 0 0 15.176681 
 -4130000.000000 33899459.452113 7167.900000 0.500000 -5.000000 1 0 0 12.818657 
 -4135000.000000 33899459.452113 7167.900000 0.500000 -5.000000 1 0 0 10.385046 
 -4140000.000000 33899459.452113 7167.900000 0.500000 -5.000000 0 0 1 7.695951 
 -4145000.000000 33899459.452113 7167.900000 0.500000 -5.000000 0 1 0 4.910931 
 -4140000.000000 33899459.452113 7167.900000 0.500000 -5.000000 0 0 1 7.695951 
 -4142500.000000 33899459.452113 7167.900000 0.500000 -5.000000 0 1 0 6.282965 
 -4140000.000000 33899459.452113 7167.900000 0.500000 -5.000000 0 0 1 7.695951 
 -4141250.000000 33899459.452113 7167.900000 0.500000 -5.000000 0 0 1 6.990805 
 -4142500.000000 33899459.452113 7167.900000 0.500000 -5.000000 0 1 0 6.282965 
 -4141250.000000 33899459.452113 7167.900000 0.500000 -5.000000 0 0 1 6.990805 
 -4141875.000000 33899459.452113 7167.900000 0.500000 -5.000000 0 0 1 6.654275 
 -4142500.000000 33899459.452113 7167.900000 0.500000 -5.000000 0 1 0 6.282965 
 -4141875.000000 33899459.452113 7167.900000 0.500000 -5.000000 0 0 1 6.654275 
 -4142187.500000 33899459.452113 7167.900000 0.500000 -5.000000 0 1 0 6.468338 
 -4141875.000000 33899459.452113 7167.900000 0.500000 -5.000000 0 0 1 6.654275 
 -4142031.250000 33899459.452113 7167.900000 0.500000 -5.000000 0 1 0 6.551279 
 -4141875.000000 33899459.452113 7167.900000 0.500000 -5.000000 0 0 1 6.654275 
 -4141953.125000 33899459.452113 7167.900000 0.500000 -5.000000 0 1 0 6.592813 
 -4141875.000000 33899459.452113 7167.900000 0.500000 -5.000000 0 0 1 6.654275 
 -4100000.000000 33899459.452113 7167.900000 0.500000 0.000000 1 0 0 25.899469 
 -4105000.000000 33899459.452113 7167.900000 0.500000 0.000000 1 0 0 24.533418 
 -4110000.000000 33899459.452113 7167.900000 0.500000 0.000000 1 0 0 23.036320 
 -4115000.000000 33899459.452113 7167.900000 0.500000 0.000000 1 0 0 21.389953 
 -4120000.000000 33899459.452113 7167.900000 0.500000 0.000000 1 0 0 19.541332 
 -4125000.000000 33899459.452113 7167.900000 0.500000 0.000000 1 0 0 17.472609 
 -4130000.000000 33899459.452113 7167.900000 0.500000 0.000000 1 0 0 15.128578 
 -4135000.000000 33899459.452113 7167.900000 0.500000 0.000000 1 0 0 12.355895 
 -4140000.000000 33899459.452113 7167.900000 0.500000 0.000000 1 0 0 9.286601 
 -4145000.000000 33899459.452113 7167.900000 0.500000 0.000000 0 0 1 5.901230 
 -4150000.000000 33899459.452113 7167.900000 0.500000 0.000000 0 1 0 2.895007 
 -4145000.000000 33899459.452113 7167.900000 0.500000 0.000000 0 0 1 5.901230 
 -4147500.000000 33899459.452113 7167.900000 0.500000 0.000000 0 1 0 4.220901 
 -4145000.000000 33899459.452113 7167.900000 0.500000 0.000000 0 0 1 5.901230 
 -4146250.000000 33899459.452113 7167.900000 0.500000 0.000000 0 1 0 5.062338 
 -4145000.000000 33899459.452113 7167.900000 0.500000 0.000000 0 0 1 5.901230 
 -4145625.000000 33899459.452113 7167.900000 0.500000 0.000000 0 1 0 5.482587 
 -4145000.000000 33899459.452113 7167.900000 0.500000 0.000000 0 0 1 5.901230 
 -4145312.500000 33899459.452113 7167.900000 0.500000 0.000000 0 0 1 5.680493 
 -4145625.000000 33899459.452113 7167.900000 0.500000 0.000000 0 1 0 5.482587 
 -4145312.500000 33899459.452113 7167.900000 0.500000 0.000000 0 0 1 5.680493 
 -4145468.750000 33899459.452113 7167.900000 0.500000 0.000000 0 1 0 5.581561 
 -4145312.500000 33899459.452113 7167.900000 0.500000 0.000000 0 0 1 5.680493 
 -4145390.625000 33899459.452113 7167.900000 0.500000 0.000000 0 1 0 5.608099 
 -4145312.500000 33899459.452113 7167.900000 0.500000 0.000000 0 0 1 5.680493 
 -4100000.000000 33899459.452113 7167.900000 0.500000 5.000000 1 0 0 28.121807 
 -4105000.000000 33899459.452113 7167.900000 0.500000 5.000000 1 0 0 26.770762 
 -4110000.000000 33899459.452113 7167.900000 0.500000 5.000000 1 0 0 25.327733 
 -4115000.000000 33899459.452113 7167.900000 0.500000 5.000000 1 0 0 23.772297 
 -4120000.000000 33899459.452113 7167.900000 0.500000 5.000000 1 0 0 22.058723 
 -4125000.000000 33899459.452113 7167.900000 0.500000 5.000000 1 0 0 20.116308 
 -4130000.000000 33899459.452113 7167.900000 0.500000 5.000000 1 0 0 17.858072 
 -4135000.000000 33899459.452113 7167.900000 0.500000 5.000000 1 0 0 15.173476 
 -4140000.000000 33899459.452113 7167.900000 0.500000 5.000000 1 0 0 11.773575 
 -4145000.000000 33899459.452113 7167.900000 0.500000 5.000000 1 0 0 7.555769 
 -4150000.000000 33899459.452113 7167.900000 0.500000 5.000000 0 1 0 3.382570 
 -4145000.000000 33899459.452113 7167.900000 0.500000 5.000000 1 0 0 7.555769 
 -4147500.000000 33899459.452113 7167.900000 0.500000 5.000000 0 0 1 5.256361 
 -4150000.000000 33899459.452113 7167.900000 0.500000 5.000000 0 1 0 3.382570 
 -4147500.000000 33899459.452113 7167.900000 0.500000 5.000000 0 0 1 5.256361 
 -4148750.000000 33899459.452113 7167.900000 0.500000 5.000000 0 1 0 4.216848 
 -4147500.000000 33899459.452113 7167.900000 0.500000 5.000000 0 0 1 5.256361 
 -4148125.000000 33899459.452113 7167.900000 0.500000 5.000000 0 1 0 4.761751 
 -4147500.000000 33899459.452113 7167.900000 0.500000 5.000000 0 0 1 5.256361 
 -4147812.500000 33899459.452113 7167.900000 0.500000 5.000000 0 0 1 5.009347 
 -4148125.000000 33899459.452113 7167.900000 0.500000 5.000000 0 1 0 4.761751 
 -4147812.500000 33899459.452113 7167.900000 0.500000 5.000000 0 0 1 5.009347 
 -4147968.750000 33899459.452113 7167.900000 0.500000 5.000000 0 0 1 4.885783 
 -4148125.000000 33899459.452113 7167.900000 0.500000 5.000000 0 1 0 4.761751 
 -4147968.750000 33899459.452113 7167.900000 0.500000 5.000000 0 0 1 4.885783 
 -4148046.875000 33899459.452113 7167.900000 0.500000 5.000000 0 0 1 4.823847 
 -4148125.000000 33899459.452113 7167.900000 0.500000 5.000000 0 1 0 4.761751 
 -4148046.875000 33899459.452113 7167.900000 0.500000 5.000000 0 0 1 4.823847 
 -4100000.000000 33899459.452113 7167.900000 0.500000 10.000000 1 0 0 30.737360 
 -4105000.000000 33899459.452113 7167.900000 0.500000 10.000000 1 0 0 29.388668 
 -4110000.000000 33899459.452113 7167.900000 0.500000 10.000000 1 0 0 27.921744 
 -4115000.000000 33899459.452113 7167.900000 0.500000 10.000000 1 0 0 26.363121 
 -4120000.000000 33899459.452113 7167.900000 0.500000 10.000000 1 0 0 24.674018 
 -4125000.000000 33899459.452113 7167.900000 0.500000 10.000000 1 0 0 22.827413 
 -4130000.000000 33899459.452113 7167.900000 0.500000 10.000000 1 0 0 20.763857 
 -4135000.000000 33899459.452113 7167.900000 0.500000 10.000000 1 0 0 18.346636 
 -4140000.000000 33899459.452113 7167.900000 0.500000 10.000000 1 0 0 15.289719 
 -4145000.000000 33899459.452113 7167.900000 0.500000 10.000000 1 0 0 11.033701 
 -4150000.000000 33899459.452113 7167.900000 0.500000 10.000000 0 0 1 4.192728 
 -4155000.000000 33899459.452113 7167.900000 0.500000 10.000000 0 1 0 1.560748 
 -4150000.000000 33899459.452113 7167.900000 0.500000 10.000000 0 0 1 4.192728 
 -4152500.000000 33899459.452113 7167.900000 0.500000 10.000000 0 1 0 2.398640 
 -4150000.000000 33899459.452113 7167.900000 0.500000 10.000000 0 0 1 4.192728 
 -4151250.000000 33899459.452113 7167.900000 0.500000 10.000000 0 1 0 3.153029 
 -4150000.000000 33899459.452113 7167.900000 0.500000 10.000000 0 0 1 4.192728 
 -4150625.000000 33899459.452113 7167.900000 0.500000 10.000000 0 1 0 3.617097 
 -4150000.000000 33899459.452113 7167.900000 0.500000 10.000000 0 0 1 4.192728 
 -4150312.500000 33899459.452113 7167.900000 0.500000 10.000000 0 1 0 3.871990 
 -4150000.000000 33899459.452113 7167.900000 0.500000 10.000000 0 0 1 4.192728 
 -4150156.250000 33899459.452113 7167.900000 0.500000 10.000000 0 1 0 4.043836 
 -4150000.000000 33899459.452113 7167.900000 0.500000 10.000000 0 0 1 4.192728 
 -4150078.125000 33899459.452113 7167.900000 0.500000 10.000000 0 0 1 4.117172 
 -4150156.250000 33899459.452113 7167.900000 0.500000 10.000000 0 1 0 4.043836 
 -4150078.125000 33899459.452113 7167.900000 0.500000 10.000000 0 0 1 4.117172 
 -4100000.000000 33899459.452113 7167.900000 0.500000 15.000000 1 0 0 33.404610 
 -4105000.000000 33899459.452113 7167.900000 0.500000 15.000000 1 0 0 32.133896 
 -4110000.000000 33899459.452113 7167.900000 0.500000 15.000000 1 0 0 30.762658 
 -4115000.000000 33899459.452113 7167.900000 0.500000 15.000000 1 0 0 29.309690 
 -4120000.000000 33899459.452113 7167.900000 0.500000 15.000000 1 0 0 27.699178 
 -4125000.000000 33899459.452113 7167.900000 0.500000 15.000000 1 0 0 25.915265 
 -4130000.000000 33899459.452113 7167.900000 0.500000 15.000000 1 0 0 23.911367 
 -4135000.000000 33899459.452113 7167.900000 0.500000 15.000000 1 0 0 21.581348 
 -4140000.000000 33899459.452113 7167.900000 0.500000 15.000000 1 0 0 18.782679 
 -4145000.000000 33899459.452113 7167.900000 0.500000 15.000000 1 0 0 15.202307 
 -4150000.000000 33899459.452113 7167.900000 0.500000 15.000000 1 0 0 8.989387 
 -4155000.000000 33899459.452113 7167.900000 0.500000 15.000000 0 1 0 1.632141 
 -4150000.000000 33899459.452113 7167.900000 0.500000 15.000000 1 0 0 8.989387 
 -4152500.000000 33899459.452113 7167.900000 0.500000 15.000000 0 1 0 2.779516 
 -4150000.000000 33899459.452113 7167.900000 0.500000 15.000000 1 0 0 8.989387 
 -4151250.000000 33899459.452113 7167.900000 0.500000 15.000000 1 0 0 5.235824 
 -4152500.000000 33899459.452113 7167.900000 0.500000 15.000000 0 1 0 2.779516 
 -4151250.000000 33899459.452113 7167.900000 0.500000 15.000000 1 0 0 5.235824 
 -4151875.000000 33899459.452113 7167.900000 0.500000 15.000000 0 1 0 3.280191 
 -4151250.000000 33899459.452113 7167.900000 0.500000 15.000000 1 0 0 5.235824 
 -4151562.500000 33899459.452113 7167.900000 0.500000 15.000000 0 0 1 3.617157 
 -4151875.000000 33899459.452113 7167.900000 0.500000 15.000000 0 1 0 3.280191 
 -4151562.500000 33899459.452113 7167.900000 0.500000 15.000000 0 0 1 3.617157 
 -4151718.750000 33899459.452113 7167.900000 0.500000 15.000000 0 1 0 3.457179 
 -4151562.500000 33899459.452113 7167.900000 0.500000 15.000000 0 0 1 3.617157 
 -4151640.625000 33899459.452113 7167.900000 0.500000 15.000000 0 1 0 3.535071 
 -4151562.500000 33899459.452113 7167.900000 0.500000 15.000000 0 0 1 3.617157 
 -4100000.000000 33899459.452113 7167.900000 0.500000 20.000000 1 0 0 36.698910 
 -4105000.000000 33899459.452113 7167.900000 0.500000 20.000000 1 0 0 35.370759 
 -4110000.000000 33899459.452113 7167.900000 0.500000 20.000000 1 0 0 33.933429 
 -4115000.000000 33899459.452113 7167.900000 0.500000 20.000000 1 0 0 32.434963 
 -4120000.000000 33899459.452113 7167.900000 0.500000 20.000000 1 0 0 30.799419 
 -4125000.000000 33899459.452113 7167.900000 0.500000 20.000000 1 0 0 29.058108 
 -4130000.000000 33899459.452113 7167.900000 0.500000 20.000000 1 0 0 27.167745 
 -4135000.000000 33899459.452113 7167.900000 0.500000 20.000000 1 0 0 25.022220 
 -4140000.000000 33899459.452113 7167.900000 0.500000 20.000000 1 0 0 22.459468 
 -4145000.000000 33899459.452113 7167.900000 0.500000 20.000000 1 0 0 19.224639 
 -4150000.000000 33899459.452113 7167.900000 0.500000 20.000000 1 0 0 14.111087 
 -4155000.000000 33899459.452113 7167.900000 0.500000 20.000000 0 1 0 1.689459 
 -4150000.000000 33899459.452113 7167.900000 0.500000 20.000000 1 0 0 14.111087 
 -4152500.000000 33899459.452113 7167.900000 0.500000 20.000000 1 0 0 7.209833 
 -4155000.000000 33899459.452113 7167.900000 0.500000 20.000000 0 1 0 1.689459 
 -4152500.000000 33899459.452113 7167.900000 0.500000 20.000000 1 0 0 7.209833 
 -4153750.000000 33899459.452113 7167.900000 0.500000 20.000000 0 1 0 2.292322 
 -4152500.000000 33899459.452113 7167.900000 0.500000 20.000000 1 0 0 7.209833 
 -4153125.000000 33899459.452113 7167.900000 0.500000 20.000000 0 1 0 2.743402 
 -4152500.000000 33899459.452113 7167.900000 0.500000 20.000000 1 0 0 7.209833 
 -4152812.500000 33899459.452113 7167.900000 0.500000 20.000000 0 1 0 3.026460 
 -4152500.000000 33899459.452113 7167.900000 0.500000 20.000000 1 0 0 7.209833 
 -4152656.250000 33899459.452113 7167.900000 0.500000 20.000000 1 0 0 4.848367 
 -4152812.500000 33899459.452113 7167.900000 0.500000 20.000000 0 1 0 3.026460 
 -4152656.250000 33899459.452113 7167.900000 0.500000 20.000000 1 0 0 4.848367 
 -4152734.375000 33899459.452113 7167.900000 0.500000 20.000000 0 1 0 3.108941 
 -4152656.250000 33899459.452113 7167.900000 0.500000 20.000000 1 0 0 4.848367 
 -4100000.000000 33899459.452113 7167.900000 0.500000 25.000000 1 0 0 40.552279 
 -4105000.000000 33899459.452113 7167.900000 0.500000 25.000000 1 0 0 39.255874 
 -4110000.000000 33899459.452113 7167.900000 0.500000 25.000000 1 0 0 37.861069 
 -4115000.000000 33899459.452113 7167.900000 0.500000 25.000000 1 0 0 36.407695 
 -4120000.000000 33899459.452113 7167.900000 0.500000 25.000000 1 0 0 34.808055 
 -4125000.000000 33899459.452113 7167.900000 0.500000 25.000000 1 0 0 33.081957 
 -4130000.000000 33899459.452113 7167.900000 0.500000 25.000000 1 0 0 31.193352 
 -4135000.000000 33899459.452113 7167.900000 0.500000 25.000000 1 0 0 29.051088 
 -4140000.000000 33899459.452113 7167.900000 0.500000 25.000000 1 0 0 26.519506 
 -4145000.000000 33899459.452113 7167.900000 0.500000 25.000000 1 0 0 23.389215 
 -4150000.000000 33899459.452113 7167.900000 0.500000 25.000000 1 0 0 18.717599 
 -4155000.000000 33899459.452113 7167.900000 0.500000 25.000000 0 1 0 1.726484 
 -4150000.000000 33899459.452113 7167.900000 0.500000 25.000000 1 0 0 18.717599 
 -4152500.000000 33899459.452113 7167.900000 0.500000 25.000000 1 0 0 14.092357 
 -4155000.000000 33899459.452113 7167.900000 0.500000 25.000000 0 1 0 1.726484 
 -4152500.000000 33899459.452113 7167.900000 0.500000 25.000000 1 0 0 14.092357 
 -4153750.000000 33899459.452113 7167.900000 0.500000 25.000000 0 1 0 2.555741 
 -4152500.000000 33899459.452113 7167.900000 0.500000 25.000000 1 0 0 14.092357 
 -4153125.000000 33899459.452113 7167.900000 0.500000 25.000000 1 0 0 11.620230 
 -4153750.000000 33899459.452113 7167.900000 0.500000 25.000000 0 1 0 2.555741 
 -4153125.000000 33899459.452113 7167.900000 0.500000 25.000000 1 0 0 11.620230 
 -4153437.500000 33899459.452113 7167.900000 0.500000 25.000000 1 0 0 8.409883 
 -4153750.000000 33899459.452113 7167.900000 0.500000 25.000000 0 1 0 2.555741 
 -4153437.500000 33899459.452113 7167.900000 0.500000 25.000000 1 0 0 8.409883 
 -4153593.750000 33899459.452113 7167.900000 0.500000 25.000000 0 1 0 2.671884 
 -4153437.500000 33899459.452113 7167.900000 0.500000 25.000000 1 0 0 8.409883 
 -4153515.625000 33899459.452113 7167.900000 0.500000 25.000000 0 1 0 2.798061 
 -4153437.500000 33899459.452113 7167.900000 0.500000 25.000000 1 0 0 8.409883 
