 -4100000.000000 33899459.452113 7167.900000 0.500000 -25.000000 1 0 0 16.895950 
 -4105000.000000 33899459.452113 7167.900000 0.500000 -25.000000 1 0 0 15.606620 
 -4110000.000000 33899459.452113 7167.900000 0.500000 -25.000000 1 0 0 14.247864 
 -4115000.000000 33899459.452113 7167.900000 0.500000 -25.000000 0 0 1 12.838694 
 -4110000.000000 33899459.452113 7167.900000 0.500000 -25.000000 1 0 0 14.247864 
 -4112500.000000 33899459.452113 7167.900000 0.500000 -25.000000 1 0 0 13.553594 
 -4115000.000000 33899459.452113 7167.900000 0.500000 -25.000000 0 0 1 12.838694 
 -4112500.000000 33899459.452113 7167.900000 0.500000 -25.000000 1 0 0 13.553594 
 -4113750.000000 33899459.452113 7167.900000 0.500000 -25.000000 1 0 0 13.194221 
 -4115000.000000 33899459.452113 7167.900000 0.500000 -25.000000 0 0 1 12.838694 
 -4113750.000000 33899459.452113 7167.900000 0.500000 -25.000000 1 0 0 13.194221 
 -4114375.000000 33899459.452113 7167.900000 0.500000 -25.000000 1 0 0 13.012225 
 -4115000.000000 33899459.452113 7167.900000 0.500000 -25.000000 0 0 1 12.838694 
 -4114375.000000 33899459.452113 7167.900000 0.500000 -25.000000 1 0 0 13.012225 
 -4114687.500000 33899459.452113 7167.900000 0.500000 -25.000000 0 0 1 12.924522 
 -4114375.000000 33899459.452113 7167.900000 0.500000 -25.000000 1 0 0 13.012225 
 -4114531.250000 33899459.452113 7167.900000 0.500000 -25.000000 0 0 1 12.967911 
 -4114375.000000 33899459.452113 7167.900000 0.500000 -25.000000 1 0 0 13.012225 
 -4114453.125000 33899459.452113 7167.900000 0.500000 -25.000000 0 0 1 12.990222 
 -4114375.000000 33899459.452113 7167.900000 0.500000 -25.000000 1 0 0 13.012225 
 -4100000.000000 33899459.452113 7167.900000 0.500000 -20.000000 1 0 0 17.636201 
 -4105000.000000 33899459.452113 7167.900000 0.500000 -20.000000 1 0 0 16.349760 
 -4110000.000000 33899459.452113 7167.900000 0.500000 -20.000000 1 0 0 14.952034 
 -4115000.000000 33899459.452113 7167.900000 0.500000 -20.000000 1 0 0 13.506183 
 -4120000.000000 33899459.452113 7167.900000 0.500000 -20.000000 1 0 0 11.941239 
 -4125000.000000 33899459.452113 7167.900000 0.500000 -20.000000 0 0 1 10.141143 
 -4120000.000000 33899459.452113 7167.900000 0.500000 -20.000000 1 0 0 11.941239 
 -4122500.000000 33899459.452113 7167.900000 0.500000 -20.000000 0 0 1 11.085307 
 -4120000.000000 33899459.452113 7167.900000 0.500000 -20.000000 1 0 0 11.941239 
 -4121250.000000 33899459.452113 7167.900000 0.500000 -20.000000 0 0 1 11.527331 
 -4120000.000000 33899459.452113 7167.900000 0.500000 -20.000000 1 0 0 11.941239 
 -4120625.000000 33899459.452113 7167.900000 0.500000 -20.000000 0 0 1 11.730969 
 -4120000.000000 33899459.452113 7167.900000 0.500000 -20.000000 1 0 0 11.941239 
 -4120312.500000 33899459.452113 7167.900000 0.500000 -20.000000 1 0 0 11.841201 
 -4120625.000000 33899459.452113 7167.900000 0.500000 -20.000000 0 0 1 11.730969 
 -4120312.500000 33899459.452113 7167.900000 0.500000 -20.000000 1 0 0 11.841201 
 -4120468.750000 33899459.452113 7167.900000 0.500000 -20.000000 1 0 0 11.780860 
 -4120625.000000 33899459.452113 7167.900000 0.500000 -20.000000 0 0 1 11.730969 
 -4120468.750000 33899459.452113 7167.900000 0.500000 -20.000000 1 0 0 11.780860 
 -4120546.875000 33899459.452113 7167.900000 0.500000 -20.000000 0 0 1 11.756120 
 -4120468.750000 33899459.452113 7167.900000 0.500000 -20.000000 1 0 0 11.780860 
 -4100000.000000 33899459.452113 7167.900000 0.500000 -15.000000 1 0 0 18.447060 
 -4105000.000000 33899459.452113 7167.900000 0.500000 -15.000000 1 0 0 17.182322 
 -4110000.000000 33899459.452113 7167.900000 0.500000 -15.000000 1 0 0 15.760109 
 -4115000.000000 33899459.452113 7167.900000 0.500000 -15.000000 1 0 0 14.266580 
 -4120000.000000 33899459.452113 7167.900000 0.500000 -15.000000 1 0 0 12.665593 
 -4125000.000000 33899459.452113 7167.900000 0.500000 -15.000000 1 0 0 10.857556 
 -4130000.000000 33899459.452113 7167.900000 0.500000 -15.000000 0 0 1 8.771297 
 -4125000.000000 33899459.452113 7167.900000 0.500000 -15.000000 1 0 0 10.857556 
 -4127500.000000 33899459.452113 7167.900000 0.500000 -15.000000 0 0 1 9.841116 
 -4125000.000000 33899459.452113 7167.900000 0.500000 -15.000000 1 0 0 10.857556 
 -4126250.000000 33899459.452113 7167.900000 0.500000 -15.000000 0 0 1 10.362226 
 -4125000.000000 33899459.452113 7167.900000 0.500000 -15.000000 1 0 0 10.857556 
 -4125625.000000 33899459.452113 7167.900000 0.500000 -15.000000 1 0 0 10.619192 
 -4126250.000000 33899459.452113 7167.900000 0.500000 -15.000000 0 0 1 10.362226 
 -4125625.000000 33899459.452113 7167.900000 0.500000 -15.000000 1 0 0 10.619192 
 -4125937.500000 33899459.452113 7167.900000 0.500000 -15.000000 1 0 0 10.484601 
 -4126250.000000 33899459.452113 7167.900000 0.500000 -15.000000 0 0 1 10.362226 
 -4125937.500000 33899459.452113 7167.900000 0.500000 -15.000000 1 0 0 10.484601 
 -4126093.750000 33899459.452113 7167.900000 0.500000 -15.000000 0 0 1 10.424056 
 -4125937.500000 33899459.452113 7167.900000 0.500000 -15.000000 1 0 0 10.484601 
 -4126015.625000 33899459.452113 7167.900000 0.500000 -15.000000 1 0 0 10.454490 
 -4126093.750000 33899459.452113 7167.900000 0.500000 -15.000000 0 0 1 10.424056 
 -4126015.625000 33899459.452113 7167.900000 0.500000 -15.000000 1 0 0 10.454490 
 -4100000.000000 33899459.452113 7167.900000 0.500000 -10.000000 1 0 0 19.323196 
 -4105000.000000 33899459.452113 7167.900000 0.500000 -10.000000 1 0 0 18.069748 
 -4110000.000000 33899459.452113 7167.900000 0.500000 -10.000000 1 0 0 16.682746 
 -4115000.000000 33899459.452113 7167.900000 0.500000 -10.000000 1 0 0 15.131323 
 -4120000.000000 33899459.452113 7167.900000 0.500000 -10.000000 1 0 0 13.479021 
 -4125000.000000 33899459.452113 7167.900000 0.500000 -10.000000 1 0 0 11.661626 
 -4130000.000000 33899459.452113 7167.900000 0.500000 -10.000000 1 0 0 9.514072 
 -4135000.000000 33899459.452113 7167.900000 0.500000 -10.000000 0 0 1 7.065590 
 -4130000.000000 33899459.452113 7167.900000 0.500000 -10.000000 1 0 0 9.514072 
 -4132500.000000 33899459.452113 7167.900000 0.500000 -10.000000 0 0 1 8.325327 
 -4130000.000000 33899459.452113 7167.900000 0.500000 -10.000000 1 0 0 9.514072 
 -4131250.000000 33899459.452113 7167.900000 0.500000 -10.000000 0 0 1 8.936763 
 -4130000.000000 33899459.452113 7167.900000 0.500000 -10.000000 1 0 0 9.514072 
 -4130625.000000 33899459.452113 7167.900000 0.500000 -10.000000 1 0 0 9.235304 
 -4131250.000000 33899459.452113 7167.900000 0.500000 -10.000000 0 0 1 8.936763 
 -4130625.000000 33899459.452113 7167.900000 0.500000 -10.000000 1 0 0 9.235304 
 -4130937.500000 33899459.452113 7167.900000 0.500000 -10.000000 0 0 1 9.077966 
 -4130625.000000 33899459.452113 7167.900000 0.500000 -10.000000 1 0 0 9.235304 
 -4130781.250000 33899459.452113 7167.900000 0.500000 -10.000000 1 0 0 9.149207 
 -4130937.500000 33899459.452113 7167.900000 0.500000 -10.000000 0 0 1 9.077966 
 -4130781.250000 33899459.452113 7167.900000 0.500000 -10.000000 1 0 0 9.149207 
 -4130859.375000 33899459.452113 7167.900000 0.500000 -10.000000 0 0 1 9.113734 
 -4130781.250000 33899459.452113 7167.900000 0.500000 -10.000000 1 0 0 9.149207 
 -4100000.000000 33899459.452113 7167.900000 0.500000 -5.000000 1 0 0 20.285367 
 -4105000.000000 33899459.452113 7167.900000 0.500000 -5.000000 1 0 0 19.015952 
 -4110000.000000 33899459.452113 7167.900000 0.500000 -5.000000 1 0 0 17.651666 
 -4115000.000000 33899459.452113 7167.900000 0.500000 -5.000000 1 0 0 16.134244 
 -4120000.000000 33899459.452113 7167.900000 0.500000 -5.000000 1 0 0 14.404232 
 -4125000.000000 33899459.452113 7167.900000 0.500000 -5.000000 1 0 0 12.541625 
 -4130000.000000 33899459.452113 7167.900000 0.500000 -5.000000 1 0 0 10.388515 
 -4135000.000000 33899459.452113 7167.900000 0.500000 -5.000000 0 0 1 7.790883 
 -4130000.000000 33899459.452113 7167.900000 0.500000 -5.000000 1 0 0 10.388515 
 -4132500.000000 33899459.452113 7167.900000 0.500000 -5.000000 1 0 0 9.133927 
 -4135000.000000 33899459.452113 7167.900000 0.500000 -5.000000 0 0 1 7.790883 
 -4132500.000000 33899459.452113 7167.900000 0.500000 -5.000000 1 0 0 9.133927 
 -4133750.000000 33899459.452113 7167.900000 0.500000 -5.000000 1 0 0 8.482831 
 -4135000.000000 33899459.452113 7167.900000 0.500000 -5.000000 0 0 1 7.790883 
 -4133750.000000 33899459.452113 7167.900000 0.500000 -5.000000 1 0 0 8.482831 
 -4134375.000000 33899459.452113 7167.900000 0.500000 -5.000000 1 0 0 8.139677 
 -4135000.000000 33899459.452113 7167.900000 0.500000 -5.000000 0 0 1 7.790883 
 -4134375.000000 33899459.452113 7167.900000 0.500000 -5.000000 1 0 0 8.139677 
 -4134687.500000 33899459.452113 7167.900000 0.500000 -5.000000 1 0 0 7.956485 
 -4135000.000000 33899459.452113 7167.900000 0.500000 -5.000000 0 0 1 7.790883 
 -4134687.500000 33899459.452113 7167.900000 0.500000 -5.000000 1 0 0 7.956485 
 -4134843.750000 33899459.452113 7167.900000 0.500000 -5.000000 0 0 1 7.892554 
 -4134687.500000 33899459.452113 7167.900000 0.500000 -5.000000 1 0 0 7.956485 
 -4134765.625000 33899459.452113 7167.900000 0.500000 -5.000000 1 0 0 7.914945 
 -4134843.750000 33899459.452113 7167.900000 0.500000 -5.000000 0 0 1 7.892554 
 -4134765.625000 33899459.452113 7167.900000 0.500000 -5.000000 1 0 0 7.914945 
 -4100000.000000 33899459.452113 7167.900000 0.500000 0.000000 1 0 0 21.413107 
 -4105000.000000 33899459.452113 7167.900000 0.500000 0.000000 1 0 0 20.055880 
 -4110000.000000 33899459.452113 7167.900000 0.500000 0.000000 1 0 0 18.661775 
 -4115000.000000 33899459.452113 7167.900000 0.500000 0.000000 1 0 0 17.180760 
 -4120000.000000 33899459.452113 7167.900000 0.500000 0.000000 1 0 0 15.485812 
 -4125000.000000 33899459.452113 7167.900000 0.500000 0.000000 1 0 0 13.526369 
 -4130000.000000 33899459.452113 7167.900000 0.500000 0.000000 1 0 0 11.363587 
 -4135000.000000 33899459.452113 7167.900000 0.500000 0.000000 1 0 0 8.662685 
 -4140000.000000 33899459.452113 7167.900000 0.500000 0.000000 0 1 0 5.507458 
 -4135000.000000 33899459.452113 7167.900000 0.500000 0.000000 1 0 0 8.662685 
 -4140000.000000 33899459.452113 7167.900000 0.500000 0.000000 0 1 0 5.507458 
 -4137500.000000 33899459.452113 7167.900000 0.500000 0.000000 1 0 0 7.109409 
 -4140000.000000 33899459.452113 7167.900000 0.500000 0.000000 0 1 0 5.507458 
 -4138750.000000 33899459.452113 7167.900000 0.500000 0.000000 0 0 1 6.281226 
 -4137500.000000 33899459.452113 7167.900000 0.500000 0.000000 1 0 0 7.109409 
 -4138750.000000 33899459.452113 7167.900000 0.500000 0.000000 0 0 1 6.281226 
 -4137500.000000 33899459.452113 7167.900000 0.500000 0.000000 1 0 0 7.109409 
 -4138125.000000 33899459.452113 7167.900000 0.500000 0.000000 0 0 1 6.697611 
 -4137500.000000 33899459.452113 7167.900000 0.500000 0.000000 1 0 0 7.109409 
 -4137812.500000 33899459.452113 7167.900000 0.500000 0.000000 1 0 0 6.893221 
 -4138125.000000 33899459.452113 7167.900000 0.500000 0.000000 0 0 1 6.697611 
 -4137812.500000 33899459.452113 7167.900000 0.500000 0.000000 1 0 0 6.893221 
 -4137968.750000 33899459.452113 7167.900000 0.500000 0.000000 0 0 1 6.795628 
 -4137812.500000 33899459.452113 7167.900000 0.500000 0.000000 1 0 0 6.893221 
 -4137890.625000 33899459.452113 7167.900000 0.500000 0.000000 1 0 0 6.844525 
 -4137968.750000 33899459.452113 7167.900000 0.500000 0.000000 0 0 1 6.795628 
 -4137890.625000 33899459.452113 7167.900000 0.500000 0.000000 1 0 0 6.844525 
 -4100000.000000 33899459.452113 7167.900000 0.500000 5.000000 1 0 0 22.754332 
 -4105000.000000 33899459.452113 7167.900000 0.500000 5.000000 1 0 0 21.344805 
 -4110000.000000 33899459.452113 7167.900000 0.500000 5.000000 1 0 0 19.810565 
 -4115000.000000 33899459.452113 7167.900000 0.500000 5.000000 1 0 0 18.258288 
 -4120000.000000 33899459.452113 7167.900000 0.500000 5.000000 1 0 0 16.602656 
 -4125000.000000 33899459.452113 7167.900000 0.500000 5.000000 1 0 0 14.692376 
 -4130000.000000 33899459.452113 7167.900000 0.500000 5.000000 1 0 0 12.419335 
 -4135000.000000 33899459.452113 7167.900000 0.500000 5.000000 1 0 0 9.723785 
 -4140000.000000 33899459.452113 7167.900000 0.500000 5.000000 1 0 0 6.160334 
 -4145000.000000 33899459.452113 7167.900000 0.500000 5.000000 0 1 0 3.146800 
 -4140000.000000 33899459.452113 7167.900000 0.500000 5.000000 1 0 0 6.160334 
 -4145000.000000 33899459.452113 7167.900000 0.500000 5.000000 0 1 0 3.146800 
 -4142500.000000 33899459.452113 7167.900000 0.500000 5.000000 0 1 0 4.535196 
 -4140000.000000 33899459.452113 7167.900000 0.500000 5.000000 1 0 0 6.160334 
 -4142500.000000 33899459.452113 7167.900000 0.500000 5.000000 0 1 0 4.535196 
 -4141250.000000 33899459.452113 7167.900000 0.500000 5.000000 0 0 1 5.303166 
 -4140000.000000 33899459.452113 7167.900000 0.500000 5.000000 1 0 0 6.160334 
 -4141250.000000 33899459.452113 7167.900000 0.500000 5.000000 0 0 1 5.303166 
 -4140000.000000 33899459.452113 7167.900000 0.500000 5.000000 1 0 0 6.160334 
 -4140625.000000 33899459.452113 7167.900000 0.500000 5.000000 0 0 1 5.726119 
 -4140000.000000 33899459.452113 7167.900000 0.500000 5.000000 1 0 0 6.160334 
 -4140312.500000 33899459.452113 7167.900000 0.500000 5.000000 1 0 0 5.938922 
 -4140625.000000 33899459.452113 7167.900000 0.500000 5.000000 0 0 1 5.726119 
 -4140312.500000 33899459.452113 7167.900000 0.500000 5.000000 1 0 0 5.938922 
 -4140468.750000 33899459.452113 7167.900000 0.500000 5.000000 0 0 1 5.831462 
 -4140312.500000 33899459.452113 7167.900000 0.500000 5.000000 1 0 0 5.938922 
 -4140390.625000 33899459.452113 7167.900000 0.500000 5.000000 1 0 0 5.909892 
 -4140468.750000 33899459.452113 7167.900000 0.500000 5.000000 0 0 1 5.831462 
 -4140390.625000 33899459.452113 7167.900000 0.500000 5.000000 1 0 0 5.909892 
 -4100000.000000 33899459.452113 7167.900000 0.500000 10.000000 1 0 0 24.105434 
 -4105000.000000 33899459.452113 7167.900000 0.500000 10.000000 1 0 0 22.723914 
 -4110000.000000 33899459.452113 7167.900000 0.500000 10.000000 1 0 0 21.226460 
 -4115000.000000 33899459.452113 7167.900000 0.500000 10.000000 1 0 0 19.583360 
 -4120000.000000 33899459.452113 7167.900000 0.500000 10.000000 1 0 0 17.769173 
 -4125000.000000 33899459.452113 7167.900000 0.500000 10.000000 1 0 0 15.873712 
 -4130000.000000 33899459.452113 7167.900000 0.500000 10.000000 1 0 0 13.675020 
 -4135000.000000 33899459.452113 7167.900000 0.500000 10.000000 1 0 0 10.879977 
 -4140000.000000 33899459.452113 7167.900000 0.500000 10.000000 1 0 0 7.090726 
 -4145000.000000 33899459.452113 7167.900000 0.500000 10.000000 0 1 0 3.375148 
 -4140000.000000 33899459.452113 7167.900000 0.500000 10.000000 1 0 0 7.090726 
 -4145000.000000 33899459.452113 7167.900000 0.500000 10.000000 0 1 0 3.375148 
 -4142500.000000 33899459.452113 7167.900000 0.500000 10.000000 0 0 1 4.977045 
 -4140000.000000 33899459.452113 7167.900000 0.500000 10.000000 1 0 0 7.090726 
 -4142500.000000 33899459.452113 7167.900000 0.500000 10.000000 0 0 1 4.977045 
 -4140000.000000 33899459.452113 7167.900000 0.500000 10.000000 1 0 0 7.090726 
 -4141250.000000 33899459.452113 7167.900000 0.500000 10.000000 1 0 0 5.991388 
 -4142500.000000 33899459.452113 7167.900000 0.500000 10.000000 0 0 1 4.977045 
 -4141250.000000 33899459.452113 7167.900000 0.500000 10.000000 1 0 0 5.991388 
 -4141875.000000 33899459.452113 7167.900000 0.500000 10.000000 1 0 0 5.479285 
 -4142500.000000 33899459.452113 7167.900000 0.500000 10.000000 0 0 1 4.977045 
 -4141875.000000 33899459.452113 7167.900000 0.500000 10.000000 1 0 0 5.479285 
 -4142187.500000 33899459.452113 7167.900000 0.500000 10.000000 1 0 0 5.220394 
 -4142500.000000 33899459.452113 7167.900000 0.500000 10.000000 0 0 1 4.977045 
 -4142187.500000 33899459.452113 7167.900000 0.500000 10.000000 1 0 0 5.220394 
 -4142343.750000 33899459.452113 7167.900000 0.500000 10.000000 0 0 1 5.084315 
 -4142187.500000 33899459.452113 7167.900000 0.500000 10.000000 1 0 0 5.220394 
 -4142265.625000 33899459.452113 7167.900000 0.500000 10.000000 0 0 1 5.164680 
 -4142187.500000 33899459.452113 7167.900000 0.500000 10.000000 1 0 0 5.220394 
 -4100000.000000 33899459.452113 7167.900000 0.500000 15.000000 1 0 0 25.514491 
 -4105000.000000 33899459.452113 7167.900000 0.500000 15.000000 1 0 0 24.123300 
 -4110000.000000 33899459.452113 7167.900000 0.500000 15.000000 1 0 0 22.633543 
 -4115000.000000 33899459.452113 7167.900000 0.500000 15.000000 1 0 0 21.032888 
 -4120000.000000 33899459.452113 7167.900000 0.500000 15.000000 1 0 0 19.247355 
 -4125000.000000 33899459.452113 7167.900000 0.500000 15.000000 1 0 0 17.204446 
 -4130000.000000 33899459.452113 7167.900000 0.500000 15.000000 1 0 0 14.919137 
 -4135000.000000 33899459.452113 7167.900000 0.500000 15.000000 1 0 0 12.235376 
 -4140000.000000 33899459.452113 7167.900000 0.500000 15.000000 1 0 0 8.366035 
 -4145000.000000 33899459.452113 7167.900000 0.500000 15.000000 0 1 0 3.632525 
 -4140000.000000 33899459.452113 7167.900000 0.500000 15.000000 1 0 0 8.366035 
 -4145000.000000 33899459.452113 7167.900000 0.500000 15.000000 0 1 0 3.632525 
 -4142500.000000 33899459.452113 7167.900000 0.500000 15.000000 1 0 0 5.645304 
 -4145000.000000 33899459.452113 7167.900000 0.500000 15.000000 0 1 0 3.632525 
 -4143750.000000 33899459.452113 7167.900000 0.500000 15.000000 0 0 1 4.531723 
 -4142500.000000 33899459.452113 7167.900000 0.500000 15.000000 1 0 0 5.645304 
 -4143750.000000 33899459.452113 7167.900000 0.500000 15.000000 0 0 1 4.531723 
 -4142500.000000 33899459.452113 7167.900000 0.500000 15.000000 1 0 0 5.645304 
 -4143125.000000 33899459.452113 7167.900000 0.500000 15.000000 1 0 0 5.019249 
 -4143750.000000 33899459.452113 7167.900000 0.500000 15.000000 0 0 1 4.531723 
 -4143125.000000 33899459.452113 7167.900000 0.500000 15.000000 1 0 0 5.019249 
 -4143437.500000 33899459.452113 7167.900000 0.500000 15.000000 1 0 0 4.794931 
 -4143750.000000 33899459.452113 7167.900000 0.500000 15.000000 0 0 1 4.531723 
 -4143437.500000 33899459.452113 7167.900000 0.500000 15.000000 1 0 0 4.794931 
 -4143593.750000 33899459.452113 7167.900000 0.500000 15.000000 1 0 0 4.647495 
 -4143750.000000 33899459.452113 7167.900000 0.500000 15.000000 0 0 1 4.531723 
 -4143593.750000 33899459.452113 7167.900000 0.500000 15.000000 1 0 0 4.647495 
 -4143671.875000 33899459.452113 7167.900000 0.500000 15.000000 0 0 1 4.589276 
 -4143593.750000 33899459.452113 7167.900000 0.500000 15.000000 1 0 0 4.647495 
 -4100000.000000 33899459.452113 7167.900000 0.500000 20.000000 1 0 0 27.034023 
 -4105000.000000 33899459.452113 7167.900000 0.500000 20.000000 1 0 0 25.622210 
 -4110000.000000 33899459.452113 7167.900000 0.500000 20.000000 1 0 0 24.094151 
 -4115000.000000 33899459.452113 7167.900000 0.500000 20.000000 1 0 0 22.468101 
 -4120000.000000 33899459.452113 7167.900000 0.500000 20.000000 1 0 0 20.689778 
 -4125000.000000 33899459.452113 7167.900000 0.500000 20.000000 1 0 0 18.708557 
 -4130000.000000 33899459.452113 7167.900000 0.500000 20.000000 1 0 0 16.425160 
 -4135000.000000 33899459.452113 7167.900000 0.500000 20.000000 1 0 0 13.596694 
 -4140000.000000 33899459.452113 7167.900000 0.500000 20.000000 1 0 0 9.886350 
 -4145000.000000 33899459.452113 7167.900000 0.500000 20.000000 0 1 0 3.910185 
 -4140000.000000 33899459.452113 7167.900000 0.500000 20.000000 1 0 0 9.886350 
 -4145000.000000 33899459.452113 7167.900000 0.500000 20.000000 0 1 0 3.910185 
 -4142500.000000 33899459.452113 7167.900000 0.500000 20.000000 1 0 0 6.968680 
 -4145000.000000 33899459.452113 7167.900000 0.500000 20.000000 0 1 0 3.910185 
 -4143750.000000 33899459.452113 7167.900000 0.500000 20.000000 1 0 0 5.060272 
 -4145000.000000 33899459.452113 7167.900000 0.500000 20.000000 0 1 0 3.910185 
 -4144375.000000 33899459.452113 7167.900000 0.500000 20.000000 1 0 0 4.407753 
 -4145000.000000 33899459.452113 7167.900000 0.500000 20.000000 0 1 0 3.910185 
 -4144687.500000 33899459.452113 7167.900000 0.500000 20.000000 0 0 1 4.152532 
 -4144375.000000 33899459.452113 7167.900000 0.500000 20.000000 1 0 0 4.407753 
 -4144687.500000 33899459.452113 7167.900000 0.500000 20.000000 0 0 1 4.152532 
 -4144375.000000 33899459.452113 7167.900000 0.500000 20.000000 1 0 0 4.407753 
 -4144531.250000 33899459.452113 7167.900000 0.500000 20.000000 1 0 0 4.277853 
 -4144687.500000 33899459.452113 7167.900000 0.500000 20.000000 0 0 1 4.152532 
 -4144531.250000 33899459.452113 7167.900000 0.500000 20.000000 1 0 0 4.277853 
 -4144609.375000 33899459.452113 7167.900000 0.500000 20.000000 1 0 0 4.214638 
 -4144687.500000 33899459.452113 7167.900000 0.500000 20.000000 0 0 1 4.152532 
 -4144609.375000 33899459.452113 7167.900000 0.500000 20.000000 1 0 0 4.214638 
 -4100000.000000 33899459.452113 7167.900000 0.500000 25.000000 1 0 0 28.425065 
 -4105000.000000 33899459.452113 7167.900000 0.500000 25.000000 1 0 0 27.058453 
 -4110000.000000 33899459.452113 7167.900000 0.500000 25.000000 1 0 0 25.576537 
 -4115000.000000 33899459.452113 7167.900000 0.500000 25.000000 1 0 0 23.968725 
 -4120000.000000 33899459.452113 7167.900000 0.500000 25.000000 1 0 0 22.172575 
 -4125000.000000 33899459.452113 7167.900000 0.500000 25.000000 1 0 0 20.160868 
 -4130000.000000 33899459.452113 7167.900000 0.500000 25.000000 1 0 0 17.886814 
 -4135000.000000 33899459.452113 7167.900000 0.500000 25.000000 1 0 0 15.169055 
 -4140000.000000 33899459.452113 7167.900000 0.500000 25.000000 1 0 0 11.494550 
 -4145000.000000 33899459.452113 7167.900000 0.500000 25.000000 1 0 0 4.174016 
 -4150000.000000 33899459.452113 7167.900000 0.500000 25.000000 0 1 0 1.359143 
 -4145000.000000 33899459.452113 7167.900000 0.500000 25.000000 1 0 0 4.174016 
 -4150000.000000 33899459.452113 7167.900000 0.500000 25.000000 0 1 0 1.359143 
 -4147500.000000 33899459.452113 7167.900000 0.500000 25.000000 0 1 0 2.342389 
 -4145000.000000 33899459.452113 7167.900000 0.500000 25.000000 1 0 0 4.174016 
 -4147500.000000 33899459.452113 7167.900000 0.500000 25.000000 0 1 0 2.342389 
 -4146250.000000 33899459.452113 7167.900000 0.500000 25.000000 0 1 0 3.091328 
 -4145000.000000 33899459.452113 7167.900000 0.500000 25.000000 1 0 0 4.174016 
 -4146250.000000 33899459.452113 7167.900000 0.500000 25.000000 0 1 0 3.091328 
 -4145625.000000 33899459.452113 7167.900000 0.500000 25.000000 0 1 0 3.599773 
 -4145000.000000 33899459.452113 7167.900000 0.500000 25.000000 1 0 0 4.174016 
 -4145625.000000 33899459.452113 7167.900000 0.500000 25.000000 0 1 0 3.599773 
 -4145312.500000 33899459.452113 7167.900000 0.500000 25.000000 0 0 1 3.861340 
 -4145000.000000 33899459.452113 7167.900000 0.500000 25.000000 1 0 0 4.174016 
 -4145312.500000 33899459.452113 7167.900000 0.500000 25.000000 0 0 1 3.861340 
 -4145000.000000 33899459.452113 7167.900000 0.500000 25.000000 1 0 0 4.174016 
 -4145156.250000 33899459.452113 7167.900000 0.500000 25.000000 1 0 0 3.997235 
 -4145312.500000 33899459.452113 7167.900000 0.500000 25.000000 0 0 1 3.861340 
 -4145156.250000 33899459.452113 7167.900000 0.500000 25.000000 1 0 0 3.997235 
 -4145234.375000 33899459.452113 7167.900000 0.500000 25.000000 1 0 0 3.928629 
 -4145312.500000 33899459.452113 7167.900000 0.500000 25.000000 0 0 1 3.861340 
 -4145234.375000 33899459.452113 7167.900000 0.500000 25.000000 1 0 0 3.928629 
