 -4100000.000000 33899459.452113 7167.900000 0.500000 -25.000000 1 0 0 16.895950 
 -4105000.000000 33899459.452113 7167.900000 0.500000 -25.000000 1 0 0 15.606620 
 -4110000.000000 33899459.452113 7167.900000 0.500000 -25.000000 1 0 0 14.247864 
 -4115000.000000 33899459.452113 7167.900000 0.500000 -25.000000 0 0 1 12.838694 
 -4120000.000000 33899459.452113 7167.900000 0.500000 -25.000000 0 0 1 11.294894 
 -4125000.000000 33899459.452113 7167.900000 0.500000 -25.000000 0 0 1 9.528694 
 -4130000.000000 33899459.452113 7167.900000 0.500000 -25.000000 0 1 0 7.605184 
 -4125000.000000 33899459.452113 7167.900000 0.500000 -25.000000 0 0 1 9.528694 
 -4127500.000000 33899459.452113 7167.900000 0.500000 -25.000000 0 0 1 8.587093 
 -4130000.000000 33899459.452113 7167.900000 0.500000 -25.000000 0 1 0 7.605184 
 -4127500.000000 33899459.452113 7167.900000 0.500000 -25.000000 0 0 1 8.587093 
 -4128750.000000 33899459.452113 7167.900000 0.500000 -25.000000 0 1 0 8.108197 
 -4127500.000000 33899459.452113 7167.900000 0.500000 -25.000000 0 0 1 8.587093 
 -4128125.000000 33899459.452113 7167.900000 0.500000 -25.000000 0 1 0 8.354973 
 -4127500.000000 33899459.452113 7167.900000 0.500000 -25.000000 0 0 1 8.587093 
 -4127812.500000 33899459.452113 7167.900000 0.500000 -25.000000 0 1 0 8.471493 
 -4127500.000000 33899459.452113 7167.900000 0.500000 -25.000000 0 0 1 8.587093 
 -4127656.250000 33899459.452113 7167.900000 0.500000 -25.000000 0 0 1 8.542269 
 -4127812.500000 33899459.452113 7167.900000 0.500000 -25.000000 0 1 0 8.471493 
 -4127656.250000 33899459.452113 7167.900000 0.500000 -25.000000 0 0 1 8.542269 
 -4127734.375000 33899459.452113 7167.900000 0.500000 -25.000000 0 1 0 8.499957 
 -4127656.250000 33899459.452113 7167.900000 0.500000 -25.000000 0 0 1 8.542269 
 -4100000.000000 33899459.452113 7167.900000 0.500000 -20.000000 1 0 0 17.636201 
 -4105000.000000 33899459.452113 7167.900000 0.500000 -20.000000 1 0 0 16.349760 
 -4110000.000000 33899459.452113 7167.900000 0.500000 -20.000000 1 0 0 14.952034 
 -4115000.000000 33899459.452113 7167.900000 0.500000 -20.000000 1 0 0 13.506183 
 -4120000.000000 33899459.452113 7167.900000 0.500000 -20.000000 1 0 0 11.941239 
 -4125000.000000 33899459.452113 7167.900000 0.500000 -20.000000 0 0 1 10.141143 
 -4130000.000000 33899459.452113 7167.900000 0.500000 -20.000000 0 0 1 8.140089 
 -4135000.000000 33899459.452113 7167.900000 0.500000 -20.000000 0 1 0 5.969320 
 -4130000.000000 33899459.452113 7167.900000 0.500000 -20.000000 0 0 1 8.140089 
 -4132500.000000 33899459.452113 7167.900000 0.500000 -20.000000 0 1 0 7.068276 
 -4130000.000000 33899459.452113 7167.900000 0.500000 -20.000000 0 0 1 8.140089 
 -4131250.000000 33899459.452113 7167.900000 0.500000 -20.000000 0 1 0 7.617774 
 -4130000.000000 33899459.452113 7167.900000 0.500000 -20.000000 0 0 1 8.140089 
 -4130625.000000 33899459.452113 7167.900000 0.500000 -20.000000 0 1 0 7.888377 
 -4130000.000000 33899459.452113 7167.900000 0.500000 -20.000000 0 0 1 8.140089 
 -4130312.500000 33899459.452113 7167.900000 0.500000 -20.000000 0 0 1 8.014572 
 -4130625.000000 33899459.452113 7167.900000 0.500000 -20.000000 0 1 0 7.888377 
 -4130312.500000 33899459.452113 7167.900000 0.500000 -20.000000 0 0 1 8.014572 
 -4130468.750000 33899459.452113 7167.900000 0.500000 -20.000000 0 0 1 7.951218 
 -4130625.000000 33899459.452113 7167.900000 0.500000 -20.000000 0 1 0 7.888377 
 -4130468.750000 33899459.452113 7167.900000 0.500000 -20.000000 0 0 1 7.951218 
 -4130546.875000 33899459.452113 7167.900000 0.500000 -20.000000 0 0 1 7.919927 
 -4130625.000000 33899459.452113 7167.900000 0.500000 -20.000000 0 1 0 7.888377 
 -4130546.875000 33899459.452113 7167.900000 0.500000 -20.000000 0 0 1 7.919927 
 -4100000.000000 33899459.452113 7167.900000 0.500000 -15.000000 1 0 0 18.447060 
 -4105000.000000 33899459.452113 7167.900000 0.500000 -15.000000 1 0 0 17.182322 
 -4110000.000000 33899459.452113 7167.900000 0.500000 -15.000000 1 0 0 15.760109 
 -4115000.000000 33899459.452113 7167.900000 0.500000 -15.000000 1 0 0 14.266580 
 -4120000.000000 33899459.452113 7167.900000 0.500000 -15.000000 1 0 0 12.665593 
 -4125000.000000 33899459.452113 7167.900000 0.500000 -15.000000 1 0 0 10.857556 
 -4130000.000000 33899459.452113 7167.900000 0.500000 -15.000000 0 0 1 8.771297 
 -4135000.000000 33899459.452113 7167.900000 0.500000 -15.000000 0 1 0 6.459257 
 -4130000.000000 33899459.452113 7167.900000 0.500000 -15.000000 0 0 1 8.771297 
 -4132500.000000 33899459.452113 7167.900000 0.500000 -15.000000 0 0 1 7.644468 
 -4135000.000000 33899459.452113 7167.900000 0.500000 -15.000000 0 1 0 6.459257 
 -4132500.000000 33899459.452113 7167.900000 0.500000 -15.000000 0 0 1 7.644468 
 -4133750.000000 33899459.452113 7167.900000 0.500000 -15.000000 0 1 0 7.066944 
 -4132500.000000 33899459.452113 7167.900000 0.500000 -15.000000 0 0 1 7.644468 
 -4133125.000000 33899459.452113 7167.900000 0.500000 -15.000000 0 0 1 7.365041 
 -4133750.000000 33899459.452113 7167.900000 0.500000 -15.000000 0 1 0 7.066944 
 -4133125.000000 33899459.452113 7167.900000 0.500000 -15.000000 0 0 1 7.365041 
 -4133437.500000 33899459.452113 7167.900000 0.500000 -15.000000 0 1 0 7.208432 
 -4133125.000000 33899459.452113 7167.900000 0.500000 -15.000000 0 0 1 7.365041 
 -4133281.250000 33899459.452113 7167.900000 0.500000 -15.000000 0 0 1 7.279151 
 -4133437.500000 33899459.452113 7167.900000 0.500000 -15.000000 0 1 0 7.208432 
 -4133281.250000 33899459.452113 7167.900000 0.500000 -15.000000 0 0 1 7.279151 
 -4133359.375000 33899459.452113 7167.900000 0.500000 -15.000000 0 1 0 7.243913 
 -4133281.250000 33899459.452113 7167.900000 0.500000 -15.000000 0 0 1 7.279151 
 -4100000.000000 33899459.452113 7167.900000 0.500000 -10.000000 1 0 0 19.323196 
 -4105000.000000 33899459.452113 7167.900000 0.500000 -10.000000 1 0 0 18.069748 
 -4110000.000000 33899459.452113 7167.900000 0.500000 -10.000000 1 0 0 16.682746 
 -4115000.000000 33899459.452113 7167.900000 0.500000 -10.000000 1 0 0 15.131323 
 -4120000.000000 33899459.452113 7167.900000 0.500000 -10.000000 1 0 0 13.479021 
 -4125000.000000 33899459.452113 7167.900000 0.500000 -10.000000 1 0 0 11.661626 
 -4130000.000000 33899459.452113 7167.900000 0.500000 -10.000000 1 0 0 9.514072 
 -4135000.000000 33899459.452113 7167.900000 0.500000 -10.000000 0 0 1 7.065590 
 -4140000.000000 33899459.452113 7167.900000 0.500000 -10.000000 0 1 0 4.641169 
 -4135000.000000 33899459.452113 7167.900000 0.500000 -10.000000 0 0 1 7.065590 
 -4137500.000000 33899459.452113 7167.900000 0.500000 -10.000000 0 1 0 5.790234 
 -4135000.000000 33899459.452113 7167.900000 0.500000 -10.000000 0 0 1 7.065590 
 -4136250.000000 33899459.452113 7167.900000 0.500000 -10.000000 0 1 0 6.421033 
 -4135000.000000 33899459.452113 7167.900000 0.500000 -10.000000 0 0 1 7.065590 
 -4135625.000000 33899459.452113 7167.900000 0.500000 -10.000000 0 0 1 6.734818 
 -4136250.000000 33899459.452113 7167.900000 0.500000 -10.000000 0 1 0 6.421033 
 -4135625.000000 33899459.452113 7167.900000 0.500000 -10.000000 0 0 1 6.734818 
 -4135937.500000 33899459.452113 7167.900000 0.500000 -10.000000 0 1 0 6.576797 
 -4135625.000000 33899459.452113 7167.900000 0.500000 -10.000000 0 0 1 6.734818 
 -4135781.250000 33899459.452113 7167.900000 0.500000 -10.000000 0 0 1 6.655322 
 -4135937.500000 33899459.452113 7167.900000 0.500000 -10.000000 0 1 0 6.576797 
 -4135781.250000 33899459.452113 7167.900000 0.500000 -10.000000 0 0 1 6.655322 
 -4135859.375000 33899459.452113 7167.900000 0.500000 -10.000000 0 1 0 6.615987 
 -4135781.250000 33899459.452113 7167.900000 0.500000 -10.000000 0 0 1 6.655322 
 -4100000.000000 33899459.452113 7167.900000 0.500000 -5.000000 1 0 0 20.285367 
 -4105000.000000 33899459.452113 7167.900000 0.500000 -5.000000 1 0 0 19.015952 
 -4110000.000000 33899459.452113 7167.900000 0.500000 -5.000000 1 0 0 17.651666 
 -4115000.000000 33899459.452113 7167.900000 0.500000 -5.000000 1 0 0 16.134244 
 -4120000.000000 33899459.452113 7167.900000 0.500000 -5.000000 1 0 0 14.404232 
 -4125000.000000 33899459.452113 7167.900000 0.500000 -5.000000 1 0 0 12.541625 
 -4130000.000000 33899459.452113 7167.900000 0.500000 -5.000000 1 0 0 10.388515 
 -4135000.000000 33899459.452113 7167.900000 0.500000 -5.000000 0 0 1 7.790883 
 -4140000.000000 33899459.452113 7167.900000 0.500000 -5.000000 0 1 0 5.031863 
 -4135000.000000 33899459.452113 7167.900000 0.500000 -5.000000 0 0 1 7.790883 
 -4137500.000000 33899459.452113 7167.900000 0.500000 -5.000000 0 0 1 6.360929 
 -4140000.000000 33899459.452113 7167.900000 0.500000 -5.000000 0 1 0 5.031863 
 -4137500.000000 33899459.452113 7167.900000 0.500000 -5.000000 0 0 1 6.360929 
 -4138750.000000 33899459.452113 7167.900000 0.500000 -5.000000 0 1 0 5.668568 
 -4137500.000000 33899459.452113 7167.900000 0.500000 -5.000000 0 0 1 6.360929 
 -4138125.000000 33899459.452113 7167.900000 0.500000 -5.000000 0 1 0 6.006627 
 -4137500.000000 33899459.452113 7167.900000 0.500000 -5.000000 0 0 1 6.360929 
 -4137812.500000 33899459.452113 7167.900000 0.500000 -5.000000 0 0 1 6.172281 
 -4138125.000000 33899459.452113 7167.900000 0.500000 -5.000000 0 1 0 6.006627 
 -4137812.500000 33899459.452113 7167.900000 0.500000 -5.000000 0 0 1 6.172281 
 -4137968.750000 33899459.452113 7167.900000 0.500000 -5.000000 0 0 1 6.089048 
 -4138125.000000 33899459.452113 7167.900000 0.500000 -5.000000 0 1 0 6.006627 
 -4137968.750000 33899459.452113 7167.900000 0.500000 -5.000000 0 0 1 6.089048 
 -4138046.875000 33899459.452113 7167.900000 0.500000 -5.000000 0 1 0 6.047737 
 -4137968.750000 33899459.452113 7167.900000 0.500000 -5.000000 0 0 1 6.089048 
 -4100000.000000 33899459.452113 7167.900000 0.500000 0.000000 1 0 0 21.413107 
 -4105000.000000 33899459.452113 7167.900000 0.500000 0.000000 1 0 0 20.055880 
 -4110000.000000 33899459.452113 7167.900000 0.500000 0.000000 1 0 0 18.661775 
 -4115000.000000 33899459.452113 7167.900000 0.500000 0.000000 1 0 0 17.180760 
 -4120000.000000 33899459.452113 7167.900000 0.500000 0.000000 1 0 0 15.485812 
 -4125000.000000 33899459.452113 7167.900000 0.500000 0.000000 1 0 0 13.526369 
 -4130000.000000 33899459.452113 7167.900000 0.500000 0.000000 1 0 0 11.363587 
 -4135000.000000 33899459.452113 7167.900000 0.500000 0.000000 1 0 0 8.662685 
 -4140000.000000 33899459.452113 7167.900000 0.500000 0.000000 0 1 0 5.507458 
 -4135000.000000 33899459.452113 7167.900000 0.500000 0.000000 1 0 0 8.662685 
 -4137500.000000 33899459.452113 7167.900000 0.500000 0.000000 1 0 0 7.109409 
 -4140000.000000 33899459.452113 7167.900000 0.500000 0.000000 0 1 0 5.507458 
 -4137500.000000 33899459.452113 7167.900000 0.500000 0.000000 1 0 0 7.109409 
 -4138750.000000 33899459.452113 7167.900000 0.500000 0.000000 0 0 1 6.281226 
 -4140000.000000 33899459.452113 7167.900000 0.500000 0.000000 0 1 0 5.507458 
 -4138750.000000 33899459.452113 7167.900000 0.500000 0.000000 0 0 1 6.281226 
 -4139375.000000 33899459.452113 7167.900000 0.500000 0.000000 0 0 1 5.904086 
 -4140000.000000 33899459.452113 7167.900000 0.500000 0.000000 0 1 0 5.507458 
 -4139375.000000 33899459.452113 7167.900000 0.500000 0.000000 0 0 1 5.904086 
 -4139687.500000 33899459.452113 7167.900000 0.500000 0.000000 0 0 1 5.723340 
 -4140000.000000 33899459.452113 7167.900000 0.500000 0.000000 0 1 0 5.507458 
 -4139687.500000 33899459.452113 7167.900000 0.500000 0.000000 0 0 1 5.723340 
 -4139843.750000 33899459.452113 7167.900000 0.500000 0.000000 0 0 1 5.594223 
 -4140000.000000 33899459.452113 7167.900000 0.500000 0.000000 0 1 0 5.507458 
 -4139843.750000 33899459.452113 7167.900000 0.500000 0.000000 0 0 1 5.594223 
 -4139921.875000 33899459.452113 7167.900000 0.500000 0.000000 0 0 1 5.570840 
 -4140000.000000 33899459.452113 7167.900000 0.500000 0.000000 0 1 0 5.507458 
 -4139921.875000 33899459.452113 7167.900000 0.500000 0.000000 0 0 1 5.570840 
 -4100000.000000 33899459.452113 7167.900000 0.500000 5.000000 1 0 0 22.754332 
 -4105000.000000 33899459.452113 7167.900000 0.500000 5.000000 1 0 0 21.344805 
 -4110000.000000 33899459.452113 7167.900000 0.500000 5.000000 1 0 0 19.810565 
 -4115000.000000 33899459.452113 7167.900000 0.500000 5.000000 1 0 0 18.258288 
 -4120000.000000 33899459.452113 7167.900000 0.500000 5.000000 1 0 0 16.602656 
 -4125000.000000 33899459.452113 7167.900000 0.500000 5.000000 1 0 0 14.692376 
 -4130000.000000 33899459.452113 7167.900000 0.500000 5.000000 1 0 0 12.419335 
 -4135000.000000 33899459.452113 7167.900000 0.500000 5.000000 1 0 0 9.723785 
 -4140000.000000 33899459.452113 7167.900000 0.500000 5.000000 1 0 0 6.160334 
 -4145000.000000 33899459.452113 7167.900000 0.500000 5.000000 0 1 0 3.146800 
 -4140000.000000 33899459.452113 7167.900000 0.500000 5.000000 1 0 0 6.160334 
 -4142500.000000 33899459.452113 7167.900000 0.500000 5.000000 0 1 0 4.535196 
 -4140000.000000 33899459.452113 7167.900000 0.500000 5.000000 1 0 0 6.160334 
 -4141250.000000 33899459.452113 7167.900000 0.500000 5.000000 0 0 1 5.303166 
 -4142500.000000 33899459.452113 7167.900000 0.500000 5.000000 0 1 0 4.535196 
 -4141250.000000 33899459.452113 7167.900000 0.500000 5.000000 0 0 1 5.303166 
 -4141875.000000 33899459.452113 7167.900000 0.500000 5.000000 0 1 0 4.930826 
 -4141250.000000 33899459.452113 7167.900000 0.500000 5.000000 0 0 1 5.303166 
 -4141562.500000 33899459.452113 7167.900000 0.500000 5.000000 0 0 1 5.092679 
 -4141875.000000 33899459.452113 7167.900000 0.500000 5.000000 0 1 0 4.930826 
 -4141562.500000 33899459.452113 7167.900000 0.500000 5.000000 0 0 1 5.092679 
 -4141718.750000 33899459.452113 7167.900000 0.500000 5.000000 0 1 0 5.021885 
 -4141562.500000 33899459.452113 7167.900000 0.500000 5.000000 0 0 1 5.092679 
 -4141640.625000 33899459.452113 7167.900000 0.500000 5.000000 0 1 0 5.046513 
 -4141562.500000 33899459.452113 7167.900000 0.500000 5.000000 0 0 1 5.092679 
 -4100000.000000 33899459.452113 7167.900000 0.500000 10.000000 1 0 0 24.105434 
 -4105000.000000 33899459.452113 7167.900000 0.500000 10.000000 1 0 0 22.723914 
 -4110000.000000 33899459.452113 7167.900000 0.500000 10.000000 1 0 0 21.226460 
 -4115000.000000 33899459.452113 7167.900000 0.500000 10.000000 1 0 0 19.583360 
 -4120000.000000 33899459.452113 7167.900000 0.500000 10.000000 1 0 0 17.769173 
 -4125000.000000 33899459.452113 7167.900000 0.500000 10.000000 1 0 0 15.873712 
 -4130000.000000 33899459.452113 7167.900000 0.500000 10.000000 1 0 0 13.675020 
 -4135000.000000 33899459.452113 7167.900000 0.500000 10.000000 1 0 0 10.879977 
 -4140000.000000 33899459.452113 7167.900000 0.500000 10.000000 1 0 0 7.090726 
 -4145000.000000 33899459.452113 7167.900000 0.500000 10.000000 0 1 0 3.375148 
 -4140000.000000 33899459.452113 7167.900000 0.500000 10.000000 1 0 0 7.090726 
 -4142500.000000 33899459.452113 7167.900000 0.500000 10.000000 0 0 1 4.977045 
 -4145000.000000 33899459.452113 7167.900000 0.500000 10.000000 0 1 0 3.375148 
 -4142500.000000 33899459.452113 7167.900000 0.500000 10.000000 0 0 1 4.977045 
 -4143750.000000 33899459.452113 7167.900000 0.500000 10.000000 0 1 0 4.155754 
 -4142500.000000 33899459.452113 7167.900000 0.500000 10.000000 0 0 1 4.977045 
 -4143125.000000 33899459.452113 7167.900000 0.500000 10.000000 0 1 0 4.545969 
 -4142500.000000 33899459.452113 7167.900000 0.500000 10.000000 0 0 1 4.977045 
 -4142812.500000 33899459.452113 7167.900000 0.500000 10.000000 0 0 1 4.745743 
 -4143125.000000 33899459.452113 7167.900000 0.500000 10.000000 0 1 0 4.545969 
 -4142812.500000 33899459.452113 7167.900000 0.500000 10.000000 0 0 1 4.745743 
 -4142968.750000 33899459.452113 7167.900000 0.500000 10.000000 0 0 1 4.668395 
 -4143125.000000 33899459.452113 7167.900000 0.500000 10.000000 0 1 0 4.545969 
 -4142968.750000 33899459.452113 7167.900000 0.500000 10.000000 0 0 1 4.668395 
 -4143046.875000 33899459.452113 7167.900000 0.500000 10.000000 0 1 0 4.618486 
 -4142968.750000 33899459.452113 7167.900000 0.500000 10.000000 0 0 1 4.668395 
 -4100000.000000 33899459.452113 7167.900000 0.500000 15.000000 1 0 0 25.514491 
 -4105000.000000 33899459.452113 7167.900000 0.500000 15.000000 1 0 0 24.123300 
 -4110000.000000 33899459.452113 7167.900000 0.500000 15.000000 1 0 0 22.633543 
 -4115000.000000 33899459.452113 7167.900000 0.500000 15.000000 1 0 0 21.032888 
 -4120000.000000 33899459.452113 7167.900000 0.500000 15.000000 1 0 0 19.247355 
 -4125000.000000 33899459.452113 7167.900000 0.500000 15.000000 1 0 0 17.204446 
 -4130000.000000 33899459.452113 7167.900000 0.500000 15.000000 1 0 0 14.919137 
 -4135000.000000 33899459.452113 7167.900000 0.500000 15.000000 1 0 0 12.235376 
 -4140000.000000 33899459.452113 7167.900000 0.500000 15.000000 1 0 0 8.366035 
 -4145000.000000 33899459.452113 7167.900000 0.500000 15.000000 0 1 0 3.632525 
 -4140000.000000 33899459.452113 7167.900000 0.500000 15.000000 1 0 0 8.366035 
 -4142500.000000 33899459.452113 7167.900000 0.500000 15.000000 1 0 0 5.645304 
 -4145000.000000 33899459.452113 7167.900000 0.500000 15.000000 0 1 0 3.632525 
 -4142500.000000 33899459.452113 7167.900000 0.500000 15.000000 1 0 0 5.645304 
 -4143750.000000 33899459.452113 7167.900000 0.500000 15.000000 0 0 1 4.531723 
 -4145000.000000 33899459.452113 7167.900000 0.500000 15.000000 0 1 0 3.632525 
 -4143750.000000 33899459.452113 7167.900000 0.500000 15.000000 0 0 1 4.531723 
 -4144375.000000 33899459.452113 7167.900000 0.500000 15.000000 0 1 0 4.065700 
 -4143750.000000 33899459.452113 7167.900000 0.500000 15.000000 0 0 1 4.531723 
 -4144062.500000 33899459.452113 7167.900000 0.500000 15.000000 0 0 1 4.308246 
 -4144375.000000 33899459.452113 7167.900000 0.500000 15.000000 0 1 0 4.065700 
 -4144062.500000 33899459.452113 7167.900000 0.500000 15.000000 0 0 1 4.308246 
 -4144218.750000 33899459.452113 7167.900000 0.500000 15.000000 0 1 0 4.173853 
 -4144062.500000 33899459.452113 7167.900000 0.500000 15.000000 0 0 1 4.308246 
 -4144140.625000 33899459.452113 7167.900000 0.500000 15.000000 0 1 0 4.228237 
 -4144062.500000 33899459.452113 7167.900000 0.500000 15.000000 0 0 1 4.308246 
 -4100000.000000 33899459.452113 7167.900000 0.500000 20.000000 1 0 0 27.034023 
 -4105000.000000 33899459.452113 7167.900000 0.500000 20.000000 1 0 0 25.622210 
 -4110000.000000 33899459.452113 7167.900000 0.500000 20.000000 1 0 0 24.094151 
 -4115000.000000 33899459.452113 7167.900000 0.500000 20.000000 1 0 0 22.468101 
 -4120000.000000 33899459.452113 7167.900000 0.500000 20.000000 1 0 0 20.689778 
 -4125000.000000 33899459.452113 7167.900000 0.500000 20.000000 1 0 0 18.708557 
 -4130000.000000 33899459.452113 7167.900000 0.500000 20.000000 1 0 0 16.425160 
 -4135000.000000 33899459.452113 7167.900000 0.500000 20.000000 1 0 0 13.596694 
 -4140000.000000 33899459.452113 7167.900000 0.500000 20.000000 1 0 0 9.886350 
 -4145000.000000 33899459.452113 7167.900000 0.500000 20.000000 0 1 0 3.910185 
 -4140000.000000 33899459.452113 7167.900000 0.500000 20.000000 1 0 0 9.886350 
 -4142500.000000 33899459.452113 7167.900000 0.500000 20.000000 1 0 0 6.968680 
 -4145000.000000 33899459.452113 7167.900000 0.500000 20.000000 0 1 0 3.910185 
 -4142500.000000 33899459.452113 7167.900000 0.500000 20.000000 1 0 0 6.968680 
 -4143750.000000 33899459.452113 7167.900000 0.500000 20.000000 1 0 0 5.060272 
 -4145000.000000 33899459.452113 7167.900000 0.500000 20.000000 0 1 0 3.910185 
 -4143750.000000 33899459.452113 7167.900000 0.500000 20.000000 1 0 0 5.060272 
 -4144375.000000 33899459.452113 7167.900000 0.500000 20.000000 1 0 0 4.407753 
 -4145000.000000 33899459.452113 7167.900000 0.500000 20.000000 0 1 0 3.910185 
 -4144375.000000 33899459.452113 7167.900000 0.500000 20.000000 1 0 0 4.407753 
 -4144687.500000 33899459.452113 7167.900000 0.500000 20.000000 0 0 1 4.152532 
 -4145000.000000 33899459.452113 7167.900000 0.500000 20.000000 0 1 0 3.910185 
 -4144687.500000 33899459.452113 7167.900000 0.500000 20.000000 0 0 1 4.152532 
 -4144843.750000 33899459.452113 7167.900000 0.500000 20.000000 0 0 1 4.030362 
 -4145000.000000 33899459.452113 7167.900000 0.500000 20.000000 0 1 0 3.910185 
 -4144843.750000 33899459.452113 7167.900000 0.500000 20.000000 0 0 1 4.030362 
 -4144921.875000 33899459.452113 7167.900000 0.500000 20.000000 0 1 0 3.942245 
 -4144843.750000 33899459.452113 7167.900000 0.500000 20.000000 0 0 1 4.030362 
 -4100000.000000 33899459.452113 7167.900000 0.500000 25.000000 1 0 0 28.425065 
 -4105000.000000 33899459.452113 7167.900000 0.500000 25.000000 1 0 0 27.058453 
 -4110000.000000 33899459.452113 7167.900000 0.500000 25.000000 1 0 0 25.576537 
 -4115000.000000 33899459.452113 7167.900000 0.500000 25.000000 1 0 0 23.968725 
 -4120000.000000 33899459.452113 7167.900000 0.500000 25.000000 1 0 0 22.172575 
 -4125000.000000 33899459.452113 7167.900000 0.500000 25.000000 1 0 0 20.160868 
 -4130000.000000 33899459.452113 7167.900000 0.500000 25.000000 1 0 0 17.886814 
 -4135000.000000 33899459.452113 7167.900000 0.500000 25.000000 1 0 0 15.169055 
 -4140000.000000 33899459.452113 7167.900000 0.500000 25.000000 1 0 0 11.494550 
 -4145000.000000 33899459.452113 7167.900000 0.500000 25.000000 1 0 0 4.174016 
 -4150000.000000 33899459.452113 7167.900000 0.500000 25.000000 0 1 0 1.359143 
 -4145000.000000 33899459.452113 7167.900000 0.500000 25.000000 1 0 0 4.174016 
 -4147500.000000 33899459.452113 7167.900000 0.500000 25.000000 0 1 0 2.342389 
 -4145000.000000 33899459.452113 7167.900000 0.500000 25.000000 1 0 0 4.174016 
 -4146250.000000 33899459.452113 7167.900000 0.500000 25.000000 0 1 0 3.091328 
 -4145000.000000 33899459.452113 7167.900000 0.500000 25.000000 1 0 0 4.174016 
 -4145625.000000 33899459.452113 7167.900000 0.500000 25.000000 0 1 0 3.599773 
 -4145000.000000 33899459.452113 7167.900000 0.500000 25.000000 1 0 0 4.174016 
 -4145312.500000 33899459.452113 7167.900000 0.500000 25.000000 0 0 1 3.861340 
 -4145625.000000 33899459.452113 7167.900000 0.500000 25.000000 0 1 0 3.599773 
 -4145312.500000 33899459.452113 7167.900000 0.500000 25.000000 0 0 1 3.861340 
 -4145468.750000 33899459.452113 7167.900000 0.500000 25.000000 0 1 0 3.729495 
 -4145312.500000 33899459.452113 7167.900000 0.500000 25.000000 0 0 1 3.861340 
 -4145390.625000 33899459.452113 7167.900000 0.500000 25.000000 0 0 1 3.764500 
 -4145468.750000 33899459.452113 7167.900000 0.500000 25.000000 0 1 0 3.729495 
 -4145390.625000 33899459.452113 7167.900000 0.500000 25.000000 0 0 1 3.764500 
