 -4100000.000000 33899459.452113 7167.900000 0.100000 -25.000000 1 0 0 23.318679 
 -4105000.000000 33899459.452113 7167.900000 0.100000 -25.000000 1 0 0 21.982970 
 -4110000.000000 33899459.452113 7167.900000 0.100000 -25.000000 1 0 0 20.499160 
 -4115000.000000 33899459.452113 7167.900000 0.100000 -25.000000 1 0 0 18.930759 
 -4120000.000000 33899459.452113 7167.900000 0.100000 -25.000000 1 0 0 17.230682 
 -4125000.000000 33899459.452113 7167.900000 0.100000 -25.000000 1 0 0 15.328038 
 -4130000.000000 33899459.452113 7167.900000 0.100000 -25.000000 1 0 0 13.061376 
 -4135000.000000 33899459.452113 7167.900000 0.100000 -25.000000 1 0 0 10.311015 
 -4140000.000000 33899459.452113 7167.900000 0.100000 -25.000000 1 0 0 7.063560 
 -4145000.000000 33899459.452113 7167.900000 0.100000 -25.000000 0 1 0 4.059571 
 -4140000.000000 33899459.452113 7167.900000 0.100000 -25.000000 1 0 0 7.063560 
 -4145000.000000 33899459.452113 7167.900000 0.100000 -25.000000 0 1 0 4.059571 
 -4142500.000000 33899459.452113 7167.900000 0.100000 -25.000000 0 1 0 5.539822 
 -4140000.000000 33899459.452113 7167.900000 0.100000 -25.000000 1 0 0 7.063560 
 -4142500.000000 33899459.452113 7167.900000 0.100000 -25.000000 0 1 0 5.539822 
 -4141250.000000 33899459.452113 7167.900000 0.100000 -25.000000 0 0 1 6.322193 
 -4140000.000000 33899459.452113 7167.900000 0.100000 -25.000000 1 0 0 7.063560 
 -4141250.000000 33899459.452113 7167.900000 0.100000 -25.000000 0 0 1 6.322193 
 -4140000.000000 33899459.452113 7167.900000 0.100000 -25.000000 1 0 0 7.063560 
 -4140625.000000 33899459.452113 7167.900000 0.100000 -25.000000 0 0 1 6.701471 
 -4140000.000000 33899459.452113 7167.900000 0.100000 -25.000000 1 0 0 7.063560 
 -4140312.500000 33899459.452113 7167.900000 0.100000 -25.000000 1 0 0 6.881707 
 -4140625.000000 33899459.452113 7167.900000 0.100000 -25.000000 0 0 1 6.701471 
 -4140312.500000 33899459.452113 7167.900000 0.100000 -25.000000 1 0 0 6.881707 
 -4140468.750000 33899459.452113 7167.900000 0.100000 -25.000000 0 0 1 6.791429 
 -4140312.500000 33899459.452113 7167.900000 0.100000 -25.000000 1 0 0 6.881707 
 -4140390.625000 33899459.452113 7167.900000 0.100000 -25.000000 0 0 1 6.857452 
 -4140312.500000 33899459.452113 7167.900000 0.100000 -25.000000 1 0 0 6.881707 
 -4140351.562500 33899459.452113 7167.900000 0.100000 -25.000000 0 0 1 6.859097 
 -4140312.500000 33899459.452113 7167.900000 0.100000 -25.000000 1 0 0 6.881707 
 -4140332.031250 33899459.452113 7167.900000 0.100000 -25.000000 1 0 0 6.880884 
 -4140351.562500 33899459.452113 7167.900000 0.100000 -25.000000 0 0 1 6.859097 
 -4140332.031250 33899459.452113 7167.900000 0.100000 -25.000000 1 0 0 6.880884 
 -4140341.796875 33899459.452113 7167.900000 0.100000 -25.000000 0 0 1 6.859508 
 -4140332.031250 33899459.452113 7167.900000 0.100000 -25.000000 1 0 0 6.880884 
 -4100000.000000 33899459.452113 7167.900000 0.100000 -22.500000 1 0 0 23.319309 
 -4105000.000000 33899459.452113 7167.900000 0.100000 -22.500000 1 0 0 21.983636 
 -4110000.000000 33899459.452113 7167.900000 0.100000 -22.500000 1 0 0 20.499832 
 -4115000.000000 33899459.452113 7167.900000 0.100000 -22.500000 1 0 0 18.931403 
 -4120000.000000 33899459.452113 7167.900000 0.100000 -22.500000 1 0 0 17.231311 
 -4125000.000000 33899459.452113 7167.900000 0.100000 -22.500000 1 0 0 15.328679 
 -4130000.000000 33899459.452113 7167.900000 0.100000 -22.500000 1 0 0 13.062068 
 -4135000.000000 33899459.452113 7167.900000 0.100000 -22.500000 1 0 0 10.311667 
 -4140000.000000 33899459.452113 7167.900000 0.100000 -22.500000 1 0 0 7.063978 
 -4145000.000000 33899459.452113 7167.900000 0.100000 -22.500000 0 1 0 4.059769 
 -4140000.000000 33899459.452113 7167.900000 0.100000 -22.500000 1 0 0 7.063978 
 -4145000.000000 33899459.452113 7167.900000 0.100000 -22.500000 0 1 0 4.059769 
 -4142500.000000 33899459.452113 7167.900000 0.100000 -22.500000 0 1 0 5.540158 
 -4140000.000000 33899459.452113 7167.900000 0.100000 -22.500000 1 0 0 7.063978 
 -4142500.000000 33899459.452113 7167.900000 0.100000 -22.500000 0 1 0 5.540158 
 -4141250.000000 33899459.452113 7167.900000 0.100000 -22.500000 0 0 1 6.322550 
 -4140000.000000 33899459.452113 7167.900000 0.100000 -22.500000 1 0 0 7.063978 
 -4141250.000000 33899459.452113 7167.900000 0.100000 -22.500000 0 0 1 6.322550 
 -4140000.000000 33899459.452113 7167.900000 0.100000 -22.500000 1 0 0 7.063978 
 -4140625.000000 33899459.452113 7167.900000 0.100000 -22.500000 0 0 1 6.701854 
 -4140000.000000 33899459.452113 7167.900000 0.100000 -22.500000 1 0 0 7.063978 
 -4140312.500000 33899459.452113 7167.900000 0.100000 -22.500000 1 0 0 6.882107 
 -4140625.000000 33899459.452113 7167.900000 0.100000 -22.500000 0 0 1 6.701854 
 -4140312.500000 33899459.452113 7167.900000 0.100000 -22.500000 1 0 0 6.882107 
 -4140468.750000 33899459.452113 7167.900000 0.100000 -22.500000 0 0 1 6.791820 
 -4140312.500000 33899459.452113 7167.900000 0.100000 -22.500000 1 0 0 6.882107 
 -4140390.625000 33899459.452113 7167.900000 0.100000 -22.500000 0 0 1 6.857848 
 -4140312.500000 33899459.452113 7167.900000 0.100000 -22.500000 1 0 0 6.882107 
 -4140351.562500 33899459.452113 7167.900000 0.100000 -22.500000 0 0 1 6.859494 
 -4140312.500000 33899459.452113 7167.900000 0.100000 -22.500000 1 0 0 6.882107 
 -4140332.031250 33899459.452113 7167.900000 0.100000 -22.500000 1 0 0 6.881284 
 -4140351.562500 33899459.452113 7167.900000 0.100000 -22.500000 0 0 1 6.859494 
 -4140332.031250 33899459.452113 7167.900000 0.100000 -22.500000 1 0 0 6.881284 
 -4140341.796875 33899459.452113 7167.900000 0.100000 -22.500000 0 0 1 6.859905 
 -4140332.031250 33899459.452113 7167.900000 0.100000 -22.500000 1 0 0 6.881284 
 -4100000.000000 33899459.452113 7167.900000 0.100000 -20.000000 1 0 0 23.320485 
 -4105000.000000 33899459.452113 7167.900000 0.100000 -20.000000 1 0 0 21.984801 
 -4110000.000000 33899459.452113 7167.900000 0.100000 -20.000000 1 0 0 20.500998 
 -4115000.000000 33899459.452113 7167.900000 0.100000 -20.000000 1 0 0 18.932559 
 -4120000.000000 33899459.452113 7167.900000 0.100000 -20.000000 1 0 0 17.232455 
 -4125000.000000 33899459.452113 7167.900000 0.100000 -20.000000 1 0 0 15.329823 
 -4130000.000000 33899459.452113 7167.900000 0.100000 -20.000000 1 0 0 13.063228 
 -4135000.000000 33899459.452113 7167.900000 0.100000 -20.000000 1 0 0 10.312783 
 -4140000.000000 33899459.452113 7167.900000 0.100000 -20.000000 1 0 0 7.064830 
 -4145000.000000 33899459.452113 7167.900000 0.100000 -20.000000 0 1 0 4.060284 
 -4140000.000000 33899459.452113 7167.900000 0.100000 -20.000000 1 0 0 7.064830 
 -4145000.000000 33899459.452113 7167.900000 0.100000 -20.000000 0 1 0 4.060284 
 -4142500.000000 33899459.452113 7167.900000 0.100000 -20.000000 0 1 0 5.540884 
 -4140000.000000 33899459.452113 7167.900000 0.100000 -20.000000 1 0 0 7.064830 
 -4142500.000000 33899459.452113 7167.900000 0.100000 -20.000000 0 1 0 5.540884 
 -4141250.000000 33899459.452113 7167.900000 0.100000 -20.000000 0 0 1 6.323321 
 -4140000.000000 33899459.452113 7167.900000 0.100000 -20.000000 1 0 0 7.064830 
 -4141250.000000 33899459.452113 7167.900000 0.100000 -20.000000 0 0 1 6.323321 
 -4140000.000000 33899459.452113 7167.900000 0.100000 -20.000000 1 0 0 7.064830 
 -4140625.000000 33899459.452113 7167.900000 0.100000 -20.000000 0 0 1 6.702662 
 -4140000.000000 33899459.452113 7167.900000 0.100000 -20.000000 1 0 0 7.064830 
 -4140312.500000 33899459.452113 7167.900000 0.100000 -20.000000 1 0 0 6.882936 
 -4140625.000000 33899459.452113 7167.900000 0.100000 -20.000000 0 0 1 6.702662 
 -4140312.500000 33899459.452113 7167.900000 0.100000 -20.000000 1 0 0 6.882936 
 -4140468.750000 33899459.452113 7167.900000 0.100000 -20.000000 0 0 1 6.792638 
 -4140312.500000 33899459.452113 7167.900000 0.100000 -20.000000 1 0 0 6.882936 
 -4140390.625000 33899459.452113 7167.900000 0.100000 -20.000000 0 0 1 6.858674 
 -4140312.500000 33899459.452113 7167.900000 0.100000 -20.000000 1 0 0 6.882936 
 -4140351.562500 33899459.452113 7167.900000 0.100000 -20.000000 0 0 1 6.860320 
 -4140312.500000 33899459.452113 7167.900000 0.100000 -20.000000 1 0 0 6.882936 
 -4140332.031250 33899459.452113 7167.900000 0.100000 -20.000000 1 0 0 6.882113 
 -4140351.562500 33899459.452113 7167.900000 0.100000 -20.000000 0 0 1 6.860320 
 -4140332.031250 33899459.452113 7167.900000 0.100000 -20.000000 1 0 0 6.882113 
 -4140341.796875 33899459.452113 7167.900000 0.100000 -20.000000 0 0 1 6.860731 
 -4140332.031250 33899459.452113 7167.900000 0.100000 -20.000000 1 0 0 6.882113 
 -4100000.000000 33899459.452113 7167.900000 0.100000 -17.500000 1 0 0 23.321281 
 -4105000.000000 33899459.452113 7167.900000 0.100000 -17.500000 1 0 0 21.985643 
 -4110000.000000 33899459.452113 7167.900000 0.100000 -17.500000 1 0 0 20.501848 
 -4115000.000000 33899459.452113 7167.900000 0.100000 -17.500000 1 0 0 18.933373 
 -4120000.000000 33899459.452113 7167.900000 0.100000 -17.500000 1 0 0 17.233250 
 -4125000.000000 33899459.452113 7167.900000 0.100000 -17.500000 1 0 0 15.330633 
 -4130000.000000 33899459.452113 7167.900000 0.100000 -17.500000 1 0 0 13.064102 
 -4135000.000000 33899459.452113 7167.900000 0.100000 -17.500000 1 0 0 10.313607 
 -4140000.000000 33899459.452113 7167.900000 0.100000 -17.500000 1 0 0 7.065360 
 -4145000.000000 33899459.452113 7167.900000 0.100000 -17.500000 0 1 0 4.060535 
 -4140000.000000 33899459.452113 7167.900000 0.100000 -17.500000 1 0 0 7.065360 
 -4145000.000000 33899459.452113 7167.900000 0.100000 -17.500000 0 1 0 4.060535 
 -4142500.000000 33899459.452113 7167.900000 0.100000 -17.500000 0 1 0 5.541311 
 -4140000.000000 33899459.452113 7167.900000 0.100000 -17.500000 1 0 0 7.065360 
 -4142500.000000 33899459.452113 7167.900000 0.100000 -17.500000 0 1 0 5.541311 
 -4141250.000000 33899459.452113 7167.900000 0.100000 -17.500000 0 0 1 6.323771 
 -4140000.000000 33899459.452113 7167.900000 0.100000 -17.500000 1 0 0 7.065360 
 -4141250.000000 33899459.452113 7167.900000 0.100000 -17.500000 0 0 1 6.323771 
 -4140000.000000 33899459.452113 7167.900000 0.100000 -17.500000 1 0 0 7.065360 
 -4140625.000000 33899459.452113 7167.900000 0.100000 -17.500000 0 0 1 6.703146 
 -4140000.000000 33899459.452113 7167.900000 0.100000 -17.500000 1 0 0 7.065360 
 -4140312.500000 33899459.452113 7167.900000 0.100000 -17.500000 1 0 0 6.883442 
 -4140625.000000 33899459.452113 7167.900000 0.100000 -17.500000 0 0 1 6.703146 
 -4140312.500000 33899459.452113 7167.900000 0.100000 -17.500000 1 0 0 6.883442 
 -4140468.750000 33899459.452113 7167.900000 0.100000 -17.500000 0 0 1 6.793133 
 -4140312.500000 33899459.452113 7167.900000 0.100000 -17.500000 1 0 0 6.883442 
 -4140390.625000 33899459.452113 7167.900000 0.100000 -17.500000 0 0 1 6.859176 
 -4140312.500000 33899459.452113 7167.900000 0.100000 -17.500000 1 0 0 6.883442 
 -4140351.562500 33899459.452113 7167.900000 0.100000 -17.500000 0 0 1 6.860822 
 -4140312.500000 33899459.452113 7167.900000 0.100000 -17.500000 1 0 0 6.883442 
 -4140332.031250 33899459.452113 7167.900000 0.100000 -17.500000 1 0 0 6.882618 
 -4140351.562500 33899459.452113 7167.900000 0.100000 -17.500000 0 0 1 6.860822 
 -4140332.031250 33899459.452113 7167.900000 0.100000 -17.500000 1 0 0 6.882618 
 -4140341.796875 33899459.452113 7167.900000 0.100000 -17.500000 0 0 1 6.861233 
 -4140332.031250 33899459.452113 7167.900000 0.100000 -17.500000 1 0 0 6.882618 
 -4100000.000000 33899459.452113 7167.900000 0.100000 -15.000000 1 0 0 23.322609 
 -4105000.000000 33899459.452113 7167.900000 0.100000 -15.000000 1 0 0 21.986968 
 -4110000.000000 33899459.452113 7167.900000 0.100000 -15.000000 1 0 0 20.503175 
 -4115000.000000 33899459.452113 7167.900000 0.100000 -15.000000 1 0 0 18.934685 
 -4120000.000000 33899459.452113 7167.900000 0.100000 -15.000000 1 0 0 17.234545 
 -4125000.000000 33899459.452113 7167.900000 0.100000 -15.000000 1 0 0 15.331931 
 -4130000.000000 33899459.452113 7167.900000 0.100000 -15.000000 1 0 0 13.065429 
 -4135000.000000 33899459.452113 7167.900000 0.100000 -15.000000 1 0 0 10.314880 
 -4140000.000000 33899459.452113 7167.900000 0.100000 -15.000000 1 0 0 7.066313 
 -4145000.000000 33899459.452113 7167.900000 0.100000 -15.000000 0 1 0 4.061097 
 -4140000.000000 33899459.452113 7167.900000 0.100000 -15.000000 1 0 0 7.066313 
 -4145000.000000 33899459.452113 7167.900000 0.100000 -15.000000 0 1 0 4.061097 
 -4142500.000000 33899459.452113 7167.900000 0.100000 -15.000000 0 1 0 5.542119 
 -4140000.000000 33899459.452113 7167.900000 0.100000 -15.000000 1 0 0 7.066313 
 -4142500.000000 33899459.452113 7167.900000 0.100000 -15.000000 0 1 0 5.542119 
 -4141250.000000 33899459.452113 7167.900000 0.100000 -15.000000 0 0 1 6.324629 
 -4140000.000000 33899459.452113 7167.900000 0.100000 -15.000000 1 0 0 7.066313 
 -4141250.000000 33899459.452113 7167.900000 0.100000 -15.000000 0 0 1 6.324629 
 -4140000.000000 33899459.452113 7167.900000 0.100000 -15.000000 1 0 0 7.066313 
 -4140625.000000 33899459.452113 7167.900000 0.100000 -15.000000 0 0 1 6.704046 
 -4140000.000000 33899459.452113 7167.900000 0.100000 -15.000000 1 0 0 7.066313 
 -4140312.500000 33899459.452113 7167.900000 0.100000 -15.000000 1 0 0 6.884367 
 -4140625.000000 33899459.452113 7167.900000 0.100000 -15.000000 0 0 1 6.704046 
 -4140312.500000 33899459.452113 7167.900000 0.100000 -15.000000 1 0 0 6.884367 
 -4140468.750000 33899459.452113 7167.900000 0.100000 -15.000000 0 0 1 6.794045 
 -4140312.500000 33899459.452113 7167.900000 0.100000 -15.000000 1 0 0 6.884367 
 -4140390.625000 33899459.452113 7167.900000 0.100000 -15.000000 0 0 1 6.860097 
 -4140312.500000 33899459.452113 7167.900000 0.100000 -15.000000 1 0 0 6.884367 
 -4140351.562500 33899459.452113 7167.900000 0.100000 -15.000000 0 0 1 6.861743 
 -4140312.500000 33899459.452113 7167.900000 0.100000 -15.000000 1 0 0 6.884367 
 -4140332.031250 33899459.452113 7167.900000 0.100000 -15.000000 1 0 0 6.883544 
 -4140351.562500 33899459.452113 7167.900000 0.100000 -15.000000 0 0 1 6.861743 
 -4140332.031250 33899459.452113 7167.900000 0.100000 -15.000000 1 0 0 6.883544 
 -4140341.796875 33899459.452113 7167.900000 0.100000 -15.000000 0 0 1 6.862155 
 -4140332.031250 33899459.452113 7167.900000 0.100000 -15.000000 1 0 0 6.883544 
 -4100000.000000 33899459.452113 7167.900000 0.100000 -12.500000 1 0 0 23.323554 
 -4105000.000000 33899459.452113 7167.900000 0.100000 -12.500000 1 0 0 21.987967 
 -4110000.000000 33899459.452113 7167.900000 0.100000 -12.500000 1 0 0 20.504184 
 -4115000.000000 33899459.452113 7167.900000 0.100000 -12.500000 1 0 0 18.935651 
 -4120000.000000 33899459.452113 7167.900000 0.100000 -12.500000 1 0 0 17.235489 
 -4125000.000000 33899459.452113 7167.900000 0.100000 -12.500000 1 0 0 15.332893 
 -4130000.000000 33899459.452113 7167.900000 0.100000 -12.500000 1 0 0 13.066467 
 -4135000.000000 33899459.452113 7167.900000 0.100000 -12.500000 1 0 0 10.315858 
 -4140000.000000 33899459.452113 7167.900000 0.100000 -12.500000 1 0 0 7.066941 
 -4145000.000000 33899459.452113 7167.900000 0.100000 -12.500000 0 1 0 4.061395 
 -4140000.000000 33899459.452113 7167.900000 0.100000 -12.500000 1 0 0 7.066941 
 -4145000.000000 33899459.452113 7167.900000 0.100000 -12.500000 0 1 0 4.061395 
 -4142500.000000 33899459.452113 7167.900000 0.100000 -12.500000 0 1 0 5.542625 
 -4140000.000000 33899459.452113 7167.900000 0.100000 -12.500000 1 0 0 7.066941 
 -4142500.000000 33899459.452113 7167.900000 0.100000 -12.500000 0 1 0 5.542625 
 -4141250.000000 33899459.452113 7167.900000 0.100000 -12.500000 0 0 1 6.325163 
 -4140000.000000 33899459.452113 7167.900000 0.100000 -12.500000 1 0 0 7.066941 
 -4141250.000000 33899459.452113 7167.900000 0.100000 -12.500000 0 0 1 6.325163 
 -4140000.000000 33899459.452113 7167.900000 0.100000 -12.500000 1 0 0 7.066941 
 -4140625.000000 33899459.452113 7167.900000 0.100000 -12.500000 0 0 1 6.704620 
 -4140000.000000 33899459.452113 7167.900000 0.100000 -12.500000 1 0 0 7.066941 
 -4140312.500000 33899459.452113 7167.900000 0.100000 -12.500000 1 0 0 6.884967 
 -4140625.000000 33899459.452113 7167.900000 0.100000 -12.500000 0 0 1 6.704620 
 -4140312.500000 33899459.452113 7167.900000 0.100000 -12.500000 1 0 0 6.884967 
 -4140468.750000 33899459.452113 7167.900000 0.100000 -12.500000 0 0 1 6.794632 
 -4140312.500000 33899459.452113 7167.900000 0.100000 -12.500000 1 0 0 6.884967 
 -4140390.625000 33899459.452113 7167.900000 0.100000 -12.500000 0 0 1 6.860693 
 -4140312.500000 33899459.452113 7167.900000 0.100000 -12.500000 1 0 0 6.884967 
 -4140351.562500 33899459.452113 7167.900000 0.100000 -12.500000 0 0 1 6.862339 
 -4140312.500000 33899459.452113 7167.900000 0.100000 -12.500000 1 0 0 6.884967 
 -4140332.031250 33899459.452113 7167.900000 0.100000 -12.500000 1 0 0 6.884144 
 -4140351.562500 33899459.452113 7167.900000 0.100000 -12.500000 0 0 1 6.862339 
 -4140332.031250 33899459.452113 7167.900000 0.100000 -12.500000 1 0 0 6.884144 
 -4140341.796875 33899459.452113 7167.900000 0.100000 -12.500000 0 0 1 6.862751 
 -4140332.031250 33899459.452113 7167.900000 0.100000 -12.500000 1 0 0 6.884144 
 -4100000.000000 33899459.452113 7167.900000 0.100000 -10.000000 1 0 0 23.324557 
 -4105000.000000 33899459.452113 7167.900000 0.100000 -10.000000 1 0 0 21.989027 
 -4110000.000000 33899459.452113 7167.900000 0.100000 -10.000000 1 0 0 20.505255 
 -4115000.000000 33899459.452113 7167.900000 0.100000 -10.000000 1 0 0 18.936677 
 -4120000.000000 33899459.452113 7167.900000 0.100000 -10.000000 1 0 0 17.236490 
 -4125000.000000 33899459.452113 7167.900000 0.100000 -10.000000 1 0 0 15.333914 
 -4130000.000000 33899459.452113 7167.900000 0.100000 -10.000000 1 0 0 13.067568 
 -4135000.000000 33899459.452113 7167.900000 0.100000 -10.000000 1 0 0 10.316896 
 -4140000.000000 33899459.452113 7167.900000 0.100000 -10.000000 1 0 0 7.067608 
 -4145000.000000 33899459.452113 7167.900000 0.100000 -10.000000 0 1 0 4.061711 
 -4140000.000000 33899459.452113 7167.900000 0.100000 -10.000000 1 0 0 7.067608 
 -4145000.000000 33899459.452113 7167.900000 0.100000 -10.000000 0 1 0 4.061711 
 -4142500.000000 33899459.452113 7167.900000 0.100000 -10.000000 0 1 0 5.543163 
 -4140000.000000 33899459.452113 7167.900000 0.100000 -10.000000 1 0 0 7.067608 
 -4142500.000000 33899459.452113 7167.900000 0.100000 -10.000000 0 1 0 5.543163 
 -4141250.000000 33899459.452113 7167.900000 0.100000 -10.000000 0 0 1 6.325731 
 -4140000.000000 33899459.452113 7167.900000 0.100000 -10.000000 1 0 0 7.067608 
 -4141250.000000 33899459.452113 7167.900000 0.100000 -10.000000 0 0 1 6.325731 
 -4140000.000000 33899459.452113 7167.900000 0.100000 -10.000000 1 0 0 7.067608 
 -4140625.000000 33899459.452113 7167.900000 0.100000 -10.000000 0 0 1 6.705230 
 -4140000.000000 33899459.452113 7167.900000 0.100000 -10.000000 1 0 0 7.067608 
 -4140312.500000 33899459.452113 7167.900000 0.100000 -10.000000 1 0 0 6.885604 
 -4140625.000000 33899459.452113 7167.900000 0.100000 -10.000000 0 0 1 6.705230 
 -4140312.500000 33899459.452113 7167.900000 0.100000 -10.000000 1 0 0 6.885604 
 -4140468.750000 33899459.452113 7167.900000 0.100000 -10.000000 0 0 1 6.795255 
 -4140312.500000 33899459.452113 7167.900000 0.100000 -10.000000 1 0 0 6.885604 
 -4140390.625000 33899459.452113 7167.900000 0.100000 -10.000000 0 0 1 6.861325 
 -4140312.500000 33899459.452113 7167.900000 0.100000 -10.000000 1 0 0 6.885604 
 -4140351.562500 33899459.452113 7167.900000 0.100000 -10.000000 0 0 1 6.862972 
 -4140312.500000 33899459.452113 7167.900000 0.100000 -10.000000 1 0 0 6.885604 
 -4140332.031250 33899459.452113 7167.900000 0.100000 -10.000000 1 0 0 6.884780 
 -4140351.562500 33899459.452113 7167.900000 0.100000 -10.000000 0 0 1 6.862972 
 -4140332.031250 33899459.452113 7167.900000 0.100000 -10.000000 1 0 0 6.884780 
 -4140341.796875 33899459.452113 7167.900000 0.100000 -10.000000 0 0 1 6.863383 
 -4140332.031250 33899459.452113 7167.900000 0.100000 -10.000000 1 0 0 6.884780 
 -4100000.000000 33899459.452113 7167.900000 0.100000 -7.500000 1 0 0 23.325621 
 -4105000.000000 33899459.452113 7167.900000 0.100000 -7.500000 1 0 0 21.990151 
 -4110000.000000 33899459.452113 7167.900000 0.100000 -7.500000 1 0 0 20.506390 
 -4115000.000000 33899459.452113 7167.900000 0.100000 -7.500000 1 0 0 18.937764 
 -4120000.000000 33899459.452113 7167.900000 0.100000 -7.500000 1 0 0 17.237552 
 -4125000.000000 33899459.452113 7167.900000 0.100000 -7.500000 1 0 0 15.334996 
 -4130000.000000 33899459.452113 7167.900000 0.100000 -7.500000 1 0 0 13.068737 
 -4135000.000000 33899459.452113 7167.900000 0.100000 -7.500000 1 0 0 10.317996 
 -4140000.000000 33899459.452113 7167.900000 0.100000 -7.500000 1 0 0 7.068316 
 -4145000.000000 33899459.452113 7167.900000 0.100000 -7.500000 0 1 0 4.062046 
 -4140000.000000 33899459.452113 7167.900000 0.100000 -7.500000 1 0 0 7.068316 
 -4145000.000000 33899459.452113 7167.900000 0.100000 -7.500000 0 1 0 4.062046 
 -4142500.000000 33899459.452113 7167.900000 0.100000 -7.500000 0 1 0 5.543733 
 -4140000.000000 33899459.452113 7167.900000 0.100000 -7.500000 1 0 0 7.068316 
 -4142500.000000 33899459.452113 7167.900000 0.100000 -7.500000 0 1 0 5.543733 
 -4141250.000000 33899459.452113 7167.900000 0.100000 -7.500000 0 0 1 6.326333 
 -4140000.000000 33899459.452113 7167.900000 0.100000 -7.500000 1 0 0 7.068316 
 -4141250.000000 33899459.452113 7167.900000 0.100000 -7.500000 0 0 1 6.326333 
 -4140000.000000 33899459.452113 7167.900000 0.100000 -7.500000 1 0 0 7.068316 
 -4140625.000000 33899459.452113 7167.900000 0.100000 -7.500000 0 0 1 6.705879 
 -4140000.000000 33899459.452113 7167.900000 0.100000 -7.500000 1 0 0 7.068316 
 -4140312.500000 33899459.452113 7167.900000 0.100000 -7.500000 1 0 0 6.886280 
 -4140625.000000 33899459.452113 7167.900000 0.100000 -7.500000 0 0 1 6.705879 
 -4140312.500000 33899459.452113 7167.900000 0.100000 -7.500000 1 0 0 6.886280 
 -4140468.750000 33899459.452113 7167.900000 0.100000 -7.500000 0 0 1 6.795916 
 -4140312.500000 33899459.452113 7167.900000 0.100000 -7.500000 1 0 0 6.886280 
 -4140390.625000 33899459.452113 7167.900000 0.100000 -7.500000 0 0 1 6.861998 
 -4140312.500000 33899459.452113 7167.900000 0.100000 -7.500000 1 0 0 6.886280 
 -4140351.562500 33899459.452113 7167.900000 0.100000 -7.500000 0 0 1 6.863643 
 -4140312.500000 33899459.452113 7167.900000 0.100000 -7.500000 1 0 0 6.886280 
 -4140332.031250 33899459.452113 7167.900000 0.100000 -7.500000 1 0 0 6.885456 
 -4140351.562500 33899459.452113 7167.900000 0.100000 -7.500000 0 0 1 6.863643 
 -4140332.031250 33899459.452113 7167.900000 0.100000 -7.500000 1 0 0 6.885456 
 -4140341.796875 33899459.452113 7167.900000 0.100000 -7.500000 0 0 1 6.864054 
 -4140332.031250 33899459.452113 7167.900000 0.100000 -7.500000 1 0 0 6.885456 
 -4100000.000000 33899459.452113 7167.900000 0.100000 -5.000000 1 0 0 23.326736 
 -4105000.000000 33899459.452113 7167.900000 0.100000 -5.000000 1 0 0 21.991329 
 -4110000.000000 33899459.452113 7167.900000 0.100000 -5.000000 1 0 0 20.507580 
 -4115000.000000 33899459.452113 7167.900000 0.100000 -5.000000 1 0 0 18.938904 
 -4120000.000000 33899459.452113 7167.900000 0.100000 -5.000000 1 0 0 17.238665 
 -4125000.000000 33899459.452113 7167.900000 0.100000 -5.000000 1 0 0 15.336131 
 -4130000.000000 33899459.452113 7167.900000 0.100000 -5.000000 1 0 0 13.069961 
 -4135000.000000 33899459.452113 7167.900000 0.100000 -5.000000 1 0 0 10.319150 
 -4140000.000000 33899459.452113 7167.900000 0.100000 -5.000000 1 0 0 7.069057 
 -4145000.000000 33899459.452113 7167.900000 0.100000 -5.000000 0 1 0 4.062398 
 -4140000.000000 33899459.452113 7167.900000 0.100000 -5.000000 1 0 0 7.069057 
 -4145000.000000 33899459.452113 7167.900000 0.100000 -5.000000 0 1 0 4.062398 
 -4142500.000000 33899459.452113 7167.900000 0.100000 -5.000000 0 1 0 5.544330 
 -4140000.000000 33899459.452113 7167.900000 0.100000 -5.000000 1 0 0 7.069057 
 -4142500.000000 33899459.452113 7167.900000 0.100000 -5.000000 0 1 0 5.544330 
 -4141250.000000 33899459.452113 7167.900000 0.100000 -5.000000 0 0 1 6.326963 
 -4140000.000000 33899459.452113 7167.900000 0.100000 -5.000000 1 0 0 7.069057 
 -4141250.000000 33899459.452113 7167.900000 0.100000 -5.000000 0 0 1 6.326963 
 -4140000.000000 33899459.452113 7167.900000 0.100000 -5.000000 1 0 0 7.069057 
 -4140625.000000 33899459.452113 7167.900000 0.100000 -5.000000 0 0 1 6.706560 
 -4140000.000000 33899459.452113 7167.900000 0.100000 -5.000000 1 0 0 7.069057 
 -4140312.500000 33899459.452113 7167.900000 0.100000 -5.000000 1 0 0 6.886988 
 -4140625.000000 33899459.452113 7167.900000 0.100000 -5.000000 0 0 1 6.706560 
 -4140312.500000 33899459.452113 7167.900000 0.100000 -5.000000 1 0 0 6.886988 
 -4140468.750000 33899459.452113 7167.900000 0.100000 -5.000000 0 0 1 6.796608 
 -4140312.500000 33899459.452113 7167.900000 0.100000 -5.000000 1 0 0 6.886988 
 -4140390.625000 33899459.452113 7167.900000 0.100000 -5.000000 0 0 1 6.862704 
 -4140312.500000 33899459.452113 7167.900000 0.100000 -5.000000 1 0 0 6.886988 
 -4140351.562500 33899459.452113 7167.900000 0.100000 -5.000000 0 0 1 6.864349 
 -4140312.500000 33899459.452113 7167.900000 0.100000 -5.000000 1 0 0 6.886988 
 -4140332.031250 33899459.452113 7167.900000 0.100000 -5.000000 1 0 0 6.886163 
 -4140351.562500 33899459.452113 7167.900000 0.100000 -5.000000 0 0 1 6.864349 
 -4140332.031250 33899459.452113 7167.900000 0.100000 -5.000000 1 0 0 6.886163 
 -4140341.796875 33899459.452113 7167.900000 0.100000 -5.000000 0 0 1 6.864761 
 -4140332.031250 33899459.452113 7167.900000 0.100000 -5.000000 1 0 0 6.886163 
 -4100000.000000 33899459.452113 7167.900000 0.100000 -2.500000 1 0 0 23.328358 
 -4105000.000000 33899459.452113 7167.900000 0.100000 -2.500000 1 0 0 21.992966 
 -4110000.000000 33899459.452113 7167.900000 0.100000 -2.500000 1 0 0 20.509222 
 -4115000.000000 33899459.452113 7167.900000 0.100000 -2.500000 1 0 0 18.940517 
 -4120000.000000 33899459.452113 7167.900000 0.100000 -2.500000 1 0 0 17.240255 
 -4125000.000000 33899459.452113 7167.900000 0.100000 -2.500000 1 0 0 15.337729 
 -4130000.000000 33899459.452113 7167.900000 0.100000 -2.500000 1 0 0 13.071612 
 -4135000.000000 33899459.452113 7167.900000 0.100000 -2.500000 1 0 0 10.320728 
 -4140000.000000 33899459.452113 7167.900000 0.100000 -2.500000 1 0 0 7.070207 
 -4145000.000000 33899459.452113 7167.900000 0.100000 -2.500000 0 1 0 4.063053 
 -4140000.000000 33899459.452113 7167.900000 0.100000 -2.500000 1 0 0 7.070207 
 -4145000.000000 33899459.452113 7167.900000 0.100000 -2.500000 0 1 0 4.063053 
 -4142500.000000 33899459.452113 7167.900000 0.100000 -2.500000 0 1 0 5.545296 
 -4140000.000000 33899459.452113 7167.900000 0.100000 -2.500000 1 0 0 7.070207 
 -4142500.000000 33899459.452113 7167.900000 0.100000 -2.500000 0 1 0 5.545296 
 -4141250.000000 33899459.452113 7167.900000 0.100000 -2.500000 0 0 1 6.327988 
 -4140000.000000 33899459.452113 7167.900000 0.100000 -2.500000 1 0 0 7.070207 
 -4141250.000000 33899459.452113 7167.900000 0.100000 -2.500000 0 0 1 6.327988 
 -4140000.000000 33899459.452113 7167.900000 0.100000 -2.500000 1 0 0 7.070207 
 -4140625.000000 33899459.452113 7167.900000 0.100000 -2.500000 0 0 1 6.707643 
 -4140000.000000 33899459.452113 7167.900000 0.100000 -2.500000 1 0 0 7.070207 
 -4140312.500000 33899459.452113 7167.900000 0.100000 -2.500000 1 0 0 6.888101 
 -4140625.000000 33899459.452113 7167.900000 0.100000 -2.500000 0 0 1 6.707643 
 -4140312.500000 33899459.452113 7167.900000 0.100000 -2.500000 1 0 0 6.888101 
 -4140468.750000 33899459.452113 7167.900000 0.100000 -2.500000 0 0 1 6.797705 
 -4140312.500000 33899459.452113 7167.900000 0.100000 -2.500000 1 0 0 6.888101 
 -4140390.625000 33899459.452113 7167.900000 0.100000 -2.500000 0 0 1 6.863815 
 -4140312.500000 33899459.452113 7167.900000 0.100000 -2.500000 1 0 0 6.888101 
 -4140351.562500 33899459.452113 7167.900000 0.100000 -2.500000 0 0 1 6.865461 
 -4140312.500000 33899459.452113 7167.900000 0.100000 -2.500000 1 0 0 6.888101 
 -4140332.031250 33899459.452113 7167.900000 0.100000 -2.500000 1 0 0 6.887277 
 -4140351.562500 33899459.452113 7167.900000 0.100000 -2.500000 0 0 1 6.865461 
 -4140332.031250 33899459.452113 7167.900000 0.100000 -2.500000 1 0 0 6.887277 
 -4140341.796875 33899459.452113 7167.900000 0.100000 -2.500000 0 0 1 6.865872 
 -4140332.031250 33899459.452113 7167.900000 0.100000 -2.500000 1 0 0 6.887277 
 -4100000.000000 33899459.452113 7167.900000 0.100000 0.000000 1 0 0 23.329550 
 -4105000.000000 33899459.452113 7167.900000 0.100000 0.000000 1 0 0 21.994225 
 -4110000.000000 33899459.452113 7167.900000 0.100000 0.000000 1 0 0 20.510498 
 -4115000.000000 33899459.452113 7167.900000 0.100000 0.000000 1 0 0 18.941736 
 -4120000.000000 33899459.452113 7167.900000 0.100000 0.000000 1 0 0 17.241445 
 -4125000.000000 33899459.452113 7167.900000 0.100000 0.000000 1 0 0 15.338942 
 -4130000.000000 33899459.452113 7167.900000 0.100000 0.000000 1 0 0 13.072921 
 -4135000.000000 33899459.452113 7167.900000 0.100000 0.000000 1 0 0 10.321962 
 -4140000.000000 33899459.452113 7167.900000 0.100000 0.000000 1 0 0 7.071000 
 -4145000.000000 33899459.452113 7167.900000 0.100000 0.000000 0 1 0 4.063429 
 -4140000.000000 33899459.452113 7167.900000 0.100000 0.000000 1 0 0 7.071000 
 -4145000.000000 33899459.452113 7167.900000 0.100000 0.000000 0 1 0 4.063429 
 -4142500.000000 33899459.452113 7167.900000 0.100000 0.000000 0 1 0 5.545935 
 -4140000.000000 33899459.452113 7167.900000 0.100000 0.000000 1 0 0 7.071000 
 -4142500.000000 33899459.452113 7167.900000 0.100000 0.000000 0 1 0 5.545935 
 -4141250.000000 33899459.452113 7167.900000 0.100000 0.000000 0 0 1 6.328662 
 -4140000.000000 33899459.452113 7167.900000 0.100000 0.000000 1 0 0 7.071000 
 -4141250.000000 33899459.452113 7167.900000 0.100000 0.000000 0 0 1 6.328662 
 -4140000.000000 33899459.452113 7167.900000 0.100000 0.000000 1 0 0 7.071000 
 -4140625.000000 33899459.452113 7167.900000 0.100000 0.000000 0 0 1 6.708372 
 -4140000.000000 33899459.452113 7167.900000 0.100000 0.000000 1 0 0 7.071000 
 -4140312.500000 33899459.452113 7167.900000 0.100000 0.000000 1 0 0 6.888858 
 -4140625.000000 33899459.452113 7167.900000 0.100000 0.000000 0 0 1 6.708372 
 -4140312.500000 33899459.452113 7167.900000 0.100000 0.000000 1 0 0 6.888858 
 -4140468.750000 33899459.452113 7167.900000 0.100000 0.000000 0 0 1 6.798445 
 -4140312.500000 33899459.452113 7167.900000 0.100000 0.000000 1 0 0 6.888858 
 -4140390.625000 33899459.452113 7167.900000 0.100000 0.000000 0 0 1 6.864571 
 -4140312.500000 33899459.452113 7167.900000 0.100000 0.000000 1 0 0 6.888858 
 -4140351.562500 33899459.452113 7167.900000 0.100000 0.000000 0 0 1 6.866217 
 -4140312.500000 33899459.452113 7167.900000 0.100000 0.000000 1 0 0 6.888858 
 -4140332.031250 33899459.452113 7167.900000 0.100000 0.000000 1 0 0 6.888033 
 -4140351.562500 33899459.452113 7167.900000 0.100000 0.000000 0 0 1 6.866217 
 -4140332.031250 33899459.452113 7167.900000 0.100000 0.000000 1 0 0 6.888033 
 -4140341.796875 33899459.452113 7167.900000 0.100000 0.000000 0 0 1 6.866628 
 -4140332.031250 33899459.452113 7167.900000 0.100000 0.000000 1 0 0 6.888033 
 -4100000.000000 33899459.452113 7167.900000 0.100000 2.500000 1 0 0 23.330742 
 -4105000.000000 33899459.452113 7167.900000 0.100000 2.500000 1 0 0 21.995484 
 -4110000.000000 33899459.452113 7167.900000 0.100000 2.500000 1 0 0 20.511780 
 -4115000.000000 33899459.452113 7167.900000 0.100000 2.500000 1 0 0 18.942955 
 -4120000.000000 33899459.452113 7167.900000 0.100000 2.500000 1 0 0 17.242636 
 -4125000.000000 33899459.452113 7167.900000 0.100000 2.500000 1 0 0 15.340155 
 -4130000.000000 33899459.452113 7167.900000 0.100000 2.500000 1 0 0 13.074231 
 -4135000.000000 33899459.452113 7167.900000 0.100000 2.500000 1 0 0 10.323196 
 -4140000.000000 33899459.452113 7167.900000 0.100000 2.500000 1 0 0 7.071793 
 -4145000.000000 33899459.452113 7167.900000 0.100000 2.500000 0 1 0 4.063805 
 -4140000.000000 33899459.452113 7167.900000 0.100000 2.500000 1 0 0 7.071793 
 -4145000.000000 33899459.452113 7167.900000 0.100000 2.500000 0 1 0 4.063805 
 -4142500.000000 33899459.452113 7167.900000 0.100000 2.500000 0 1 0 5.546574 
 -4140000.000000 33899459.452113 7167.900000 0.100000 2.500000 1 0 0 7.071793 
 -4142500.000000 33899459.452113 7167.900000 0.100000 2.500000 0 1 0 5.546574 
 -4141250.000000 33899459.452113 7167.900000 0.100000 2.500000 0 0 1 6.329337 
 -4140000.000000 33899459.452113 7167.900000 0.100000 2.500000 1 0 0 7.071793 
 -4141250.000000 33899459.452113 7167.900000 0.100000 2.500000 0 0 1 6.329337 
 -4140000.000000 33899459.452113 7167.900000 0.100000 2.500000 1 0 0 7.071793 
 -4140625.000000 33899459.452113 7167.900000 0.100000 2.500000 0 0 1 6.709100 
 -4140000.000000 33899459.452113 7167.900000 0.100000 2.500000 1 0 0 7.071793 
 -4140312.500000 33899459.452113 7167.900000 0.100000 2.500000 1 0 0 6.889615 
 -4140625.000000 33899459.452113 7167.900000 0.100000 2.500000 0 0 1 6.709100 
 -4140312.500000 33899459.452113 7167.900000 0.100000 2.500000 1 0 0 6.889615 
 -4140468.750000 33899459.452113 7167.900000 0.100000 2.500000 0 0 1 6.799186 
 -4140312.500000 33899459.452113 7167.900000 0.100000 2.500000 1 0 0 6.889615 
 -4140390.625000 33899459.452113 7167.900000 0.100000 2.500000 0 0 1 6.865327 
 -4140312.500000 33899459.452113 7167.900000 0.100000 2.500000 1 0 0 6.889615 
 -4140351.562500 33899459.452113 7167.900000 0.100000 2.500000 0 0 1 6.866973 
 -4140312.500000 33899459.452113 7167.900000 0.100000 2.500000 1 0 0 6.889615 
 -4140332.031250 33899459.452113 7167.900000 0.100000 2.500000 1 0 0 6.888790 
 -4140351.562500 33899459.452113 7167.900000 0.100000 2.500000 0 0 1 6.866973 
 -4140332.031250 33899459.452113 7167.900000 0.100000 2.500000 1 0 0 6.888790 
 -4140341.796875 33899459.452113 7167.900000 0.100000 2.500000 0 0 1 6.867384 
 -4140332.031250 33899459.452113 7167.900000 0.100000 2.500000 1 0 0 6.888790 
 -4100000.000000 33899459.452113 7167.900000 0.100000 5.000000 1 0 0 23.331437 
 -4105000.000000 33899459.452113 7167.900000 0.100000 5.000000 1 0 0 21.996296 
 -4110000.000000 33899459.452113 7167.900000 0.100000 5.000000 1 0 0 20.512630 
 -4115000.000000 33899459.452113 7167.900000 0.100000 5.000000 1 0 0 18.943711 
 -4120000.000000 33899459.452113 7167.900000 0.100000 5.000000 1 0 0 17.243359 
 -4125000.000000 33899459.452113 7167.900000 0.100000 5.000000 1 0 0 15.340914 
 -4130000.000000 33899459.452113 7167.900000 0.100000 5.000000 1 0 0 13.075126 
 -4135000.000000 33899459.452113 7167.900000 0.100000 5.000000 1 0 0 10.324015 
 -4140000.000000 33899459.452113 7167.900000 0.100000 5.000000 1 0 0 7.072185 
 -4145000.000000 33899459.452113 7167.900000 0.100000 5.000000 0 1 0 4.063879 
 -4140000.000000 33899459.452113 7167.900000 0.100000 5.000000 1 0 0 7.072185 
 -4145000.000000 33899459.452113 7167.900000 0.100000 5.000000 0 1 0 4.063879 
 -4142500.000000 33899459.452113 7167.900000 0.100000 5.000000 0 1 0 5.546849 
 -4140000.000000 33899459.452113 7167.900000 0.100000 5.000000 1 0 0 7.072185 
 -4142500.000000 33899459.452113 7167.900000 0.100000 5.000000 0 1 0 5.546849 
 -4141250.000000 33899459.452113 7167.900000 0.100000 5.000000 0 0 1 6.329623 
 -4140000.000000 33899459.452113 7167.900000 0.100000 5.000000 1 0 0 7.072185 
 -4141250.000000 33899459.452113 7167.900000 0.100000 5.000000 0 0 1 6.329623 
 -4140000.000000 33899459.452113 7167.900000 0.100000 5.000000 1 0 0 7.072185 
 -4140625.000000 33899459.452113 7167.900000 0.100000 5.000000 0 0 1 6.709433 
 -4140000.000000 33899459.452113 7167.900000 0.100000 5.000000 1 0 0 7.072185 
 -4140312.500000 33899459.452113 7167.900000 0.100000 5.000000 1 0 0 6.889974 
 -4140625.000000 33899459.452113 7167.900000 0.100000 5.000000 0 0 1 6.709433 
 -4140312.500000 33899459.452113 7167.900000 0.100000 5.000000 1 0 0 6.889974 
 -4140468.750000 33899459.452113 7167.900000 0.100000 5.000000 0 0 1 6.799530 
 -4140312.500000 33899459.452113 7167.900000 0.100000 5.000000 1 0 0 6.889974 
 -4140390.625000 33899459.452113 7167.900000 0.100000 5.000000 0 0 1 6.865684 
 -4140312.500000 33899459.452113 7167.900000 0.100000 5.000000 1 0 0 6.889974 
 -4140351.562500 33899459.452113 7167.900000 0.100000 5.000000 0 0 1 6.867331 
 -4140312.500000 33899459.452113 7167.900000 0.100000 5.000000 1 0 0 6.889974 
 -4140332.031250 33899459.452113 7167.900000 0.100000 5.000000 1 0 0 6.889149 
 -4140351.562500 33899459.452113 7167.900000 0.100000 5.000000 0 0 1 6.867331 
 -4140332.031250 33899459.452113 7167.900000 0.100000 5.000000 1 0 0 6.889149 
 -4140341.796875 33899459.452113 7167.900000 0.100000 5.000000 0 0 1 6.867742 
 -4140332.031250 33899459.452113 7167.900000 0.100000 5.000000 1 0 0 6.889149 
 -4100000.000000 33899459.452113 7167.900000 0.100000 7.500000 1 0 0 23.332552 
 -4105000.000000 33899459.452113 7167.900000 0.100000 7.500000 1 0 0 21.997474 
 -4110000.000000 33899459.452113 7167.900000 0.100000 7.500000 1 0 0 20.513830 
 -4115000.000000 33899459.452113 7167.900000 0.100000 7.500000 1 0 0 18.944852 
 -4120000.000000 33899459.452113 7167.900000 0.100000 7.500000 1 0 0 17.244473 
 -4125000.000000 33899459.452113 7167.900000 0.100000 7.500000 1 0 0 15.342049 
 -4130000.000000 33899459.452113 7167.900000 0.100000 7.500000 1 0 0 13.076351 
 -4135000.000000 33899459.452113 7167.900000 0.100000 7.500000 1 0 0 10.325170 
 -4140000.000000 33899459.452113 7167.900000 0.100000 7.500000 1 0 0 7.072927 
 -4145000.000000 33899459.452113 7167.900000 0.100000 7.500000 0 1 0 4.064231 
 -4140000.000000 33899459.452113 7167.900000 0.100000 7.500000 1 0 0 7.072927 
 -4145000.000000 33899459.452113 7167.900000 0.100000 7.500000 0 1 0 4.064231 
 -4142500.000000 33899459.452113 7167.900000 0.100000 7.500000 0 1 0 5.547446 
 -4140000.000000 33899459.452113 7167.900000 0.100000 7.500000 1 0 0 7.072927 
 -4142500.000000 33899459.452113 7167.900000 0.100000 7.500000 0 1 0 5.547446 
 -4141250.000000 33899459.452113 7167.900000 0.100000 7.500000 0 0 1 6.330256 
 -4140000.000000 33899459.452113 7167.900000 0.100000 7.500000 1 0 0 7.072927 
 -4141250.000000 33899459.452113 7167.900000 0.100000 7.500000 0 0 1 6.330256 
 -4140000.000000 33899459.452113 7167.900000 0.100000 7.500000 1 0 0 7.072927 
 -4140625.000000 33899459.452113 7167.900000 0.100000 7.500000 0 0 1 6.710115 
 -4140000.000000 33899459.452113 7167.900000 0.100000 7.500000 1 0 0 7.072927 
 -4140312.500000 33899459.452113 7167.900000 0.100000 7.500000 1 0 0 6.890682 
 -4140625.000000 33899459.452113 7167.900000 0.100000 7.500000 0 0 1 6.710115 
 -4140312.500000 33899459.452113 7167.900000 0.100000 7.500000 1 0 0 6.890682 
 -4140468.750000 33899459.452113 7167.900000 0.100000 7.500000 0 0 1 6.800226 
 -4140312.500000 33899459.452113 7167.900000 0.100000 7.500000 1 0 0 6.890682 
 -4140390.625000 33899459.452113 7167.900000 0.100000 7.500000 0 0 1 6.866392 
 -4140312.500000 33899459.452113 7167.900000 0.100000 7.500000 1 0 0 6.890682 
 -4140351.562500 33899459.452113 7167.900000 0.100000 7.500000 1 0 0 6.868038 
 -4140390.625000 33899459.452113 7167.900000 0.100000 7.500000 0 0 1 6.866392 
 -4140351.562500 33899459.452113 7167.900000 0.100000 7.500000 1 0 0 6.868038 
 -4140371.093750 33899459.452113 7167.900000 0.100000 7.500000 0 0 1 6.846241 
 -4140351.562500 33899459.452113 7167.900000 0.100000 7.500000 1 0 0 6.868038 
 -4140361.328125 33899459.452113 7167.900000 0.100000 7.500000 1 0 0 6.867627 
 -4140371.093750 33899459.452113 7167.900000 0.100000 7.500000 0 0 1 6.846241 
 -4140361.328125 33899459.452113 7167.900000 0.100000 7.500000 1 0 0 6.867627 
 -4100000.000000 33899459.452113 7167.900000 0.100000 10.000000 1 0 0 23.333616 
 -4105000.000000 33899459.452113 7167.900000 0.100000 10.000000 1 0 0 21.998598 
 -4110000.000000 33899459.452113 7167.900000 0.100000 10.000000 1 0 0 20.514974 
 -4115000.000000 33899459.452113 7167.900000 0.100000 10.000000 1 0 0 18.945940 
 -4120000.000000 33899459.452113 7167.900000 0.100000 10.000000 1 0 0 17.245535 
 -4125000.000000 33899459.452113 7167.900000 0.100000 10.000000 1 0 0 15.343132 
 -4130000.000000 33899459.452113 7167.900000 0.100000 10.000000 1 0 0 13.077520 
 -4135000.000000 33899459.452113 7167.900000 0.100000 10.000000 1 0 0 10.326271 
 -4140000.000000 33899459.452113 7167.900000 0.100000 10.000000 1 0 0 7.073635 
 -4145000.000000 33899459.452113 7167.900000 0.100000 10.000000 0 1 0 4.064566 
 -4140000.000000 33899459.452113 7167.900000 0.100000 10.000000 1 0 0 7.073635 
 -4145000.000000 33899459.452113 7167.900000 0.100000 10.000000 0 1 0 4.064566 
 -4142500.000000 33899459.452113 7167.900000 0.100000 10.000000 0 1 0 5.548016 
 -4140000.000000 33899459.452113 7167.900000 0.100000 10.000000 1 0 0 7.073635 
 -4142500.000000 33899459.452113 7167.900000 0.100000 10.000000 0 1 0 5.548016 
 -4141250.000000 33899459.452113 7167.900000 0.100000 10.000000 0 0 1 6.330861 
 -4140000.000000 33899459.452113 7167.900000 0.100000 10.000000 1 0 0 7.073635 
 -4141250.000000 33899459.452113 7167.900000 0.100000 10.000000 0 0 1 6.330861 
 -4140000.000000 33899459.452113 7167.900000 0.100000 10.000000 1 0 0 7.073635 
 -4140625.000000 33899459.452113 7167.900000 0.100000 10.000000 0 0 1 6.710766 
 -4140000.000000 33899459.452113 7167.900000 0.100000 10.000000 1 0 0 7.073635 
 -4140312.500000 33899459.452113 7167.900000 0.100000 10.000000 1 0 0 6.891358 
 -4140625.000000 33899459.452113 7167.900000 0.100000 10.000000 0 0 1 6.710766 
 -4140312.500000 33899459.452113 7167.900000 0.100000 10.000000 1 0 0 6.891358 
 -4140468.750000 33899459.452113 7167.900000 0.100000 10.000000 0 0 1 6.800891 
 -4140312.500000 33899459.452113 7167.900000 0.100000 10.000000 1 0 0 6.891358 
 -4140390.625000 33899459.452113 7167.900000 0.100000 10.000000 1 0 0 6.867066 
 -4140468.750000 33899459.452113 7167.900000 0.100000 10.000000 0 0 1 6.800891 
 -4140390.625000 33899459.452113 7167.900000 0.100000 10.000000 1 0 0 6.867066 
 -4140429.687500 33899459.452113 7167.900000 0.100000 10.000000 0 0 1 6.823479 
 -4140390.625000 33899459.452113 7167.900000 0.100000 10.000000 1 0 0 6.867066 
 -4140410.156250 33899459.452113 7167.900000 0.100000 10.000000 0 0 1 6.824302 
 -4140390.625000 33899459.452113 7167.900000 0.100000 10.000000 1 0 0 6.867066 
 -4140400.390625 33899459.452113 7167.900000 0.100000 10.000000 0 0 1 6.845677 
 -4140390.625000 33899459.452113 7167.900000 0.100000 10.000000 1 0 0 6.867066 
 -4100000.000000 33899459.452113 7167.900000 0.100000 12.500000 1 0 0 23.334619 
 -4105000.000000 33899459.452113 7167.900000 0.100000 12.500000 1 0 0 21.999658 
 -4110000.000000 33899459.452113 7167.900000 0.100000 12.500000 1 0 0 20.516054 
 -4115000.000000 33899459.452113 7167.900000 0.100000 12.500000 1 0 0 18.946967 
 -4120000.000000 33899459.452113 7167.900000 0.100000 12.500000 1 0 0 17.246538 
 -4125000.000000 33899459.452113 7167.900000 0.100000 12.500000 1 0 0 15.344153 
 -4130000.000000 33899459.452113 7167.900000 0.100000 12.500000 1 0 0 13.078623 
 -4135000.000000 33899459.452113 7167.900000 0.100000 12.500000 1 0 0 10.327310 
 -4140000.000000 33899459.452113 7167.900000 0.100000 12.500000 1 0 0 7.074303 
 -4145000.000000 33899459.452113 7167.900000 0.100000 12.500000 0 1 0 4.064883 
 -4140000.000000 33899459.452113 7167.900000 0.100000 12.500000 1 0 0 7.074303 
 -4145000.000000 33899459.452113 7167.900000 0.100000 12.500000 0 1 0 4.064883 
 -4142500.000000 33899459.452113 7167.900000 0.100000 12.500000 0 1 0 5.548554 
 -4140000.000000 33899459.452113 7167.900000 0.100000 12.500000 1 0 0 7.074303 
 -4142500.000000 33899459.452113 7167.900000 0.100000 12.500000 0 1 0 5.548554 
 -4141250.000000 33899459.452113 7167.900000 0.100000 12.500000 0 0 1 6.331432 
 -4140000.000000 33899459.452113 7167.900000 0.100000 12.500000 1 0 0 7.074303 
 -4141250.000000 33899459.452113 7167.900000 0.100000 12.500000 0 0 1 6.331432 
 -4140000.000000 33899459.452113 7167.900000 0.100000 12.500000 1 0 0 7.074303 
 -4140625.000000 33899459.452113 7167.900000 0.100000 12.500000 0 0 1 6.711380 
 -4140000.000000 33899459.452113 7167.900000 0.100000 12.500000 1 0 0 7.074303 
 -4140312.500000 33899459.452113 7167.900000 0.100000 12.500000 1 0 0 6.891996 
 -4140625.000000 33899459.452113 7167.900000 0.100000 12.500000 0 0 1 6.711380 
 -4140312.500000 33899459.452113 7167.900000 0.100000 12.500000 1 0 0 6.891996 
 -4140468.750000 33899459.452113 7167.900000 0.100000 12.500000 0 0 1 6.801519 
 -4140312.500000 33899459.452113 7167.900000 0.100000 12.500000 1 0 0 6.891996 
 -4140390.625000 33899459.452113 7167.900000 0.100000 12.500000 1 0 0 6.867703 
 -4140468.750000 33899459.452113 7167.900000 0.100000 12.500000 0 0 1 6.801519 
 -4140390.625000 33899459.452113 7167.900000 0.100000 12.500000 1 0 0 6.867703 
 -4140429.687500 33899459.452113 7167.900000 0.100000 12.500000 0 0 1 6.824107 
 -4140390.625000 33899459.452113 7167.900000 0.100000 12.500000 1 0 0 6.867703 
 -4140410.156250 33899459.452113 7167.900000 0.100000 12.500000 0 0 1 6.824930 
 -4140390.625000 33899459.452113 7167.900000 0.100000 12.500000 1 0 0 6.867703 
 -4140400.390625 33899459.452113 7167.900000 0.100000 12.500000 0 0 1 6.846310 
 -4140390.625000 33899459.452113 7167.900000 0.100000 12.500000 1 0 0 6.867703 
 -4100000.000000 33899459.452113 7167.900000 0.100000 15.000000 1 0 0 23.335565 
 -4105000.000000 33899459.452113 7167.900000 0.100000 15.000000 1 0 0 22.000657 
 -4110000.000000 33899459.452113 7167.900000 0.100000 15.000000 1 0 0 20.517071 
 -4115000.000000 33899459.452113 7167.900000 0.100000 15.000000 1 0 0 18.947935 
 -4120000.000000 33899459.452113 7167.900000 0.100000 15.000000 1 0 0 17.247482 
 -4125000.000000 33899459.452113 7167.900000 0.100000 15.000000 1 0 0 15.345116 
 -4130000.000000 33899459.452113 7167.900000 0.100000 15.000000 1 0 0 13.079662 
 -4135000.000000 33899459.452113 7167.900000 0.100000 15.000000 1 0 0 10.328290 
 -4140000.000000 33899459.452113 7167.900000 0.100000 15.000000 1 0 0 7.074933 
 -4145000.000000 33899459.452113 7167.900000 0.100000 15.000000 0 1 0 4.065182 
 -4140000.000000 33899459.452113 7167.900000 0.100000 15.000000 1 0 0 7.074933 
 -4145000.000000 33899459.452113 7167.900000 0.100000 15.000000 0 1 0 4.065182 
 -4142500.000000 33899459.452113 7167.900000 0.100000 15.000000 0 1 0 5.549060 
 -4140000.000000 33899459.452113 7167.900000 0.100000 15.000000 1 0 0 7.074933 
 -4142500.000000 33899459.452113 7167.900000 0.100000 15.000000 0 1 0 5.549060 
 -4141250.000000 33899459.452113 7167.900000 0.100000 15.000000 0 0 1 6.331970 
 -4140000.000000 33899459.452113 7167.900000 0.100000 15.000000 1 0 0 7.074933 
 -4141250.000000 33899459.452113 7167.900000 0.100000 15.000000 0 0 1 6.331970 
 -4140000.000000 33899459.452113 7167.900000 0.100000 15.000000 1 0 0 7.074933 
 -4140625.000000 33899459.452113 7167.900000 0.100000 15.000000 0 0 1 6.711958 
 -4140000.000000 33899459.452113 7167.900000 0.100000 15.000000 1 0 0 7.074933 
 -4140312.500000 33899459.452113 7167.900000 0.100000 15.000000 1 0 0 6.892601 
 -4140625.000000 33899459.452113 7167.900000 0.100000 15.000000 0 0 1 6.711958 
 -4140312.500000 33899459.452113 7167.900000 0.100000 15.000000 1 0 0 6.892601 
 -4140468.750000 33899459.452113 7167.900000 0.100000 15.000000 0 0 1 6.802110 
 -4140312.500000 33899459.452113 7167.900000 0.100000 15.000000 1 0 0 6.892601 
 -4140390.625000 33899459.452113 7167.900000 0.100000 15.000000 1 0 0 6.868303 
 -4140468.750000 33899459.452113 7167.900000 0.100000 15.000000 0 0 1 6.802110 
 -4140390.625000 33899459.452113 7167.900000 0.100000 15.000000 1 0 0 6.868303 
 -4140429.687500 33899459.452113 7167.900000 0.100000 15.000000 0 0 1 6.824699 
 -4140390.625000 33899459.452113 7167.900000 0.100000 15.000000 1 0 0 6.868303 
 -4140410.156250 33899459.452113 7167.900000 0.100000 15.000000 0 0 1 6.825522 
 -4140390.625000 33899459.452113 7167.900000 0.100000 15.000000 1 0 0 6.868303 
 -4140400.390625 33899459.452113 7167.900000 0.100000 15.000000 0 0 1 6.846906 
 -4140390.625000 33899459.452113 7167.900000 0.100000 15.000000 1 0 0 6.868303 
 -4100000.000000 33899459.452113 7167.900000 0.100000 17.500000 1 0 0 23.335965 
 -4105000.000000 33899459.452113 7167.900000 0.100000 17.500000 1 0 0 22.001157 
 -4110000.000000 33899459.452113 7167.900000 0.100000 17.500000 1 0 0 20.517605 
 -4115000.000000 33899459.452113 7167.900000 0.100000 17.500000 1 0 0 18.948390 
 -4120000.000000 33899459.452113 7167.900000 0.100000 17.500000 1 0 0 17.247912 
 -4125000.000000 33899459.452113 7167.900000 0.100000 17.500000 1 0 0 15.345575 
 -4130000.000000 33899459.452113 7167.900000 0.100000 17.500000 1 0 0 13.080233 
 -4135000.000000 33899459.452113 7167.900000 0.100000 17.500000 1 0 0 10.328804 
 -4140000.000000 33899459.452113 7167.900000 0.100000 17.500000 1 0 0 7.075133 
 -4145000.000000 33899459.452113 7167.900000 0.100000 17.500000 0 1 0 4.065165 
 -4140000.000000 33899459.452113 7167.900000 0.100000 17.500000 1 0 0 7.075133 
 -4145000.000000 33899459.452113 7167.900000 0.100000 17.500000 0 1 0 4.065165 
 -4142500.000000 33899459.452113 7167.900000 0.100000 17.500000 0 1 0 5.549177 
 -4140000.000000 33899459.452113 7167.900000 0.100000 17.500000 1 0 0 7.075133 
 -4142500.000000 33899459.452113 7167.900000 0.100000 17.500000 0 1 0 5.549177 
 -4141250.000000 33899459.452113 7167.900000 0.100000 17.500000 0 0 1 6.332093 
 -4140000.000000 33899459.452113 7167.900000 0.100000 17.500000 1 0 0 7.075133 
 -4141250.000000 33899459.452113 7167.900000 0.100000 17.500000 0 0 1 6.332093 
 -4140000.000000 33899459.452113 7167.900000 0.100000 17.500000 1 0 0 7.075133 
 -4140625.000000 33899459.452113 7167.900000 0.100000 17.500000 0 0 1 6.712111 
 -4140000.000000 33899459.452113 7167.900000 0.100000 17.500000 1 0 0 7.075133 
 -4140312.500000 33899459.452113 7167.900000 0.100000 17.500000 1 0 0 6.892776 
 -4140625.000000 33899459.452113 7167.900000 0.100000 17.500000 0 0 1 6.712111 
 -4140312.500000 33899459.452113 7167.900000 0.100000 17.500000 1 0 0 6.892776 
 -4140468.750000 33899459.452113 7167.900000 0.100000 17.500000 0 0 1 6.802273 
 -4140312.500000 33899459.452113 7167.900000 0.100000 17.500000 1 0 0 6.892776 
 -4140390.625000 33899459.452113 7167.900000 0.100000 17.500000 1 0 0 6.868474 
 -4140468.750000 33899459.452113 7167.900000 0.100000 17.500000 0 0 1 6.802273 
 -4140390.625000 33899459.452113 7167.900000 0.100000 17.500000 1 0 0 6.868474 
 -4140429.687500 33899459.452113 7167.900000 0.100000 17.500000 0 0 1 6.824863 
 -4140390.625000 33899459.452113 7167.900000 0.100000 17.500000 1 0 0 6.868474 
 -4140410.156250 33899459.452113 7167.900000 0.100000 17.500000 0 0 1 6.825686 
 -4140390.625000 33899459.452113 7167.900000 0.100000 17.500000 1 0 0 6.868474 
 -4140400.390625 33899459.452113 7167.900000 0.100000 17.500000 0 0 1 6.847073 
 -4140390.625000 33899459.452113 7167.900000 0.100000 17.500000 1 0 0 6.868474 
 -4100000.000000 33899459.452113 7167.900000 0.100000 20.000000 1 0 0 23.336762 
 -4105000.000000 33899459.452113 7167.900000 0.100000 20.000000 1 0 0 22.001999 
 -4110000.000000 33899459.452113 7167.900000 0.100000 20.000000 1 0 0 20.518463 
 -4115000.000000 33899459.452113 7167.900000 0.100000 20.000000 1 0 0 18.949206 
 -4120000.000000 33899459.452113 7167.900000 0.100000 20.000000 1 0 0 17.248708 
 -4125000.000000 33899459.452113 7167.900000 0.100000 20.000000 1 0 0 15.346386 
 -4130000.000000 33899459.452113 7167.900000 0.100000 20.000000 1 0 0 13.081109 
 -4135000.000000 33899459.452113 7167.900000 0.100000 20.000000 1 0 0 10.329629 
 -4140000.000000 33899459.452113 7167.900000 0.100000 20.000000 1 0 0 7.075666 
 -4145000.000000 33899459.452113 7167.900000 0.100000 20.000000 0 1 0 4.065418 
 -4140000.000000 33899459.452113 7167.900000 0.100000 20.000000 1 0 0 7.075666 
 -4145000.000000 33899459.452113 7167.900000 0.100000 20.000000 0 1 0 4.065418 
 -4142500.000000 33899459.452113 7167.900000 0.100000 20.000000 0 1 0 5.549604 
 -4140000.000000 33899459.452113 7167.900000 0.100000 20.000000 1 0 0 7.075666 
 -4142500.000000 33899459.452113 7167.900000 0.100000 20.000000 0 1 0 5.549604 
 -4141250.000000 33899459.452113 7167.900000 0.100000 20.000000 0 0 1 6.332546 
 -4140000.000000 33899459.452113 7167.900000 0.100000 20.000000 1 0 0 7.075666 
 -4141250.000000 33899459.452113 7167.900000 0.100000 20.000000 0 0 1 6.332546 
 -4140000.000000 33899459.452113 7167.900000 0.100000 20.000000 1 0 0 7.075666 
 -4140625.000000 33899459.452113 7167.900000 0.100000 20.000000 0 0 1 6.712599 
 -4140000.000000 33899459.452113 7167.900000 0.100000 20.000000 1 0 0 7.075666 
 -4140312.500000 33899459.452113 7167.900000 0.100000 20.000000 1 0 0 6.893285 
 -4140625.000000 33899459.452113 7167.900000 0.100000 20.000000 0 0 1 6.712599 
 -4140312.500000 33899459.452113 7167.900000 0.100000 20.000000 1 0 0 6.893285 
 -4140468.750000 33899459.452113 7167.900000 0.100000 20.000000 0 0 1 6.802772 
 -4140312.500000 33899459.452113 7167.900000 0.100000 20.000000 1 0 0 6.893285 
 -4140390.625000 33899459.452113 7167.900000 0.100000 20.000000 1 0 0 6.868979 
 -4140468.750000 33899459.452113 7167.900000 0.100000 20.000000 0 0 1 6.802772 
 -4140390.625000 33899459.452113 7167.900000 0.100000 20.000000 1 0 0 6.868979 
 -4140429.687500 33899459.452113 7167.900000 0.100000 20.000000 0 0 1 6.825362 
 -4140390.625000 33899459.452113 7167.900000 0.100000 20.000000 1 0 0 6.868979 
 -4140410.156250 33899459.452113 7167.900000 0.100000 20.000000 0 0 1 6.826185 
 -4140390.625000 33899459.452113 7167.900000 0.100000 20.000000 1 0 0 6.868979 
 -4140400.390625 33899459.452113 7167.900000 0.100000 20.000000 0 0 1 6.847576 
 -4140390.625000 33899459.452113 7167.900000 0.100000 20.000000 1 0 0 6.868979 
 -4100000.000000 33899459.452113 7167.900000 0.100000 22.500000 1 0 0 23.337010 
 -4105000.000000 33899459.452113 7167.900000 0.100000 22.500000 1 0 0 22.002339 
 -4110000.000000 33899459.452113 7167.900000 0.100000 22.500000 1 0 0 20.518834 
 -4115000.000000 33899459.452113 7167.900000 0.100000 22.500000 1 0 0 18.949506 
 -4120000.000000 33899459.452113 7167.900000 0.100000 22.500000 1 0 0 17.248986 
 -4125000.000000 33899459.452113 7167.900000 0.100000 22.500000 1 0 0 15.346691 
 -4130000.000000 33899459.452113 7167.900000 0.100000 22.500000 1 0 0 13.081514 
 -4135000.000000 33899459.452113 7167.900000 0.100000 22.500000 1 0 0 10.329987 
 -4140000.000000 33899459.452113 7167.900000 0.100000 22.500000 1 0 0 7.075765 
 -4145000.000000 33899459.452113 7167.900000 0.100000 22.500000 0 1 0 4.065353 
 -4140000.000000 33899459.452113 7167.900000 0.100000 22.500000 1 0 0 7.075765 
 -4145000.000000 33899459.452113 7167.900000 0.100000 22.500000 0 1 0 4.065353 
 -4142500.000000 33899459.452113 7167.900000 0.100000 22.500000 0 1 0 5.549640 
 -4140000.000000 33899459.452113 7167.900000 0.100000 22.500000 1 0 0 7.075765 
 -4142500.000000 33899459.452113 7167.900000 0.100000 22.500000 0 1 0 5.549640 
 -4141250.000000 33899459.452113 7167.900000 0.100000 22.500000 0 0 1 6.332583 
 -4140000.000000 33899459.452113 7167.900000 0.100000 22.500000 1 0 0 7.075765 
 -4141250.000000 33899459.452113 7167.900000 0.100000 22.500000 0 0 1 6.332583 
 -4140000.000000 33899459.452113 7167.900000 0.100000 22.500000 1 0 0 7.075765 
 -4140625.000000 33899459.452113 7167.900000 0.100000 22.500000 0 0 1 6.712659 
 -4140000.000000 33899459.452113 7167.900000 0.100000 22.500000 1 0 0 7.075765 
 -4140312.500000 33899459.452113 7167.900000 0.100000 22.500000 1 0 0 6.893363 
 -4140625.000000 33899459.452113 7167.900000 0.100000 22.500000 0 0 1 6.712659 
 -4140312.500000 33899459.452113 7167.900000 0.100000 22.500000 1 0 0 6.893363 
 -4140468.750000 33899459.452113 7167.900000 0.100000 22.500000 0 0 1 6.802840 
 -4140312.500000 33899459.452113 7167.900000 0.100000 22.500000 1 0 0 6.893363 
 -4140390.625000 33899459.452113 7167.900000 0.100000 22.500000 1 0 0 6.869054 
 -4140468.750000 33899459.452113 7167.900000 0.100000 22.500000 0 0 1 6.802840 
 -4140390.625000 33899459.452113 7167.900000 0.100000 22.500000 1 0 0 6.869054 
 -4140429.687500 33899459.452113 7167.900000 0.100000 22.500000 0 0 1 6.825431 
 -4140390.625000 33899459.452113 7167.900000 0.100000 22.500000 1 0 0 6.869054 
 -4140410.156250 33899459.452113 7167.900000 0.100000 22.500000 0 0 1 6.826254 
 -4140390.625000 33899459.452113 7167.900000 0.100000 22.500000 1 0 0 6.869054 
 -4140400.390625 33899459.452113 7167.900000 0.100000 22.500000 0 0 1 6.847647 
 -4140390.625000 33899459.452113 7167.900000 0.100000 22.500000 1 0 0 6.869054 
 -4100000.000000 33899459.452113 7167.900000 0.100000 25.000000 1 0 0 23.337641 
 -4105000.000000 33899459.452113 7167.900000 0.100000 25.000000 1 0 0 22.003005 
 -4110000.000000 33899459.452113 7167.900000 0.100000 25.000000 1 0 0 20.519512 
 -4115000.000000 33899459.452113 7167.900000 0.100000 25.000000 1 0 0 18.950151 
 -4120000.000000 33899459.452113 7167.900000 0.100000 25.000000 1 0 0 17.249616 
 -4125000.000000 33899459.452113 7167.900000 0.100000 25.000000 1 0 0 15.347333 
 -4130000.000000 33899459.452113 7167.900000 0.100000 25.000000 1 0 0 13.082207 
 -4135000.000000 33899459.452113 7167.900000 0.100000 25.000000 1 0 0 10.330640 
 -4140000.000000 33899459.452113 7167.900000 0.100000 25.000000 1 0 0 7.076187 
 -4145000.000000 33899459.452113 7167.900000 0.100000 25.000000 0 1 0 4.065553 
 -4140000.000000 33899459.452113 7167.900000 0.100000 25.000000 1 0 0 7.076187 
 -4145000.000000 33899459.452113 7167.900000 0.100000 25.000000 0 1 0 4.065553 
 -4142500.000000 33899459.452113 7167.900000 0.100000 25.000000 0 1 0 5.549978 
 -4140000.000000 33899459.452113 7167.900000 0.100000 25.000000 1 0 0 7.076187 
 -4142500.000000 33899459.452113 7167.900000 0.100000 25.000000 0 1 0 5.549978 
 -4141250.000000 33899459.452113 7167.900000 0.100000 25.000000 0 0 1 6.332942 
 -4140000.000000 33899459.452113 7167.900000 0.100000 25.000000 1 0 0 7.076187 
 -4141250.000000 33899459.452113 7167.900000 0.100000 25.000000 0 0 1 6.332942 
 -4140000.000000 33899459.452113 7167.900000 0.100000 25.000000 1 0 0 7.076187 
 -4140625.000000 33899459.452113 7167.900000 0.100000 25.000000 0 0 1 6.713045 
 -4140000.000000 33899459.452113 7167.900000 0.100000 25.000000 1 0 0 7.076187 
 -4140312.500000 33899459.452113 7167.900000 0.100000 25.000000 1 0 0 6.893766 
 -4140625.000000 33899459.452113 7167.900000 0.100000 25.000000 0 0 1 6.713045 
 -4140312.500000 33899459.452113 7167.900000 0.100000 25.000000 1 0 0 6.893766 
 -4140468.750000 33899459.452113 7167.900000 0.100000 25.000000 0 0 1 6.803235 
 -4140312.500000 33899459.452113 7167.900000 0.100000 25.000000 1 0 0 6.893766 
 -4140390.625000 33899459.452113 7167.900000 0.100000 25.000000 1 0 0 6.869454 
 -4140468.750000 33899459.452113 7167.900000 0.100000 25.000000 0 0 1 6.803235 
 -4140390.625000 33899459.452113 7167.900000 0.100000 25.000000 1 0 0 6.869454 
 -4140429.687500 33899459.452113 7167.900000 0.100000 25.000000 0 0 1 6.825825 
 -4140390.625000 33899459.452113 7167.900000 0.100000 25.000000 1 0 0 6.869454 
 -4140410.156250 33899459.452113 7167.900000 0.100000 25.000000 0 0 1 6.826649 
 -4140390.625000 33899459.452113 7167.900000 0.100000 25.000000 1 0 0 6.869454 
 -4140400.390625 33899459.452113 7167.900000 0.100000 25.000000 0 0 1 6.848045 
 -4140390.625000 33899459.452113 7167.900000 0.100000 25.000000 1 0 0 6.869454 
