 -4100000.000000 33899459.452113 7167.900000 0.500000 -25.000000 1 0 0 21.309956 
 -4105000.000000 33899459.452113 7167.900000 0.500000 -25.000000 1 0 0 19.988583 
 -4110000.000000 33899459.452113 7167.900000 0.500000 -25.000000 1 0 0 18.571601 
 -4115000.000000 33899459.452113 7167.900000 0.500000 -25.000000 1 0 0 17.033973 
 -4120000.000000 33899459.452113 7167.900000 0.500000 -25.000000 1 0 0 15.272284 
 -4125000.000000 33899459.452113 7167.900000 0.500000 -25.000000 1 0 0 13.271008 
 -4130000.000000 33899459.452113 7167.900000 0.500000 -25.000000 1 0 0 11.031104 
 -4135000.000000 33899459.452113 7167.900000 0.500000 -25.000000 0 0 1 8.494178 
 -4140000.000000 33899459.452113 7167.900000 0.500000 -25.000000 0 1 0 6.018185 
 -4135000.000000 33899459.452113 7167.900000 0.500000 -25.000000 0 0 1 8.494178 
 -4137500.000000 33899459.452113 7167.900000 0.500000 -25.000000 0 0 1 7.272273 
 -4140000.000000 33899459.452113 7167.900000 0.500000 -25.000000 0 1 0 6.018185 
 -4137500.000000 33899459.452113 7167.900000 0.500000 -25.000000 0 0 1 7.272273 
 -4138750.000000 33899459.452113 7167.900000 0.500000 -25.000000 0 1 0 6.659655 
 -4137500.000000 33899459.452113 7167.900000 0.500000 -25.000000 0 0 1 7.272273 
 -4138125.000000 33899459.452113 7167.900000 0.500000 -25.000000 0 0 1 6.967804 
 -4138750.000000 33899459.452113 7167.900000 0.500000 -25.000000 0 1 0 6.659655 
 -4138125.000000 33899459.452113 7167.900000 0.500000 -25.000000 0 0 1 6.967804 
 -4138437.500000 33899459.452113 7167.900000 0.500000 -25.000000 0 1 0 6.806032 
 -4138125.000000 33899459.452113 7167.900000 0.500000 -25.000000 0 0 1 6.967804 
 -4138281.250000 33899459.452113 7167.900000 0.500000 -25.000000 0 0 1 6.895090 
 -4138437.500000 33899459.452113 7167.900000 0.500000 -25.000000 0 1 0 6.806032 
 -4138281.250000 33899459.452113 7167.900000 0.500000 -25.000000 0 0 1 6.895090 
 -4138359.375000 33899459.452113 7167.900000 0.500000 -25.000000 0 0 1 6.858849 
 -4138437.500000 33899459.452113 7167.900000 0.500000 -25.000000 0 1 0 6.806032 
 -4138359.375000 33899459.452113 7167.900000 0.500000 -25.000000 0 0 1 6.858849 
 -4100000.000000 33899459.452113 7167.900000 0.500000 -20.000000 1 0 0 21.746596 
 -4105000.000000 33899459.452113 7167.900000 0.500000 -20.000000 1 0 0 20.418504 
 -4110000.000000 33899459.452113 7167.900000 0.500000 -20.000000 1 0 0 18.997133 
 -4115000.000000 33899459.452113 7167.900000 0.500000 -20.000000 1 0 0 17.460402 
 -4120000.000000 33899459.452113 7167.900000 0.500000 -20.000000 1 0 0 15.710577 
 -4125000.000000 33899459.452113 7167.900000 0.500000 -20.000000 1 0 0 13.696563 
 -4130000.000000 33899459.452113 7167.900000 0.500000 -20.000000 1 0 0 11.434464 
 -4135000.000000 33899459.452113 7167.900000 0.500000 -20.000000 0 0 1 8.833886 
 -4140000.000000 33899459.452113 7167.900000 0.500000 -20.000000 0 1 0 6.268956 
 -4135000.000000 33899459.452113 7167.900000 0.500000 -20.000000 0 0 1 8.833886 
 -4137500.000000 33899459.452113 7167.900000 0.500000 -20.000000 0 0 1 7.553062 
 -4140000.000000 33899459.452113 7167.900000 0.500000 -20.000000 0 1 0 6.268956 
 -4137500.000000 33899459.452113 7167.900000 0.500000 -20.000000 0 0 1 7.553062 
 -4138750.000000 33899459.452113 7167.900000 0.500000 -20.000000 0 0 1 6.920690 
 -4140000.000000 33899459.452113 7167.900000 0.500000 -20.000000 0 1 0 6.268956 
 -4138750.000000 33899459.452113 7167.900000 0.500000 -20.000000 0 0 1 6.920690 
 -4139375.000000 33899459.452113 7167.900000 0.500000 -20.000000 0 0 1 6.617625 
 -4140000.000000 33899459.452113 7167.900000 0.500000 -20.000000 0 1 0 6.268956 
 -4139375.000000 33899459.452113 7167.900000 0.500000 -20.000000 0 0 1 6.617625 
 -4139687.500000 33899459.452113 7167.900000 0.500000 -20.000000 0 1 0 6.462992 
 -4139375.000000 33899459.452113 7167.900000 0.500000 -20.000000 0 0 1 6.617625 
 -4139531.250000 33899459.452113 7167.900000 0.500000 -20.000000 0 1 0 6.522268 
 -4139375.000000 33899459.452113 7167.900000 0.500000 -20.000000 0 0 1 6.617625 
 -4139453.125000 33899459.452113 7167.900000 0.500000 -20.000000 0 1 0 6.561210 
 -4139375.000000 33899459.452113 7167.900000 0.500000 -20.000000 0 0 1 6.617625 
 -4100000.000000 33899459.452113 7167.900000 0.500000 -15.000000 1 0 0 22.219690 
 -4105000.000000 33899459.452113 7167.900000 0.500000 -15.000000 1 0 0 20.884648 
 -4110000.000000 33899459.452113 7167.900000 0.500000 -15.000000 1 0 0 19.456292 
 -4115000.000000 33899459.452113 7167.900000 0.500000 -15.000000 1 0 0 17.922564 
 -4120000.000000 33899459.452113 7167.900000 0.500000 -15.000000 1 0 0 16.188221 
 -4125000.000000 33899459.452113 7167.900000 0.500000 -15.000000 1 0 0 14.172124 
 -4130000.000000 33899459.452113 7167.900000 0.500000 -15.000000 1 0 0 11.889436 
 -4135000.000000 33899459.452113 7167.900000 0.500000 -15.000000 1 0 0 9.230614 
 -4140000.000000 33899459.452113 7167.900000 0.500000 -15.000000 0 0 1 6.543579 
 -4145000.000000 33899459.452113 7167.900000 0.500000 -15.000000 0 1 0 3.881904 
 -4140000.000000 33899459.452113 7167.900000 0.500000 -15.000000 0 0 1 6.543579 
 -4142500.000000 33899459.452113 7167.900000 0.500000 -15.000000 0 1 0 5.137738 
 -4140000.000000 33899459.452113 7167.900000 0.500000 -15.000000 0 0 1 6.543579 
 -4141250.000000 33899459.452113 7167.900000 0.500000 -15.000000 0 1 0 5.848624 
 -4140000.000000 33899459.452113 7167.900000 0.500000 -15.000000 0 0 1 6.543579 
 -4140625.000000 33899459.452113 7167.900000 0.500000 -15.000000 0 1 0 6.213925 
 -4140000.000000 33899459.452113 7167.900000 0.500000 -15.000000 0 0 1 6.543579 
 -4140312.500000 33899459.452113 7167.900000 0.500000 -15.000000 0 0 1 6.380477 
 -4140625.000000 33899459.452113 7167.900000 0.500000 -15.000000 0 1 0 6.213925 
 -4140312.500000 33899459.452113 7167.900000 0.500000 -15.000000 0 0 1 6.380477 
 -4140468.750000 33899459.452113 7167.900000 0.500000 -15.000000 0 1 0 6.297932 
 -4140312.500000 33899459.452113 7167.900000 0.500000 -15.000000 0 0 1 6.380477 
 -4140390.625000 33899459.452113 7167.900000 0.500000 -15.000000 0 1 0 6.358505 
 -4140312.500000 33899459.452113 7167.900000 0.500000 -15.000000 0 0 1 6.380477 
 -4100000.000000 33899459.452113 7167.900000 0.500000 -10.000000 1 0 0 22.727206 
 -4105000.000000 33899459.452113 7167.900000 0.500000 -10.000000 1 0 0 21.382328 
 -4110000.000000 33899459.452113 7167.900000 0.500000 -10.000000 1 0 0 19.944989 
 -4115000.000000 33899459.452113 7167.900000 0.500000 -10.000000 1 0 0 18.413642 
 -4120000.000000 33899459.452113 7167.900000 0.500000 -10.000000 1 0 0 16.694791 
 -4125000.000000 33899459.452113 7167.900000 0.500000 -10.000000 1 0 0 14.690020 
 -4130000.000000 33899459.452113 7167.900000 0.500000 -10.000000 1 0 0 12.391337 
 -4135000.000000 33899459.452113 7167.900000 0.500000 -10.000000 1 0 0 9.696356 
 -4140000.000000 33899459.452113 7167.900000 0.500000 -10.000000 0 0 1 6.841506 
 -4145000.000000 33899459.452113 7167.900000 0.500000 -10.000000 0 1 0 4.049096 
 -4140000.000000 33899459.452113 7167.900000 0.500000 -10.000000 0 0 1 6.841506 
 -4142500.000000 33899459.452113 7167.900000 0.500000 -10.000000 0 1 0 5.380035 
 -4140000.000000 33899459.452113 7167.900000 0.500000 -10.000000 0 0 1 6.841506 
 -4141250.000000 33899459.452113 7167.900000 0.500000 -10.000000 0 0 1 6.138926 
 -4142500.000000 33899459.452113 7167.900000 0.500000 -10.000000 0 1 0 5.380035 
 -4141250.000000 33899459.452113 7167.900000 0.500000 -10.000000 0 0 1 6.138926 
 -4141875.000000 33899459.452113 7167.900000 0.500000 -10.000000 0 1 0 5.775413 
 -4141250.000000 33899459.452113 7167.900000 0.500000 -10.000000 0 0 1 6.138926 
 -4141562.500000 33899459.452113 7167.900000 0.500000 -10.000000 0 1 0 5.936212 
 -4141250.000000 33899459.452113 7167.900000 0.500000 -10.000000 0 0 1 6.138926 
 -4141406.250000 33899459.452113 7167.900000 0.500000 -10.000000 0 1 0 6.048964 
 -4141250.000000 33899459.452113 7167.900000 0.500000 -10.000000 0 0 1 6.138926 
 -4141328.125000 33899459.452113 7167.900000 0.500000 -10.000000 0 1 0 6.094229 
 -4141250.000000 33899459.452113 7167.900000 0.500000 -10.000000 0 0 1 6.138926 
 -4100000.000000 33899459.452113 7167.900000 0.500000 -5.000000 1 0 0 23.270858 
 -4105000.000000 33899459.452113 7167.900000 0.500000 -5.000000 1 0 0 21.903013 
 -4110000.000000 33899459.452113 7167.900000 0.500000 -5.000000 1 0 0 20.460973 
 -4115000.000000 33899459.452113 7167.900000 0.500000 -5.000000 1 0 0 18.922826 
 -4120000.000000 33899459.452113 7167.900000 0.500000 -5.000000 1 0 0 17.217378 
 -4125000.000000 33899459.452113 7167.900000 0.500000 -5.000000 1 0 0 15.247028 
 -4130000.000000 33899459.452113 7167.900000 0.500000 -5.000000 1 0 0 12.932718 
 -4135000.000000 33899459.452113 7167.900000 0.500000 -5.000000 1 0 0 10.207295 
 -4140000.000000 33899459.452113 7167.900000 0.500000 -5.000000 0 0 1 7.162938 
 -4145000.000000 33899459.452113 7167.900000 0.500000 -5.000000 0 1 0 4.225532 
 -4140000.000000 33899459.452113 7167.900000 0.500000 -5.000000 0 0 1 7.162938 
 -4142500.000000 33899459.452113 7167.900000 0.500000 -5.000000 0 1 0 5.650426 
 -4140000.000000 33899459.452113 7167.900000 0.500000 -5.000000 0 0 1 7.162938 
 -4141250.000000 33899459.452113 7167.900000 0.500000 -5.000000 0 0 1 6.444305 
 -4142500.000000 33899459.452113 7167.900000 0.500000 -5.000000 0 1 0 5.650426 
 -4141250.000000 33899459.452113 7167.900000 0.500000 -5.000000 0 0 1 6.444305 
 -4141875.000000 33899459.452113 7167.900000 0.500000 -5.000000 0 0 1 6.076538 
 -4142500.000000 33899459.452113 7167.900000 0.500000 -5.000000 0 1 0 5.650426 
 -4141875.000000 33899459.452113 7167.900000 0.500000 -5.000000 0 0 1 6.076538 
 -4142187.500000 33899459.452113 7167.900000 0.500000 -5.000000 0 1 0 5.862409 
 -4141875.000000 33899459.452113 7167.900000 0.500000 -5.000000 0 0 1 6.076538 
 -4142031.250000 33899459.452113 7167.900000 0.500000 -5.000000 0 0 1 5.958659 
 -4142187.500000 33899459.452113 7167.900000 0.500000 -5.000000 0 1 0 5.862409 
 -4142031.250000 33899459.452113 7167.900000 0.500000 -5.000000 0 0 1 5.958659 
 -4142109.375000 33899459.452113 7167.900000 0.500000 -5.000000 0 0 1 5.888156 
 -4142187.500000 33899459.452113 7167.900000 0.500000 -5.000000 0 1 0 5.862409 
 -4142109.375000 33899459.452113 7167.900000 0.500000 -5.000000 0 0 1 5.888156 
 -4100000.000000 33899459.452113 7167.900000 0.500000 0.000000 1 0 0 23.842448 
 -4105000.000000 33899459.452113 7167.900000 0.500000 0.000000 1 0 0 22.463564 
 -4110000.000000 33899459.452113 7167.900000 0.500000 0.000000 1 0 0 20.998523 
 -4115000.000000 33899459.452113 7167.900000 0.500000 0.000000 1 0 0 19.452106 
 -4120000.000000 33899459.452113 7167.900000 0.500000 0.000000 1 0 0 17.753398 
 -4125000.000000 33899459.452113 7167.900000 0.500000 0.000000 1 0 0 15.820595 
 -4130000.000000 33899459.452113 7167.900000 0.500000 0.000000 1 0 0 13.515163 
 -4135000.000000 33899459.452113 7167.900000 0.500000 0.000000 1 0 0 10.764126 
 -4140000.000000 33899459.452113 7167.900000 0.500000 0.000000 1 0 0 7.519566 
 -4145000.000000 33899459.452113 7167.900000 0.500000 0.000000 0 1 0 4.413745 
 -4140000.000000 33899459.452113 7167.900000 0.500000 0.000000 1 0 0 7.519566 
 -4142500.000000 33899459.452113 7167.900000 0.500000 0.000000 0 0 1 5.957812 
 -4145000.000000 33899459.452113 7167.900000 0.500000 0.000000 0 1 0 4.413745 
 -4142500.000000 33899459.452113 7167.900000 0.500000 0.000000 0 0 1 5.957812 
 -4143750.000000 33899459.452113 7167.900000 0.500000 0.000000 0 1 0 5.149191 
 -4142500.000000 33899459.452113 7167.900000 0.500000 0.000000 0 0 1 5.957812 
 -4143125.000000 33899459.452113 7167.900000 0.500000 0.000000 0 1 0 5.532685 
 -4142500.000000 33899459.452113 7167.900000 0.500000 0.000000 0 0 1 5.957812 
 -4142812.500000 33899459.452113 7167.900000 0.500000 0.000000 0 0 1 5.731089 
 -4143125.000000 33899459.452113 7167.900000 0.500000 0.000000 0 1 0 5.532685 
 -4142812.500000 33899459.452113 7167.900000 0.500000 0.000000 0 0 1 5.731089 
 -4142968.750000 33899459.452113 7167.900000 0.500000 0.000000 0 0 1 5.654360 
 -4143125.000000 33899459.452113 7167.900000 0.500000 0.000000 0 1 0 5.532685 
 -4142968.750000 33899459.452113 7167.900000 0.500000 0.000000 0 0 1 5.654360 
 -4143046.875000 33899459.452113 7167.900000 0.500000 0.000000 0 1 0 5.604772 
 -4142968.750000 33899459.452113 7167.900000 0.500000 0.000000 0 0 1 5.654360 
 -4100000.000000 33899459.452113 7167.900000 0.500000 5.000000 1 0 0 24.400563 
 -4105000.000000 33899459.452113 7167.900000 0.500000 5.000000 1 0 0 23.033652 
 -4110000.000000 33899459.452113 7167.900000 0.500000 5.000000 1 0 0 21.554889 
 -4115000.000000 33899459.452113 7167.900000 0.500000 5.000000 1 0 0 19.990891 
 -4120000.000000 33899459.452113 7167.900000 0.500000 5.000000 1 0 0 18.289080 
 -4125000.000000 33899459.452113 7167.900000 0.500000 5.000000 1 0 0 16.379349 
 -4130000.000000 33899459.452113 7167.900000 0.500000 5.000000 1 0 0 14.117716 
 -4135000.000000 33899459.452113 7167.900000 0.500000 5.000000 1 0 0 11.347117 
 -4140000.000000 33899459.452113 7167.900000 0.500000 5.000000 1 0 0 7.921046 
 -4145000.000000 33899459.452113 7167.900000 0.500000 5.000000 0 1 0 4.609413 
 -4140000.000000 33899459.452113 7167.900000 0.500000 5.000000 1 0 0 7.921046 
 -4142500.000000 33899459.452113 7167.900000 0.500000 5.000000 0 0 1 6.274492 
 -4145000.000000 33899459.452113 7167.900000 0.500000 5.000000 0 1 0 4.609413 
 -4142500.000000 33899459.452113 7167.900000 0.500000 5.000000 0 0 1 6.274492 
 -4143750.000000 33899459.452113 7167.900000 0.500000 5.000000 0 0 1 5.410413 
 -4145000.000000 33899459.452113 7167.900000 0.500000 5.000000 0 1 0 4.609413 
 -4143750.000000 33899459.452113 7167.900000 0.500000 5.000000 0 0 1 5.410413 
 -4144375.000000 33899459.452113 7167.900000 0.500000 5.000000 0 1 0 4.987420 
 -4143750.000000 33899459.452113 7167.900000 0.500000 5.000000 0 0 1 5.410413 
 -4144062.500000 33899459.452113 7167.900000 0.500000 5.000000 0 1 0 5.207407 
 -4143750.000000 33899459.452113 7167.900000 0.500000 5.000000 0 0 1 5.410413 
 -4143906.250000 33899459.452113 7167.900000 0.500000 5.000000 0 1 0 5.284713 
 -4143750.000000 33899459.452113 7167.900000 0.500000 5.000000 0 0 1 5.410413 
 -4143828.125000 33899459.452113 7167.900000 0.500000 5.000000 0 1 0 5.359134 
 -4143750.000000 33899459.452113 7167.900000 0.500000 5.000000 0 0 1 5.410413 
 -4100000.000000 33899459.452113 7167.900000 0.500000 10.000000 1 0 0 24.910926 
 -4105000.000000 33899459.452113 7167.900000 0.500000 10.000000 1 0 0 23.575574 
 -4110000.000000 33899459.452113 7167.900000 0.500000 10.000000 1 0 0 22.108687 
 -4115000.000000 33899459.452113 7167.900000 0.500000 10.000000 1 0 0 20.522151 
 -4120000.000000 33899459.452113 7167.900000 0.500000 10.000000 1 0 0 18.804088 
 -4125000.000000 33899459.452113 7167.900000 0.500000 10.000000 1 0 0 16.907755 
 -4130000.000000 33899459.452113 7167.900000 0.500000 10.000000 1 0 0 14.701366 
 -4135000.000000 33899459.452113 7167.900000 0.500000 10.000000 1 0 0 11.933083 
 -4140000.000000 33899459.452113 7167.900000 0.500000 10.000000 1 0 0 8.385206 
 -4145000.000000 33899459.452113 7167.900000 0.500000 10.000000 0 1 0 4.807752 
 -4140000.000000 33899459.452113 7167.900000 0.500000 10.000000 1 0 0 8.385206 
 -4142500.000000 33899459.452113 7167.900000 0.500000 10.000000 1 0 0 6.581106 
 -4145000.000000 33899459.452113 7167.900000 0.500000 10.000000 0 1 0 4.807752 
 -4142500.000000 33899459.452113 7167.900000 0.500000 10.000000 1 0 0 6.581106 
 -4143750.000000 33899459.452113 7167.900000 0.500000 10.000000 0 0 1 5.689327 
 -4145000.000000 33899459.452113 7167.900000 0.500000 10.000000 0 1 0 4.807752 
 -4143750.000000 33899459.452113 7167.900000 0.500000 10.000000 0 0 1 5.689327 
 -4144375.000000 33899459.452113 7167.900000 0.500000 10.000000 0 0 1 5.221577 
 -4145000.000000 33899459.452113 7167.900000 0.500000 10.000000 0 1 0 4.807752 
 -4144375.000000 33899459.452113 7167.900000 0.500000 10.000000 0 0 1 5.221577 
 -4144687.500000 33899459.452113 7167.900000 0.500000 10.000000 0 1 0 5.011334 
 -4144375.000000 33899459.452113 7167.900000 0.500000 10.000000 0 0 1 5.221577 
 -4144531.250000 33899459.452113 7167.900000 0.500000 10.000000 0 1 0 5.115604 
 -4144375.000000 33899459.452113 7167.900000 0.500000 10.000000 0 0 1 5.221577 
 -4144453.125000 33899459.452113 7167.900000 0.500000 10.000000 0 0 1 5.168376 
 -4144531.250000 33899459.452113 7167.900000 0.500000 10.000000 0 1 0 5.115604 
 -4144453.125000 33899459.452113 7167.900000 0.500000 10.000000 0 0 1 5.168376 
 -4100000.000000 33899459.452113 7167.900000 0.500000 15.000000 1 0 0 25.373194 
 -4105000.000000 33899459.452113 7167.900000 0.500000 15.000000 1 0 0 24.065582 
 -4110000.000000 33899459.452113 7167.900000 0.500000 15.000000 1 0 0 22.637753 
 -4115000.000000 33899459.452113 7167.900000 0.500000 15.000000 1 0 0 21.050083 
 -4120000.000000 33899459.452113 7167.900000 0.500000 15.000000 1 0 0 19.308486 
 -4125000.000000 33899459.452113 7167.900000 0.500000 15.000000 1 0 0 17.404449 
 -4130000.000000 33899459.452113 7167.900000 0.500000 15.000000 1 0 0 15.234446 
 -4135000.000000 33899459.452113 7167.900000 0.500000 15.000000 1 0 0 12.514888 
 -4140000.000000 33899459.452113 7167.900000 0.500000 15.000000 1 0 0 8.923095 
 -4145000.000000 33899459.452113 7167.900000 0.500000 15.000000 0 0 1 5.009529 
 -4150000.000000 33899459.452113 7167.900000 0.500000 15.000000 0 1 0 2.153651 
 -4145000.000000 33899459.452113 7167.900000 0.500000 15.000000 0 0 1 5.009529 
 -4147500.000000 33899459.452113 7167.900000 0.500000 15.000000 0 1 0 3.364674 
 -4145000.000000 33899459.452113 7167.900000 0.500000 15.000000 0 0 1 5.009529 
 -4146250.000000 33899459.452113 7167.900000 0.500000 15.000000 0 1 0 4.144961 
 -4145000.000000 33899459.452113 7167.900000 0.500000 15.000000 0 0 1 5.009529 
 -4145625.000000 33899459.452113 7167.900000 0.500000 15.000000 0 1 0 4.561454 
 -4145000.000000 33899459.452113 7167.900000 0.500000 15.000000 0 0 1 5.009529 
 -4145312.500000 33899459.452113 7167.900000 0.500000 15.000000 0 1 0 4.768903 
 -4145000.000000 33899459.452113 7167.900000 0.500000 15.000000 0 0 1 5.009529 
 -4145156.250000 33899459.452113 7167.900000 0.500000 15.000000 0 1 0 4.875495 
 -4145000.000000 33899459.452113 7167.900000 0.500000 15.000000 0 0 1 5.009529 
 -4145078.125000 33899459.452113 7167.900000 0.500000 15.000000 0 1 0 4.929529 
 -4145000.000000 33899459.452113 7167.900000 0.500000 15.000000 0 0 1 5.009529 
 -4100000.000000 33899459.452113 7167.900000 0.500000 20.000000 1 0 0 25.773345 
 -4105000.000000 33899459.452113 7167.900000 0.500000 20.000000 1 0 0 24.492235 
 -4110000.000000 33899459.452113 7167.900000 0.500000 20.000000 1 0 0 23.091429 
 -4115000.000000 33899459.452113 7167.900000 0.500000 20.000000 1 0 0 21.544785 
 -4120000.000000 33899459.452113 7167.900000 0.500000 20.000000 1 0 0 19.791704 
 -4125000.000000 33899459.452113 7167.900000 0.500000 20.000000 1 0 0 17.866223 
 -4130000.000000 33899459.452113 7167.900000 0.500000 20.000000 1 0 0 15.708449 
 -4135000.000000 33899459.452113 7167.900000 0.500000 20.000000 1 0 0 13.062467 
 -4140000.000000 33899459.452113 7167.900000 0.500000 20.000000 1 0 0 9.449565 
 -4145000.000000 33899459.452113 7167.900000 0.500000 20.000000 0 0 1 5.208236 
 -4150000.000000 33899459.452113 7167.900000 0.500000 20.000000 0 1 0 2.176933 
 -4145000.000000 33899459.452113 7167.900000 0.500000 20.000000 0 0 1 5.208236 
 -4147500.000000 33899459.452113 7167.900000 0.500000 20.000000 0 1 0 3.450304 
 -4145000.000000 33899459.452113 7167.900000 0.500000 20.000000 0 0 1 5.208236 
 -4146250.000000 33899459.452113 7167.900000 0.500000 20.000000 0 1 0 4.266292 
 -4145000.000000 33899459.452113 7167.900000 0.500000 20.000000 0 0 1 5.208236 
 -4145625.000000 33899459.452113 7167.900000 0.500000 20.000000 0 1 0 4.715798 
 -4145000.000000 33899459.452113 7167.900000 0.500000 20.000000 0 0 1 5.208236 
 -4145312.500000 33899459.452113 7167.900000 0.500000 20.000000 0 0 1 4.942516 
 -4145625.000000 33899459.452113 7167.900000 0.500000 20.000000 0 1 0 4.715798 
 -4145312.500000 33899459.452113 7167.900000 0.500000 20.000000 0 0 1 4.942516 
 -4145468.750000 33899459.452113 7167.900000 0.500000 20.000000 0 0 1 4.827936 
 -4145625.000000 33899459.452113 7167.900000 0.500000 20.000000 0 1 0 4.715798 
 -4145468.750000 33899459.452113 7167.900000 0.500000 20.000000 0 0 1 4.827936 
 -4145546.875000 33899459.452113 7167.900000 0.500000 20.000000 0 1 0 4.745638 
 -4145468.750000 33899459.452113 7167.900000 0.500000 20.000000 0 0 1 4.827936 
 -4100000.000000 33899459.452113 7167.900000 0.500000 25.000000 1 0 0 26.126691 
 -4105000.000000 33899459.452113 7167.900000 0.500000 25.000000 1 0 0 24.847408 
 -4110000.000000 33899459.452113 7167.900000 0.500000 25.000000 1 0 0 23.462833 
 -4115000.000000 33899459.452113 7167.900000 0.500000 25.000000 1 0 0 21.950337 
 -4120000.000000 33899459.452113 7167.900000 0.500000 25.000000 1 0 0 20.237337 
 -4125000.000000 33899459.452113 7167.900000 0.500000 25.000000 1 0 0 18.287481 
 -4130000.000000 33899459.452113 7167.900000 0.500000 25.000000 1 0 0 16.117536 
 -4135000.000000 33899459.452113 7167.900000 0.500000 25.000000 1 0 0 13.523273 
 -4140000.000000 33899459.452113 7167.900000 0.500000 25.000000 1 0 0 9.936563 
 -4145000.000000 33899459.452113 7167.900000 0.500000 25.000000 1 0 0 5.395013 
 -4150000.000000 33899459.452113 7167.900000 0.500000 25.000000 0 1 0 2.185841 
 -4145000.000000 33899459.452113 7167.900000 0.500000 25.000000 1 0 0 5.395013 
 -4147500.000000 33899459.452113 7167.900000 0.500000 25.000000 0 1 0 3.510402 
 -4145000.000000 33899459.452113 7167.900000 0.500000 25.000000 1 0 0 5.395013 
 -4146250.000000 33899459.452113 7167.900000 0.500000 25.000000 0 1 0 4.365455 
 -4145000.000000 33899459.452113 7167.900000 0.500000 25.000000 1 0 0 5.395013 
 -4145625.000000 33899459.452113 7167.900000 0.500000 25.000000 0 0 1 4.851595 
 -4146250.000000 33899459.452113 7167.900000 0.500000 25.000000 0 1 0 4.365455 
 -4145625.000000 33899459.452113 7167.900000 0.500000 25.000000 0 0 1 4.851595 
 -4145937.500000 33899459.452113 7167.900000 0.500000 25.000000 0 1 0 4.588737 
 -4145625.000000 33899459.452113 7167.900000 0.500000 25.000000 0 0 1 4.851595 
 -4145781.250000 33899459.452113 7167.900000 0.500000 25.000000 0 0 1 4.704728 
 -4145937.500000 33899459.452113 7167.900000 0.500000 25.000000 0 1 0 4.588737 
 -4145781.250000 33899459.452113 7167.900000 0.500000 25.000000 0 0 1 4.704728 
 -4145859.375000 33899459.452113 7167.900000 0.500000 25.000000 0 0 1 4.646398 
 -4145937.500000 33899459.452113 7167.900000 0.500000 25.000000 0 1 0 4.588737 
 -4145859.375000 33899459.452113 7167.900000 0.500000 25.000000 0 0 1 4.646398 
