 -4100000.000000 33899459.452113 7167.900000 0.500000 -25.000000 1 0 0 21.309956 
 -4105000.000000 33899459.452113 7167.900000 0.500000 -25.000000 1 0 0 19.988583 
 -4110000.000000 33899459.452113 7167.900000 0.500000 -25.000000 1 0 0 18.571601 
 -4115000.000000 33899459.452113 7167.900000 0.500000 -25.000000 1 0 0 17.033973 
 -4120000.000000 33899459.452113 7167.900000 0.500000 -25.000000 1 0 0 15.272284 
 -4125000.000000 33899459.452113 7167.900000 0.500000 -25.000000 1 0 0 13.271008 
 -4130000.000000 33899459.452113 7167.900000 0.500000 -25.000000 1 0 0 11.031104 
 -4135000.000000 33899459.452113 7167.900000 0.500000 -25.000000 0 0 1 8.494178 
 -4130000.000000 33899459.452113 7167.900000 0.500000 -25.000000 1 0 0 11.031104 
 -4132500.000000 33899459.452113 7167.900000 0.500000 -25.000000 1 0 0 9.786434 
 -4135000.000000 33899459.452113 7167.900000 0.500000 -25.000000 0 0 1 8.494178 
 -4132500.000000 33899459.452113 7167.900000 0.500000 -25.000000 1 0 0 9.786434 
 -4133750.000000 33899459.452113 7167.900000 0.500000 -25.000000 0 0 1 9.141844 
 -4132500.000000 33899459.452113 7167.900000 0.500000 -25.000000 1 0 0 9.786434 
 -4133125.000000 33899459.452113 7167.900000 0.500000 -25.000000 1 0 0 9.473976 
 -4133750.000000 33899459.452113 7167.900000 0.500000 -25.000000 0 0 1 9.141844 
 -4133125.000000 33899459.452113 7167.900000 0.500000 -25.000000 1 0 0 9.473976 
 -4133437.500000 33899459.452113 7167.900000 0.500000 -25.000000 0 0 1 9.298246 
 -4133125.000000 33899459.452113 7167.900000 0.500000 -25.000000 1 0 0 9.473976 
 -4133281.250000 33899459.452113 7167.900000 0.500000 -25.000000 1 0 0 9.376129 
 -4133437.500000 33899459.452113 7167.900000 0.500000 -25.000000 0 0 1 9.298246 
 -4133281.250000 33899459.452113 7167.900000 0.500000 -25.000000 1 0 0 9.376129 
 -4133359.375000 33899459.452113 7167.900000 0.500000 -25.000000 1 0 0 9.337168 
 -4133437.500000 33899459.452113 7167.900000 0.500000 -25.000000 0 0 1 9.298246 
 -4133359.375000 33899459.452113 7167.900000 0.500000 -25.000000 1 0 0 9.337168 
 -4100000.000000 33899459.452113 7167.900000 0.500000 -20.000000 1 0 0 21.746596 
 -4105000.000000 33899459.452113 7167.900000 0.500000 -20.000000 1 0 0 20.418504 
 -4110000.000000 33899459.452113 7167.900000 0.500000 -20.000000 1 0 0 18.997133 
 -4115000.000000 33899459.452113 7167.900000 0.500000 -20.000000 1 0 0 17.460402 
 -4120000.000000 33899459.452113 7167.900000 0.500000 -20.000000 1 0 0 15.710577 
 -4125000.000000 33899459.452113 7167.900000 0.500000 -20.000000 1 0 0 13.696563 
 -4130000.000000 33899459.452113 7167.900000 0.500000 -20.000000 1 0 0 11.434464 
 -4135000.000000 33899459.452113 7167.900000 0.500000 -20.000000 0 0 1 8.833886 
 -4130000.000000 33899459.452113 7167.900000 0.500000 -20.000000 1 0 0 11.434464 
 -4132500.000000 33899459.452113 7167.900000 0.500000 -20.000000 1 0 0 10.176485 
 -4135000.000000 33899459.452113 7167.900000 0.500000 -20.000000 0 0 1 8.833886 
 -4132500.000000 33899459.452113 7167.900000 0.500000 -20.000000 1 0 0 10.176485 
 -4133750.000000 33899459.452113 7167.900000 0.500000 -20.000000 1 0 0 9.515550 
 -4135000.000000 33899459.452113 7167.900000 0.500000 -20.000000 0 0 1 8.833886 
 -4133750.000000 33899459.452113 7167.900000 0.500000 -20.000000 1 0 0 9.515550 
 -4134375.000000 33899459.452113 7167.900000 0.500000 -20.000000 1 0 0 9.171969 
 -4135000.000000 33899459.452113 7167.900000 0.500000 -20.000000 0 0 1 8.833886 
 -4134375.000000 33899459.452113 7167.900000 0.500000 -20.000000 1 0 0 9.171969 
 -4134687.500000 33899459.452113 7167.900000 0.500000 -20.000000 1 0 0 8.992857 
 -4135000.000000 33899459.452113 7167.900000 0.500000 -20.000000 0 0 1 8.833886 
 -4134687.500000 33899459.452113 7167.900000 0.500000 -20.000000 1 0 0 8.992857 
 -4134843.750000 33899459.452113 7167.900000 0.500000 -20.000000 1 0 0 8.931118 
 -4135000.000000 33899459.452113 7167.900000 0.500000 -20.000000 0 0 1 8.833886 
 -4134843.750000 33899459.452113 7167.900000 0.500000 -20.000000 1 0 0 8.931118 
 -4134921.875000 33899459.452113 7167.900000 0.500000 -20.000000 1 0 0 8.873380 
 -4135000.000000 33899459.452113 7167.900000 0.500000 -20.000000 0 0 1 8.833886 
 -4134921.875000 33899459.452113 7167.900000 0.500000 -20.000000 1 0 0 8.873380 
 -4100000.000000 33899459.452113 7167.900000 0.500000 -15.000000 1 0 0 22.219690 
 -4105000.000000 33899459.452113 7167.900000 0.500000 -15.000000 1 0 0 20.884648 
 -4110000.000000 33899459.452113 7167.900000 0.500000 -15.000000 1 0 0 19.456292 
 -4115000.000000 33899459.452113 7167.900000 0.500000 -15.000000 1 0 0 17.922564 
 -4120000.000000 33899459.452113 7167.900000 0.500000 -15.000000 1 0 0 16.188221 
 -4125000.000000 33899459.452113 7167.900000 0.500000 -15.000000 1 0 0 14.172124 
 -4130000.000000 33899459.452113 7167.900000 0.500000 -15.000000 1 0 0 11.889436 
 -4135000.000000 33899459.452113 7167.900000 0.500000 -15.000000 1 0 0 9.230614 
 -4140000.000000 33899459.452113 7167.900000 0.500000 -15.000000 0 0 1 6.543579 
 -4135000.000000 33899459.452113 7167.900000 0.500000 -15.000000 1 0 0 9.230614 
 -4137500.000000 33899459.452113 7167.900000 0.500000 -15.000000 0 0 1 7.871345 
 -4135000.000000 33899459.452113 7167.900000 0.500000 -15.000000 1 0 0 9.230614 
 -4136250.000000 33899459.452113 7167.900000 0.500000 -15.000000 1 0 0 8.547896 
 -4137500.000000 33899459.452113 7167.900000 0.500000 -15.000000 0 0 1 7.871345 
 -4136250.000000 33899459.452113 7167.900000 0.500000 -15.000000 1 0 0 8.547896 
 -4136875.000000 33899459.452113 7167.900000 0.500000 -15.000000 0 0 1 8.206726 
 -4136250.000000 33899459.452113 7167.900000 0.500000 -15.000000 1 0 0 8.547896 
 -4136562.500000 33899459.452113 7167.900000 0.500000 -15.000000 1 0 0 8.367110 
 -4136875.000000 33899459.452113 7167.900000 0.500000 -15.000000 0 0 1 8.206726 
 -4136562.500000 33899459.452113 7167.900000 0.500000 -15.000000 1 0 0 8.367110 
 -4136718.750000 33899459.452113 7167.900000 0.500000 -15.000000 0 0 1 8.286417 
 -4136562.500000 33899459.452113 7167.900000 0.500000 -15.000000 1 0 0 8.367110 
 -4136640.625000 33899459.452113 7167.900000 0.500000 -15.000000 0 0 1 8.326612 
 -4136562.500000 33899459.452113 7167.900000 0.500000 -15.000000 1 0 0 8.367110 
 -4100000.000000 33899459.452113 7167.900000 0.500000 -10.000000 1 0 0 22.727206 
 -4105000.000000 33899459.452113 7167.900000 0.500000 -10.000000 1 0 0 21.382328 
 -4110000.000000 33899459.452113 7167.900000 0.500000 -10.000000 1 0 0 19.944989 
 -4115000.000000 33899459.452113 7167.900000 0.500000 -10.000000 1 0 0 18.413642 
 -4120000.000000 33899459.452113 7167.900000 0.500000 -10.000000 1 0 0 16.694791 
 -4125000.000000 33899459.452113 7167.900000 0.500000 -10.000000 1 0 0 14.690020 
 -4130000.000000 33899459.452113 7167.900000 0.500000 -10.000000 1 0 0 12.391337 
 -4135000.000000 33899459.452113 7167.900000 0.500000 -10.000000 1 0 0 9.696356 
 -4140000.000000 33899459.452113 7167.900000 0.500000 -10.000000 0 0 1 6.841506 
 -4135000.000000 33899459.452113 7167.900000 0.500000 -10.000000 1 0 0 9.696356 
 -4137500.000000 33899459.452113 7167.900000 0.500000 -10.000000 1 0 0 8.234520 
 -4140000.000000 33899459.452113 7167.900000 0.500000 -10.000000 0 0 1 6.841506 
 -4137500.000000 33899459.452113 7167.900000 0.500000 -10.000000 1 0 0 8.234520 
 -4138750.000000 33899459.452113 7167.900000 0.500000 -10.000000 0 0 1 7.533569 
 -4137500.000000 33899459.452113 7167.900000 0.500000 -10.000000 1 0 0 8.234520 
 -4138125.000000 33899459.452113 7167.900000 0.500000 -10.000000 1 0 0 7.881436 
 -4138750.000000 33899459.452113 7167.900000 0.500000 -10.000000 0 0 1 7.533569 
 -4138125.000000 33899459.452113 7167.900000 0.500000 -10.000000 1 0 0 7.881436 
 -4138437.500000 33899459.452113 7167.900000 0.500000 -10.000000 0 0 1 7.697459 
 -4138125.000000 33899459.452113 7167.900000 0.500000 -10.000000 1 0 0 7.881436 
 -4138281.250000 33899459.452113 7167.900000 0.500000 -10.000000 0 0 1 7.798587 
 -4138125.000000 33899459.452113 7167.900000 0.500000 -10.000000 1 0 0 7.881436 
 -4138203.125000 33899459.452113 7167.900000 0.500000 -10.000000 0 0 1 7.840016 
 -4138125.000000 33899459.452113 7167.900000 0.500000 -10.000000 1 0 0 7.881436 
 -4100000.000000 33899459.452113 7167.900000 0.500000 -5.000000 1 0 0 23.270858 
 -4105000.000000 33899459.452113 7167.900000 0.500000 -5.000000 1 0 0 21.903013 
 -4110000.000000 33899459.452113 7167.900000 0.500000 -5.000000 1 0 0 20.460973 
 -4115000.000000 33899459.452113 7167.900000 0.500000 -5.000000 1 0 0 18.922826 
 -4120000.000000 33899459.452113 7167.900000 0.500000 -5.000000 1 0 0 17.217378 
 -4125000.000000 33899459.452113 7167.900000 0.500000 -5.000000 1 0 0 15.247028 
 -4130000.000000 33899459.452113 7167.900000 0.500000 -5.000000 1 0 0 12.932718 
 -4135000.000000 33899459.452113 7167.900000 0.500000 -5.000000 1 0 0 10.207295 
 -4140000.000000 33899459.452113 7167.900000 0.500000 -5.000000 0 0 1 7.162938 
 -4135000.000000 33899459.452113 7167.900000 0.500000 -5.000000 1 0 0 10.207295 
 -4137500.000000 33899459.452113 7167.900000 0.500000 -5.000000 1 0 0 8.654205 
 -4140000.000000 33899459.452113 7167.900000 0.500000 -5.000000 0 0 1 7.162938 
 -4137500.000000 33899459.452113 7167.900000 0.500000 -5.000000 1 0 0 8.654205 
 -4138750.000000 33899459.452113 7167.900000 0.500000 -5.000000 1 0 0 7.894934 
 -4140000.000000 33899459.452113 7167.900000 0.500000 -5.000000 0 0 1 7.162938 
 -4138750.000000 33899459.452113 7167.900000 0.500000 -5.000000 1 0 0 7.894934 
 -4139375.000000 33899459.452113 7167.900000 0.500000 -5.000000 1 0 0 7.547078 
 -4140000.000000 33899459.452113 7167.900000 0.500000 -5.000000 0 0 1 7.162938 
 -4139375.000000 33899459.452113 7167.900000 0.500000 -5.000000 1 0 0 7.547078 
 -4139687.500000 33899459.452113 7167.900000 0.500000 -5.000000 1 0 0 7.374603 
 -4140000.000000 33899459.452113 7167.900000 0.500000 -5.000000 0 0 1 7.162938 
 -4139687.500000 33899459.452113 7167.900000 0.500000 -5.000000 1 0 0 7.374603 
 -4139843.750000 33899459.452113 7167.900000 0.500000 -5.000000 0 0 1 7.248834 
 -4139687.500000 33899459.452113 7167.900000 0.500000 -5.000000 1 0 0 7.374603 
 -4139765.625000 33899459.452113 7167.900000 0.500000 -5.000000 0 0 1 7.311472 
 -4139687.500000 33899459.452113 7167.900000 0.500000 -5.000000 1 0 0 7.374603 
 -4100000.000000 33899459.452113 7167.900000 0.500000 0.000000 1 0 0 23.842448 
 -4105000.000000 33899459.452113 7167.900000 0.500000 0.000000 1 0 0 22.463564 
 -4110000.000000 33899459.452113 7167.900000 0.500000 0.000000 1 0 0 20.998523 
 -4115000.000000 33899459.452113 7167.900000 0.500000 0.000000 1 0 0 19.452106 
 -4120000.000000 33899459.452113 7167.900000 0.500000 0.000000 1 0 0 17.753398 
 -4125000.000000 33899459.452113 7167.900000 0.500000 0.000000 1 0 0 15.820595 
 -4130000.000000 33899459.452113 7167.900000 0.500000 0.000000 1 0 0 13.515163 
 -4135000.000000 33899459.452113 7167.900000 0.500000 0.000000 1 0 0 10.764126 
 -4140000.000000 33899459.452113 7167.900000 0.500000 0.000000 1 0 0 7.519566 
 -4145000.000000 33899459.452113 7167.900000 0.500000 0.000000 0 1 0 4.413745 
 -4140000.000000 33899459.452113 7167.900000 0.500000 0.000000 1 0 0 7.519566 
 -4145000.000000 33899459.452113 7167.900000 0.500000 0.000000 0 1 0 4.413745 
 -4142500.000000 33899459.452113 7167.900000 0.500000 0.000000 0 0 1 5.957812 
 -4140000.000000 33899459.452113 7167.900000 0.500000 0.000000 1 0 0 7.519566 
 -4142500.000000 33899459.452113 7167.900000 0.500000 0.000000 0 0 1 5.957812 
 -4140000.000000 33899459.452113 7167.900000 0.500000 0.000000 1 0 0 7.519566 
 -4141250.000000 33899459.452113 7167.900000 0.500000 0.000000 0 0 1 6.766680 
 -4140000.000000 33899459.452113 7167.900000 0.500000 0.000000 1 0 0 7.519566 
 -4140625.000000 33899459.452113 7167.900000 0.500000 0.000000 1 0 0 7.153703 
 -4141250.000000 33899459.452113 7167.900000 0.500000 0.000000 0 0 1 6.766680 
 -4140625.000000 33899459.452113 7167.900000 0.500000 0.000000 1 0 0 7.153703 
 -4140937.500000 33899459.452113 7167.900000 0.500000 0.000000 1 0 0 6.949835 
 -4141250.000000 33899459.452113 7167.900000 0.500000 0.000000 0 0 1 6.766680 
 -4140937.500000 33899459.452113 7167.900000 0.500000 0.000000 1 0 0 6.949835 
 -4141093.750000 33899459.452113 7167.900000 0.500000 0.000000 0 0 1 6.879808 
 -4140937.500000 33899459.452113 7167.900000 0.500000 0.000000 1 0 0 6.949835 
 -4141015.625000 33899459.452113 7167.900000 0.500000 0.000000 0 0 1 6.904294 
 -4140937.500000 33899459.452113 7167.900000 0.500000 0.000000 1 0 0 6.949835 
 -4100000.000000 33899459.452113 7167.900000 0.500000 5.000000 1 0 0 24.400563 
 -4105000.000000 33899459.452113 7167.900000 0.500000 5.000000 1 0 0 23.033652 
 -4110000.000000 33899459.452113 7167.900000 0.500000 5.000000 1 0 0 21.554889 
 -4115000.000000 33899459.452113 7167.900000 0.500000 5.000000 1 0 0 19.990891 
 -4120000.000000 33899459.452113 7167.900000 0.500000 5.000000 1 0 0 18.289080 
 -4125000.000000 33899459.452113 7167.900000 0.500000 5.000000 1 0 0 16.379349 
 -4130000.000000 33899459.452113 7167.900000 0.500000 5.000000 1 0 0 14.117716 
 -4135000.000000 33899459.452113 7167.900000 0.500000 5.000000 1 0 0 11.347117 
 -4140000.000000 33899459.452113 7167.900000 0.500000 5.000000 1 0 0 7.921046 
 -4145000.000000 33899459.452113 7167.900000 0.500000 5.000000 0 1 0 4.609413 
 -4140000.000000 33899459.452113 7167.900000 0.500000 5.000000 1 0 0 7.921046 
 -4145000.000000 33899459.452113 7167.900000 0.500000 5.000000 0 1 0 4.609413 
 -4142500.000000 33899459.452113 7167.900000 0.500000 5.000000 0 0 1 6.274492 
 -4140000.000000 33899459.452113 7167.900000 0.500000 5.000000 1 0 0 7.921046 
 -4142500.000000 33899459.452113 7167.900000 0.500000 5.000000 0 0 1 6.274492 
 -4140000.000000 33899459.452113 7167.900000 0.500000 5.000000 1 0 0 7.921046 
 -4141250.000000 33899459.452113 7167.900000 0.500000 5.000000 1 0 0 7.105434 
 -4142500.000000 33899459.452113 7167.900000 0.500000 5.000000 0 0 1 6.274492 
 -4141250.000000 33899459.452113 7167.900000 0.500000 5.000000 1 0 0 7.105434 
 -4141875.000000 33899459.452113 7167.900000 0.500000 5.000000 1 0 0 6.716366 
 -4142500.000000 33899459.452113 7167.900000 0.500000 5.000000 0 0 1 6.274492 
 -4141875.000000 33899459.452113 7167.900000 0.500000 5.000000 1 0 0 6.716366 
 -4142187.500000 33899459.452113 7167.900000 0.500000 5.000000 1 0 0 6.497394 
 -4142500.000000 33899459.452113 7167.900000 0.500000 5.000000 0 0 1 6.274492 
 -4142187.500000 33899459.452113 7167.900000 0.500000 5.000000 1 0 0 6.497394 
 -4142343.750000 33899459.452113 7167.900000 0.500000 5.000000 0 0 1 6.374821 
 -4142187.500000 33899459.452113 7167.900000 0.500000 5.000000 1 0 0 6.497394 
 -4142265.625000 33899459.452113 7167.900000 0.500000 5.000000 0 0 1 6.447714 
 -4142187.500000 33899459.452113 7167.900000 0.500000 5.000000 1 0 0 6.497394 
 -4100000.000000 33899459.452113 7167.900000 0.500000 10.000000 1 0 0 24.910926 
 -4105000.000000 33899459.452113 7167.900000 0.500000 10.000000 1 0 0 23.575574 
 -4110000.000000 33899459.452113 7167.900000 0.500000 10.000000 1 0 0 22.108687 
 -4115000.000000 33899459.452113 7167.900000 0.500000 10.000000 1 0 0 20.522151 
 -4120000.000000 33899459.452113 7167.900000 0.500000 10.000000 1 0 0 18.804088 
 -4125000.000000 33899459.452113 7167.900000 0.500000 10.000000 1 0 0 16.907755 
 -4130000.000000 33899459.452113 7167.900000 0.500000 10.000000 1 0 0 14.701366 
 -4135000.000000 33899459.452113 7167.900000 0.500000 10.000000 1 0 0 11.933083 
 -4140000.000000 33899459.452113 7167.900000 0.500000 10.000000 1 0 0 8.385206 
 -4145000.000000 33899459.452113 7167.900000 0.500000 10.000000 0 1 0 4.807752 
 -4140000.000000 33899459.452113 7167.900000 0.500000 10.000000 1 0 0 8.385206 
 -4145000.000000 33899459.452113 7167.900000 0.500000 10.000000 0 1 0 4.807752 
 -4142500.000000 33899459.452113 7167.900000 0.500000 10.000000 1 0 0 6.581106 
 -4145000.000000 33899459.452113 7167.900000 0.500000 10.000000 0 1 0 4.807752 
 -4143750.000000 33899459.452113 7167.900000 0.500000 10.000000 0 0 1 5.689327 
 -4142500.000000 33899459.452113 7167.900000 0.500000 10.000000 1 0 0 6.581106 
 -4143750.000000 33899459.452113 7167.900000 0.500000 10.000000 0 0 1 5.689327 
 -4142500.000000 33899459.452113 7167.900000 0.500000 10.000000 1 0 0 6.581106 
 -4143125.000000 33899459.452113 7167.900000 0.500000 10.000000 1 0 0 6.134319 
 -4143750.000000 33899459.452113 7167.900000 0.500000 10.000000 0 0 1 5.689327 
 -4143125.000000 33899459.452113 7167.900000 0.500000 10.000000 1 0 0 6.134319 
 -4143437.500000 33899459.452113 7167.900000 0.500000 10.000000 0 0 1 5.941476 
 -4143125.000000 33899459.452113 7167.900000 0.500000 10.000000 1 0 0 6.134319 
 -4143281.250000 33899459.452113 7167.900000 0.500000 10.000000 0 0 1 6.051226 
 -4143125.000000 33899459.452113 7167.900000 0.500000 10.000000 1 0 0 6.134319 
 -4143203.125000 33899459.452113 7167.900000 0.500000 10.000000 0 0 1 6.080285 
 -4143125.000000 33899459.452113 7167.900000 0.500000 10.000000 1 0 0 6.134319 
 -4100000.000000 33899459.452113 7167.900000 0.500000 15.000000 1 0 0 25.373194 
 -4105000.000000 33899459.452113 7167.900000 0.500000 15.000000 1 0 0 24.065582 
 -4110000.000000 33899459.452113 7167.900000 0.500000 15.000000 1 0 0 22.637753 
 -4115000.000000 33899459.452113 7167.900000 0.500000 15.000000 1 0 0 21.050083 
 -4120000.000000 33899459.452113 7167.900000 0.500000 15.000000 1 0 0 19.308486 
 -4125000.000000 33899459.452113 7167.900000 0.500000 15.000000 1 0 0 17.404449 
 -4130000.000000 33899459.452113 7167.900000 0.500000 15.000000 1 0 0 15.234446 
 -4135000.000000 33899459.452113 7167.900000 0.500000 15.000000 1 0 0 12.514888 
 -4140000.000000 33899459.452113 7167.900000 0.500000 15.000000 1 0 0 8.923095 
 -4145000.000000 33899459.452113 7167.900000 0.500000 15.000000 0 0 1 5.009529 
 -4140000.000000 33899459.452113 7167.900000 0.500000 15.000000 1 0 0 8.923095 
 -4142500.000000 33899459.452113 7167.900000 0.500000 15.000000 1 0 0 6.889419 
 -4145000.000000 33899459.452113 7167.900000 0.500000 15.000000 0 0 1 5.009529 
 -4142500.000000 33899459.452113 7167.900000 0.500000 15.000000 1 0 0 6.889419 
 -4143750.000000 33899459.452113 7167.900000 0.500000 15.000000 1 0 0 5.969893 
 -4145000.000000 33899459.452113 7167.900000 0.500000 15.000000 0 0 1 5.009529 
 -4143750.000000 33899459.452113 7167.900000 0.500000 15.000000 1 0 0 5.969893 
 -4144375.000000 33899459.452113 7167.900000 0.500000 15.000000 0 0 1 5.467410 
 -4143750.000000 33899459.452113 7167.900000 0.500000 15.000000 1 0 0 5.969893 
 -4144062.500000 33899459.452113 7167.900000 0.500000 15.000000 0 0 1 5.735925 
 -4143750.000000 33899459.452113 7167.900000 0.500000 15.000000 1 0 0 5.969893 
 -4143906.250000 33899459.452113 7167.900000 0.500000 15.000000 1 0 0 5.826705 
 -4144062.500000 33899459.452113 7167.900000 0.500000 15.000000 0 0 1 5.735925 
 -4143906.250000 33899459.452113 7167.900000 0.500000 15.000000 1 0 0 5.826705 
 -4143984.375000 33899459.452113 7167.900000 0.500000 15.000000 1 0 0 5.795042 
 -4144062.500000 33899459.452113 7167.900000 0.500000 15.000000 0 0 1 5.735925 
 -4143984.375000 33899459.452113 7167.900000 0.500000 15.000000 1 0 0 5.795042 
 -4100000.000000 33899459.452113 7167.900000 0.500000 20.000000 1 0 0 25.773345 
 -4105000.000000 33899459.452113 7167.900000 0.500000 20.000000 1 0 0 24.492235 
 -4110000.000000 33899459.452113 7167.900000 0.500000 20.000000 1 0 0 23.091429 
 -4115000.000000 33899459.452113 7167.900000 0.500000 20.000000 1 0 0 21.544785 
 -4120000.000000 33899459.452113 7167.900000 0.500000 20.000000 1 0 0 19.791704 
 -4125000.000000 33899459.452113 7167.900000 0.500000 20.000000 1 0 0 17.866223 
 -4130000.000000 33899459.452113 7167.900000 0.500000 20.000000 1 0 0 15.708449 
 -4135000.000000 33899459.452113 7167.900000 0.500000 20.000000 1 0 0 13.062467 
 -4140000.000000 33899459.452113 7167.900000 0.500000 20.000000 1 0 0 9.449565 
 -4145000.000000 33899459.452113 7167.900000 0.500000 20.000000 0 0 1 5.208236 
 -4140000.000000 33899459.452113 7167.900000 0.500000 20.000000 1 0 0 9.449565 
 -4142500.000000 33899459.452113 7167.900000 0.500000 20.000000 1 0 0 7.211713 
 -4145000.000000 33899459.452113 7167.900000 0.500000 20.000000 0 0 1 5.208236 
 -4142500.000000 33899459.452113 7167.900000 0.500000 20.000000 1 0 0 7.211713 
 -4143750.000000 33899459.452113 7167.900000 0.500000 20.000000 1 0 0 6.220589 
 -4145000.000000 33899459.452113 7167.900000 0.500000 20.000000 0 0 1 5.208236 
 -4143750.000000 33899459.452113 7167.900000 0.500000 20.000000 1 0 0 6.220589 
 -4144375.000000 33899459.452113 7167.900000 0.500000 20.000000 1 0 0 5.710866 
 -4145000.000000 33899459.452113 7167.900000 0.500000 20.000000 0 0 1 5.208236 
 -4144375.000000 33899459.452113 7167.900000 0.500000 20.000000 1 0 0 5.710866 
 -4144687.500000 33899459.452113 7167.900000 0.500000 20.000000 1 0 0 5.458154 
 -4145000.000000 33899459.452113 7167.900000 0.500000 20.000000 0 0 1 5.208236 
 -4144687.500000 33899459.452113 7167.900000 0.500000 20.000000 1 0 0 5.458154 
 -4144843.750000 33899459.452113 7167.900000 0.500000 20.000000 0 0 1 5.331717 
 -4144687.500000 33899459.452113 7167.900000 0.500000 20.000000 1 0 0 5.458154 
 -4144765.625000 33899459.452113 7167.900000 0.500000 20.000000 0 0 1 5.394603 
 -4144687.500000 33899459.452113 7167.900000 0.500000 20.000000 1 0 0 5.458154 
 -4100000.000000 33899459.452113 7167.900000 0.500000 25.000000 1 0 0 26.126691 
 -4105000.000000 33899459.452113 7167.900000 0.500000 25.000000 1 0 0 24.847408 
 -4110000.000000 33899459.452113 7167.900000 0.500000 25.000000 1 0 0 23.462833 
 -4115000.000000 33899459.452113 7167.900000 0.500000 25.000000 1 0 0 21.950337 
 -4120000.000000 33899459.452113 7167.900000 0.500000 25.000000 1 0 0 20.237337 
 -4125000.000000 33899459.452113 7167.900000 0.500000 25.000000 1 0 0 18.287481 
 -4130000.000000 33899459.452113 7167.900000 0.500000 25.000000 1 0 0 16.117536 
 -4135000.000000 33899459.452113 7167.900000 0.500000 25.000000 1 0 0 13.523273 
 -4140000.000000 33899459.452113 7167.900000 0.500000 25.000000 1 0 0 9.936563 
 -4145000.000000 33899459.452113 7167.900000 0.500000 25.000000 1 0 0 5.395013 
 -4150000.000000 33899459.452113 7167.900000 0.500000 25.000000 0 1 0 2.185841 
 -4145000.000000 33899459.452113 7167.900000 0.500000 25.000000 1 0 0 5.395013 
 -4150000.000000 33899459.452113 7167.900000 0.500000 25.000000 0 1 0 2.185841 
 -4147500.000000 33899459.452113 7167.900000 0.500000 25.000000 0 1 0 3.510402 
 -4145000.000000 33899459.452113 7167.900000 0.500000 25.000000 1 0 0 5.395013 
 -4147500.000000 33899459.452113 7167.900000 0.500000 25.000000 0 1 0 3.510402 
 -4146250.000000 33899459.452113 7167.900000 0.500000 25.000000 0 1 0 4.365455 
 -4145000.000000 33899459.452113 7167.900000 0.500000 25.000000 1 0 0 5.395013 
 -4146250.000000 33899459.452113 7167.900000 0.500000 25.000000 0 1 0 4.365455 
 -4145625.000000 33899459.452113 7167.900000 0.500000 25.000000 0 0 1 4.851595 
 -4145000.000000 33899459.452113 7167.900000 0.500000 25.000000 1 0 0 5.395013 
 -4145625.000000 33899459.452113 7167.900000 0.500000 25.000000 0 0 1 4.851595 
 -4145000.000000 33899459.452113 7167.900000 0.500000 25.000000 1 0 0 5.395013 
 -4145312.500000 33899459.452113 7167.900000 0.500000 25.000000 0 0 1 5.100738 
 -4145000.000000 33899459.452113 7167.900000 0.500000 25.000000 1 0 0 5.395013 
 -4145156.250000 33899459.452113 7167.900000 0.500000 25.000000 1 0 0 5.230507 
 -4145312.500000 33899459.452113 7167.900000 0.500000 25.000000 0 0 1 5.100738 
 -4145156.250000 33899459.452113 7167.900000 0.500000 25.000000 1 0 0 5.230507 
 -4145234.375000 33899459.452113 7167.900000 0.500000 25.000000 0 0 1 5.165233 
 -4145156.250000 33899459.452113 7167.900000 0.500000 25.000000 1 0 0 5.230507 
