-1.0472,6.7194,-2.0312e-16,7.0525,-1.6402e-16,-6.9354,1.2416e-16,6.1568
-1.0297,7.0962,-2.2281e-16,7.3371,-3.6596e-16,-7.0709,2.8139e-16,6.1568
-1.0123,7.4877,-2.5614e-16,7.6179,-2.884e-16,-7.1978,1.8488e-16,6.1568
-0.99484,7.8938,-1.9759e-16,7.8941,3.907e-16,-7.316,-1.9856e-16,6.1568
-0.97738,8.3143,-1.7056e-16,8.1648,-7.1953e-16,-7.4252,5.3997e-16,6.1568
-0.95993,8.7487,-1.6451e-16,8.4292,-4.1143e-16,-7.5254,3.3672e-16,6.1568
-0.94248,9.1969,-1.4995e-16,8.6863,-8.319e-16,-7.6164,6.4695e-16,6.1568
-0.92502,9.6582,-1.6238e-16,8.9351,-5.9207e-16,-7.6981,4.4026e-16,5.9298
-0.90757,10.132,-3.8044e-17,9.1749,-4.8064e-16,-7.7704,4.2098e-16,5.9298
-0.89012,10.619,-1.0238e-16,9.4049,-1.1286e-15,-7.8333,9.6574e-16,5.9298
-0.87266,11.117,-1.4317e-16,9.6245,-6.7083e-16,-7.8867,6.1187e-16,6.5184
-0.85521,11.627,-1.3092e-16,9.8327,-3.7021e-16,-7.9304,3.7123e-16,6.5184
-0.83776,12.147,-1.4115e-16,10.029,-9.2797e-16,-7.9644,9.26e-16,6.5184
-0.8203,12.677,-5.0917e-17,10.212,-6.0695e-16,-7.9888,6.082e-16,6.5184
-0.80285,13.216,-1.7991e-16,10.382,-3.5977e-16,-8.0034,4.2379e-16,6.5184
-0.7854,13.763,-4.6621e-18,10.537,-7.9592e-16,-8.0083,8.8254e-16,6.5184
-0.76794,14.319,6.2708e-17,10.678,-3.5861e-16,-8.0034,4.0828e-16,6.5184
-0.75049,14.881,3.6382e-17,10.802,-9.4909e-16,-7.9888,1.112e-15,6.5184
-0.73304,15.45,-9.6248e-17,10.911,-3.6169e-16,-7.9644,4.2299e-16,6.5184
-0.71558,16.024,-6.8927e-17,11.003,-5.1272e-16,-7.9304,5.997e-16,6.5184
-0.69813,16.602,-9.6104e-17,11.078,-6.1155e-16,-7.8867,8.4222e-16,6.5184
-0.68068,17.183,-9.5911e-17,11.135,-6.9292e-16,-7.8333,8.3004e-16,6.5184
-0.66323,17.768,1.4241e-16,11.175,-4.8174e-16,-7.7704,7.077e-16,4.8834
-0.64577,18.353,7.9702e-17,11.196,-8.8931e-16,-7.6981,1.2533e-15,4.6328
-0.62832,18.94,6.049e-17,11.198,-6.2248e-16,-7.6164,9.1772e-16,4.0489
-0.61087,19.526,9.5085e-17,11.182,-1.0069e-15,-7.5254,1.4332e-15,4.6328
-0.59341,20.11,1.349e-16,11.146,-1.4406e-16,-7.4252,1.2532e-16,4.6328
-0.57596,20.692,1.5077e-16,11.091,-1.0519e-15,-7.316,1.6461e-15,4.6328
-0.55851,21.271,1.092e-16,11.016,-5.984e-16,-7.1978,8.7921e-16,4.6328
-0.54105,21.846,5.4869e-17,10.922,-6.7101e-16,-7.0709,1.096e-15,4.6328
-0.5236,22.415,2.0296e-16,10.809,-1.0981e-15,-6.9354,1.8149e-15,4.6328
-0.50615,22.977,1.3434e-16,10.675,-6.3994e-16,-6.7914,1.1964e-15,4.6328
-0.48869,23.532,2.4838e-16,10.523,-8.346e-16,-6.6392,1.6126e-15,4.6328
-0.47124,24.079,1.7326e-16,10.35,-3.0843e-16,-6.4789,7.2302e-16,4.6328
-0.45379,24.616,4.2272e-16,10.159,-3.9997e-16,-6.3106,7.3801e-16,3.8152
-0.43633,25.142,2.978e-16,9.948,-6.6909e-16,-6.1347,1.5513e-15,3.8152
-0.41888,25.657,4.02e-16,9.7185,-1.0658e-15,-5.9513,2.3481e-15,3.8152
-0.40143,26.16,3.5277e-16,9.4706,-6.9261e-16,-5.7607,1.6058e-15,3.8152
-0.38397,26.649,3.8107e-16,9.2046,-7.5609e-16,-5.563,1.8239e-15,3.8152
-0.36652,27.123,3.2933e-16,8.9208,-7.3635e-16,-5.3586,1.9631e-15,3.8152
-0.34907,27.583,4.1784e-16,8.6197,-7.3534e-16,-5.1476,1.9552e-15,3.8152
-0.33161,28.026,5.3007e-16,8.3019,-8.5927e-16,-4.9304,2.3042e-15,3.2248
-0.31416,28.452,3.2034e-16,7.9677,-5.6539e-16,-4.7072,1.7876e-15,3.2248
-0.29671,28.86,5.568e-16,7.6179,-3.6145e-16,-4.4782,1.0743e-15,3.2248
-0.27925,29.249,6.0856e-16,7.2529,-5.2358e-16,-4.2438,1.8829e-15,3.2248
-0.2618,29.619,7.632e-16,6.8735,-3.7828e-16,-4.0042,1.163e-15,3.2248
-0.24435,29.969,7.2089e-16,6.4804,-6.6165e-16,-3.7597,2.4249e-15,3.0018
-0.22689,30.297,6.6162e-16,6.0743,-4.0491e-16,-3.5106,1.3656e-15,3.0018
-0.20944,30.605,6.5912e-16,5.6561,-2.473e-16,-3.2573,1.0346e-15,3.0018
-0.19199,30.89,7.8758e-16,5.2265,-3.2507e-16,-3,1.4018e-15,2.8286
-0.17453,31.152,6.8952e-16,4.7862,-4.3135e-16,-2.739,2.5225e-15,2.8286
-0.15708,31.391,9.3379e-16,4.3363,-3.879e-16,-2.4747,2.424e-15,2.8286
-0.13963,31.606,9.7488e-16,3.8775,-3.6775e-16,-2.2074,2.306e-15,2.681
-0.12217,31.796,6.9129e-16,3.4107,-1.5807e-16,-1.9374,1.6656e-15,2.681
-0.10472,31.963,8.3026e-16,2.9369,-3.0565e-16,-1.665,2.7448e-15,2.681
-0.087266,32.104,8.3501e-16,2.457,-2.0897e-16,-1.3906,1.7959e-15,2.5893
-0.069813,32.22,9.0113e-16,1.972,-1.3819e-16,-1.1145,1.5599e-15,2.5893
-0.05236,32.31,9.1993e-16,1.4828,-1.2304e-16,-0.8371,2.3384e-15,2.5893
-0.034907,32.375,8.8591e-16,0.99041,-1.0202e-16,-0.55863,1.9604e-15,2.5893
-0.017453,32.414,9.3063e-16,0.49582,-1.0483e-17,-0.27949,1.434e-15,2.4771
0,32.427,1.05e-15,-1.0187e-15,-6.0759e-17,-1.0621e-15,1.2316e-15,2.4771
0.017453,32.414,9.2621e-16,-0.49582,-1.9747e-17,0.27949,2.8172e-15,2.4412
0.034907,32.375,1.0357e-15,-0.99041,-1.7788e-18,0.55863,1.3347e-15,2.4771
0.05236,32.31,8.7123e-16,-1.4828,4.2428e-17,0.8371,2.499e-15,2.4771
0.069813,32.22,9.5185e-16,-1.972,1.1023e-16,1.1145,2.6634e-15,2.5893
0.087266,32.104,7.4301e-16,-2.457,1.5523e-16,1.3906,2.2166e-15,2.5893
0.10472,31.963,8.0229e-16,-2.9369,-4.2259e-19,1.665,9.3519e-16,2.7927
0.12217,31.796,8.5185e-16,-3.4107,1.4167e-16,1.9374,1.8737e-15,2.7927
0.13963,31.606,1.1141e-15,-3.8775,1.801e-16,2.2074,1.9768e-15,2.7927
0.15708,31.391,9.2625e-16,-4.3363,2.4802e-16,2.4747,2.079e-15,3.0018
0.17453,31.152,6.5154e-16,-4.7862,2.9383e-16,2.739,2.3054e-15,3.0018
0.19199,30.89,8.3397e-16,-5.2265,3.2823e-16,3,2.0794e-15,3.0018
0.20944,30.605,4.475e-16,-5.6561,3.1501e-16,3.2573,1.9641e-15,2.8286
0.22689,30.297,6.4566e-16,-6.0743,3.034e-16,3.5106,1.6623e-15,2.8286
0.24435,29.969,4.6585e-16,-6.4804,5.9462e-16,3.7597,2.7167e-15,2.8286
0.2618,29.619,6.8082e-16,-6.8735,5.895e-16,4.0042,2.2609e-15,3.5491
0.27925,29.249,6.8682e-16,-7.2529,5.0005e-16,4.2438,2.0299e-15,3.5491
0.29671,28.86,6.3474e-16,-7.6179,3.8772e-16,4.4782,1.5752e-15,3.5491
0.31416,28.452,4.6314e-16,-7.9677,2.2331e-16,4.7072,1.0026e-15,3.5491
0.33161,28.026,7.5551e-16,-8.3019,5.8688e-16,4.9304,1.9738e-15,3.5491
0.34907,27.583,4.0472e-16,-8.6197,3.0782e-16,5.1476,9.2957e-16,4.0489
0.36652,27.123,4.1551e-16,-8.9208,5.7803e-16,5.3586,1.8437e-15,4.0489
0.38397,26.649,3.4506e-16,-9.2046,8.0116e-16,5.563,2.3054e-15,3.5491
0.40143,26.16,4.389e-16,-9.4706,1.0182e-15,5.7607,2.5956e-15,4.0489
0.41888,25.657,4.2262e-16,-9.7185,6.1767e-16,5.9513,1.4945e-15,4.0489
0.43633,25.142,3.0467e-16,-9.948,1.0265e-15,6.1347,2.4316e-15,3.5491
0.45379,24.616,2.4551e-16,-10.159,9.6734e-16,6.3106,2.2018e-15,3.5491
0.47124,24.079,2.4741e-16,-10.35,8.2531e-16,6.4789,1.7978e-15,4.0489
0.48869,23.532,3.7547e-16,-10.523,1.6015e-16,6.6392,5.753e-16,4.9165
0.50615,22.977,2.7306e-16,-10.675,8.9973e-16,6.7914,1.6772e-15,4.9165
0.5236,22.415,1.3365e-16,-10.809,5.6169e-16,6.9354,1.1518e-15,4.0489
0.54105,21.846,1.3675e-16,-10.922,3.6516e-16,7.0709,7.7171e-16,4.0489
0.55851,21.271,3.4674e-17,-11.016,9.0004e-16,7.1978,1.5723e-15,4.9165
0.57596,20.692,2.1446e-16,-11.091,5.1261e-16,7.316,9.6848e-16,4.9165
0.59341,20.11,7.2818e-17,-11.146,1.1596e-16,7.4252,3.6919e-16,4.0489
0.61087,19.526,1.4664e-16,-11.182,8.8418e-16,7.5254,1.4138e-15,4.9165
0.62832,18.94,1.2634e-16,-11.198,8.1502e-16,7.6164,1.323e-15,4.9165
0.64577,18.353,5.2035e-17,-11.196,2.4008e-16,7.6981,4.9024e-16,4.0489
0.66323,17.768,6.5662e-18,-11.175,7.2781e-16,7.7704,9.4815e-16,4.0489
0.68068,17.183,8.1031e-17,-11.135,6.6755e-16,7.8333,9.2407e-16,6.9175
0.69813,16.602,1.3643e-16,-11.078,7.776e-16,7.8867,1.0678e-15,4.6328
0.71558,16.024,4.969e-17,-11.003,6.4444e-16,7.9304,8.5976e-16,4.6328
0.73304,15.45,-1.3364e-16,-10.911,7.267e-16,7.9644,9.263e-16,6.9175
0.75049,14.881,-9.1209e-17,-10.802,9.1362e-16,7.9888,1.1407e-15,4.6328
0.76794,14.319,-1.0368e-18,-10.678,8.0853e-16,8.0034,8.9368e-16,6.9175
0.7854,13.763,-9.0002e-17,-10.537,9.6996e-16,8.0083,1.0666e-15,4.6328
0.80285,13.216,-8.2494e-17,-10.382,6.1953e-16,8.0034,6.2838e-16,6.9175
0.8203,12.677,-4.3653e-17,-10.212,6.1347e-16,7.9888,6.5338e-16,6.9175
0.83776,12.147,-1.8955e-16,-10.029,5.071e-16,7.9644,5.4358e-16,6.9175
0.85521,11.627,-9.0558e-17,-9.8327,5.7777e-16,7.9304,6.3269e-16,6.9175
0.87266,11.117,-8.3606e-17,-9.6245,2.7052e-16,7.8867,2.5474e-16,6.9175
0.89012,10.619,-6.2667e-17,-9.4049,8.0931e-16,7.8333,7.691e-16,6.7843
0.90757,10.132,-1.8128e-16,-9.1749,1.0879e-15,7.7704,9.4906e-16,6.7843
0.92502,9.6582,-2.3195e-16,-8.9351,1.3252e-16,7.6981,1.9537e-16,6.7843
0.94248,9.1969,-1.5112e-16,-8.6863,4.4218e-16,7.6164,3.9316e-16,7.9645
0.95993,8.7487,-2.0158e-16,-8.4292,1.0122e-15,7.5254,7.7794e-16,7.9645
0.97738,8.3143,-1.6352e-16,-8.1648,-4.0867e-17,7.4252,4.5344e-17,7.9645
0.99484,7.8938,-1.4219e-16,-7.8941,6.4354e-16,7.316,5.0331e-16,7.9645
1.0123,7.4877,-1.2757e-16,-7.6179,6.5062e-16,7.1978,4.7923e-16,7.9645
1.0297,7.0962,-1.8171e-16,-7.3371,3.6086e-16,7.0709,2.7163e-16,7.9645
1.0472,6.7194,-2.6793e-16,-7.0525,2.0747e-16,6.9354,1.6476e-16,7.9645
