-1.0472,37.299,4.8485e-17,9.8852,-1.1239e-15,6.7305,3.569e-16,3.1388
-1.0297,37.825,-3.4787e-16,10.228,-5.7961e-16,6.862,3.295e-16,3.1388
-1.0123,38.37,-4.6986e-16,10.564,-3.3468e-15,6.9852,1.7447e-15,3.1388
-0.99484,38.931,-4.2775e-16,10.892,4.5842e-15,7.0999,-3.1707e-15,3.1388
-0.97738,39.51,-3.7708e-16,11.211,3.6098e-15,7.2058,-2.649e-15,3.1543
-0.95993,40.105,-1.0867e-16,11.52,-5.2831e-16,7.303,1.266e-16,3.1543
-0.94248,40.716,-1.6213e-16,11.818,-7.8436e-15,7.3913,5.0783e-15,3.146
-0.92502,41.343,6.4653e-17,12.105,9.8237e-16,7.4707,-1.0591e-15,3.1543
-0.90757,41.984,-9.2393e-16,12.378,3.6877e-16,7.5408,-9.0356e-16,3.1543
-0.89012,42.639,4.0352e-16,12.638,-2.5641e-15,7.6019,1.676e-15,3.1543
-0.87266,43.307,-4.7619e-16,12.884,1.5583e-15,7.6536,-1.5505e-15,3.1543
-0.85521,43.988,2.183e-16,13.114,-1.5895e-15,7.6961,1.1512e-15,3.1543
-0.83776,44.68,-7.9812e-16,13.329,1.8194e-15,7.7292,-1.9179e-15,3.1543
-0.8203,45.383,2.4444e-16,13.526,-2.1607e-16,7.7528,-3.8011e-16,3.1634
-0.80285,46.096,-3.7054e-17,13.706,-2.9312e-15,7.767,2.5186e-15,3.1634
-0.7854,46.818,-6.0871e-16,13.868,-1.3146e-15,7.7717,1.1812e-15,3.1634
-0.76794,47.548,-9.817e-16,14.011,-8.8023e-15,7.767,9.0203e-15,3.1634
-0.75049,48.285,-4.0647e-16,14.134,1.0078e-15,7.7528,-1.4955e-15,3.1736
-0.73304,49.028,-7.8676e-16,14.237,-6.1014e-15,7.7291,6.6207e-15,3.1736
-0.71558,49.775,-4.5616e-16,14.319,-3.1867e-15,7.6961,3.0886e-15,3.1736
-0.69813,50.527,-2.0128e-16,14.38,1.9134e-15,7.6537,-2.6711e-15,3.1736
-0.68068,51.281,-7.4262e-16,14.42,4.4515e-15,7.6019,-5.506e-15,3.1736
-0.66323,52.037,-7.7608e-16,14.437,-4.2532e-15,7.5409,4.9556e-15,3.1846
-0.64577,52.792,-1.3922e-15,14.432,-4.9062e-15,7.4706,5.951e-15,3.1846
-0.62832,53.547,6.6873e-16,14.404,-4.2257e-15,7.3913,5.3123e-15,3.1846
-0.61087,54.3,-1.1447e-15,14.353,-5.0663e-15,7.3031,6.9225e-15,3.1846
-0.59341,55.05,3.0726e-16,14.279,6.3582e-15,7.2058,-1.0007e-14,3.1964
-0.57596,55.795,-2.0918e-16,14.182,-1.4701e-16,7.0998,-2.8037e-16,3.1964
-0.55851,56.535,3.8064e-16,14.061,-1.198e-15,6.9852,1.627e-15,3.2091
-0.54105,57.267,-1.1957e-15,13.916,-5.5011e-16,6.862,6.1799e-16,3.2091
-0.5236,57.992,-4.6188e-16,13.748,-2.101e-15,6.7305,3.1332e-15,3.2091
-0.50615,58.707,-1.6052e-15,13.557,-4.525e-15,6.5908,7.6765e-15,3.2226
-0.48869,59.411,-5.2544e-16,13.342,3.1791e-16,6.443,-9.3305e-16,3.2226
-0.47124,60.103,-1.8337e-16,13.104,1.84e-15,6.2874,-4.2251e-15,3.2226
-0.45379,60.783,-9.4014e-17,12.844,-1.332e-15,6.1242,2.4794e-15,3.2091
-0.43633,61.448,3.9616e-16,12.56,-5.1524e-15,5.9535,1.0563e-14,3.2226
-0.41888,62.098,-2.7679e-16,12.255,4.297e-15,5.7755,-9.6668e-15,3.2226
-0.40143,62.731,-2.2603e-16,11.928,2.9278e-15,5.5905,-7.6329e-15,3.2226
-0.38397,63.346,-8.2573e-16,11.579,-3.6973e-15,5.3987,9.1702e-15,3.2226
-0.36652,63.943,1.9454e-16,11.209,-5.163e-15,5.2003,1.3077e-14,3.2226
-0.34907,64.52,8.2741e-17,10.819,-5.1629e-15,4.9956,1.4037e-14,3.2514
-0.33161,65.076,2.7566e-16,10.41,2.7613e-15,4.7847,-7.6941e-15,3.2514
-0.31416,65.61,-1.4765e-15,9.9809,4.0545e-15,4.5681,-1.3626e-14,3.2514
-0.29671,66.121,3.3755e-16,9.5339,-1.1741e-15,4.3459,3.747e-15,3.2514
-0.27925,66.608,-6.6734e-16,9.0693,-2.7386e-15,4.1184,9.7175e-15,3.2514
-0.2618,67.07,-4.9238e-16,8.5879,-1.1981e-15,3.8858,3.321e-15,3.2514
-0.24435,67.507,-6.4239e-16,8.0905,-8.5516e-16,3.6486,3.0103e-15,3.2514
-0.22689,67.917,-2.885e-16,7.5781,-3.9106e-15,3.4069,1.6927e-14,3.2514
-0.20944,68.3,-3.2847e-16,7.0514,-2.7497e-15,3.1611,1.2228e-14,3.2514
-0.19199,68.655,-8.5925e-16,6.5116,1.7002e-18,2.9113,-6.0294e-16,3.2667
-0.17453,68.982,1.0869e-15,5.9595,-2.0133e-15,2.6581,1.1588e-14,3.2667
-0.15708,69.279,-3.3095e-16,5.3962,1.4254e-15,2.4016,-9.5872e-15,3.2667
-0.13963,69.547,6.0983e-16,4.8227,3.3472e-16,2.1422,-3.3579e-15,3.2667
-0.12217,69.784,4.587e-16,4.2401,-7.8935e-16,1.8802,5.2452e-15,3.2667
-0.10472,69.991,-4.5252e-16,3.6494,8.6809e-17,1.6158,-1.8485e-15,3.2824
-0.087266,70.166,-4.93e-16,3.0518,1.1954e-15,1.3495,-1.441e-14,3.2824
-0.069813,70.31,1.3016e-16,2.4485,-3.0032e-17,1.0816,-1.9781e-15,3.2824
-0.05236,70.422,4.1446e-16,1.8404,-1.2882e-16,0.81238,1.3415e-15,3.2824
-0.034907,70.503,1.2912e-15,1.2289,-1.1876e-15,0.54215,2.9189e-14,3.2986
-0.017453,70.551,1.5316e-15,0.61498,-4.3673e-16,0.27124,2.0849e-14,3.2986
0,70.567,6.2217e-16,2.8439e-16,-1.3875e-16,2.9193e-14,1.109e-14,3.2986
0.017453,70.551,2.6243e-16,-0.61498,-7.8779e-17,-0.27124,-6.2081e-16,3.2986
0.034907,70.503,3.5822e-16,-1.2289,2.8482e-16,-0.54215,9.9513e-16,3.2986
0.05236,70.422,1.9541e-15,-1.8404,-6.2446e-16,-0.81238,-1.0152e-14,3.315
0.069813,70.31,1.2202e-15,-2.4485,8.6518e-16,-1.0816,1.2678e-14,3.315
0.087266,70.166,2.3786e-16,-3.0518,-5.9818e-16,-1.3495,-6.6814e-15,3.315
0.10472,69.991,-1.0394e-16,-3.6494,-1.6783e-15,-1.6158,-1.5539e-14,3.315
0.12217,69.784,5.228e-16,-4.2401,2.4816e-15,-1.8802,2.0217e-14,3.3316
0.13963,69.547,6.2548e-16,-4.8227,6.4073e-16,-2.1422,3.4683e-15,3.3316
0.15708,69.279,1.1694e-15,-5.3962,5.464e-16,-2.4016,3.4454e-15,3.3316
0.17453,68.982,7.6526e-16,-5.9595,1.0071e-15,-2.6581,5.2e-15,3.3316
0.19199,68.655,6.2744e-16,-6.5116,-5.7092e-16,-2.9113,-2.0848e-15,3.3316
0.20944,68.3,-4.8929e-18,-7.0514,-2.4087e-15,-3.1611,-1.1681e-14,3.3322
0.22689,67.917,1.0658e-15,-7.5781,3.9865e-15,-3.4069,1.6774e-14,3.3322
0.24435,67.507,1.2695e-15,-8.0905,-2.3052e-15,-3.6486,-8.8612e-15,3.3307
0.2618,67.07,5.2574e-16,-8.5879,1.8175e-15,-3.8858,5.223e-15,3.3307
0.27925,66.608,4.0974e-16,-9.0693,2.1724e-15,-4.1184,6.5457e-15,3.3282
0.29671,66.121,1.2726e-15,-9.5339,-1.051e-15,-4.3459,-4.3217e-15,3.3282
0.31416,65.61,5.6104e-16,-9.9809,2.1501e-17,-4.5681,-8.5631e-16,3.3282
0.33161,65.076,1.6805e-16,-10.41,-1.6734e-15,-4.7847,-5.621e-15,3.3282
0.34907,64.52,1.5391e-15,-10.819,1.453e-15,-4.9956,3.6705e-15,3.3282
0.36652,63.943,1.474e-15,-11.209,1.999e-15,-5.2003,4.8961e-15,3.3246
0.38397,63.346,5.1367e-16,-11.579,5.2786e-15,-5.3987,1.2145e-14,3.3246
0.40143,62.731,-4.4567e-17,-11.928,-1.7692e-15,-5.5905,-4.8705e-15,3.3246
0.41888,62.098,1.2353e-15,-12.255,-5.3891e-15,-5.7755,-1.2462e-14,3.3246
0.43633,61.448,2.1174e-17,-12.56,3.3452e-15,-5.9535,7.0279e-15,3.3246
0.45379,60.783,1.3091e-15,-12.844,3.2918e-15,-6.1242,6.6743e-15,3.32
0.47124,60.103,1.5059e-15,-13.104,-3.3398e-15,-6.2874,-6.8743e-15,3.32
0.48869,59.411,9.0536e-16,-13.342,5.7827e-16,-6.443,9.4489e-16,3.32
0.50615,58.707,-1.8456e-16,-13.557,1.821e-15,-6.5908,3.1376e-15,3.32
0.5236,57.992,1.0217e-15,-13.748,5.8458e-15,-6.7306,9.5987e-15,3.3144
0.54105,57.267,-4.5573e-17,-13.916,4.8279e-15,-6.862,7.7253e-15,3.3144
0.55851,56.535,1.629e-15,-14.061,-3.859e-16,-6.9851,-9.1993e-16,3.32
0.57596,55.795,-1.2775e-16,-14.182,-5.1788e-15,-7.0998,-8.0772e-15,3.3144
0.59341,55.05,5.7312e-17,-14.279,1.4854e-15,-7.2058,2.0717e-15,3.3144
0.61087,54.3,3.9884e-16,-14.353,5.2926e-15,-7.3031,6.9954e-15,3.3079
0.62832,53.547,1.7011e-15,-14.404,-2.5338e-15,-7.3913,-3.6367e-15,3.3079
0.64577,52.792,2.9574e-16,-14.432,8.7903e-15,-7.4706,1.1697e-14,3.3079
0.66323,52.037,9.3985e-16,-14.437,-7.0504e-16,-7.5408,-1.424e-15,3.3079
0.68068,51.281,3.2892e-16,-14.42,2.4533e-15,-7.6019,2.2608e-15,3.3006
0.69813,50.527,4.3699e-16,-14.38,-5.1816e-15,-7.6537,-6.5192e-15,3.3079
0.71558,49.775,2.8619e-16,-14.319,-3.064e-16,-7.696,-4.5315e-16,3.3079
0.73304,49.028,5.5656e-16,-14.237,-3.105e-16,-7.7291,-2.1944e-16,3.3079
0.75049,48.285,1.026e-15,-14.134,-5.5801e-16,-7.7528,-1.0368e-15,3.3079
0.76794,47.548,5.9876e-16,-14.011,4.3652e-15,-7.767,4.3603e-15,3.2929
0.7854,46.818,-2.0449e-17,-13.868,4.358e-15,-7.7717,4.1426e-15,3.2929
0.80285,46.096,7.0141e-17,-13.706,1.9802e-15,-7.7669,1.7596e-15,3.2929
0.8203,45.383,8.0224e-16,-13.526,3.8182e-16,-7.7528,-2.2454e-17,3.2929
0.83776,44.68,9.3531e-16,-13.329,-5.4531e-15,-7.7292,-5.3256e-15,3.2847
0.85521,43.988,4.8561e-16,-13.114,-9.3461e-15,-7.6961,-8.4799e-15,3.2847
0.87266,43.307,-3.8977e-16,-12.884,-4.8667e-15,-7.6536,-4.3504e-15,3.2847
0.89012,42.639,3.3881e-16,-12.638,-6.545e-15,-7.6018,-5.6661e-15,3.2847
0.90757,41.984,9.6467e-17,-12.378,-1.5026e-16,-7.5409,-3.3318e-16,3.2847
0.92502,41.343,-1.0293e-16,-12.105,5.005e-17,-7.4707,-2.9823e-16,3.2847
0.94248,40.716,3.539e-16,-11.818,-1.5598e-15,-7.3914,-1.4015e-15,3.2847
0.95993,40.105,8.1966e-16,-11.52,6.9033e-16,-7.303,5.0489e-16,3.2847
0.97738,39.51,2.8984e-16,-11.211,-3.5812e-15,-7.2058,-2.6502e-15,3.2847
0.99484,38.931,-3.1252e-16,-10.892,-1.0525e-15,-7.0998,-8.9582e-16,3.2765
1.0123,38.37,6.0141e-16,-10.564,2.2237e-15,-6.9852,1.392e-15,3.2765
1.0297,37.825,5.3356e-16,-10.228,-3.7136e-15,-6.862,-2.4439e-15,3.2765
1.0472,37.299,8.4531e-17,-9.8852,-5.1252e-15,-6.7305,-3.3059e-15,3.2685
