  -4379500.0 1.25 -0.12 6000.0 1 1 0 5.795096 
  -4380000.0 1.25 -0.12 6000.0 1 1 0 5.536694 
  -4380500.0 1.25 -0.12 6000.0 1 1 0 5.281198 
  -4381000.0 1.25 -0.12 6000.0 1 1 0 5.019260 
  -4381500.0 1.25 -0.12 6000.0 1 1 0 4.743512 
  -4382000.0 1.25 -0.12 6000.0 1 1 0 4.470372 
  -4382500.0 1.25 -0.12 6000.0 1 1 0 4.217009 
  -4383000.0 1.25 -0.12 6000.0 1 1 0 3.979782 
  -4383500.0 1.25 -0.12 6000.0 1 1 0 3.754136 
  -4384000.0 1.25 -0.12 6000.0 1 0 1 3.536670 
  -4384500.0 1.25 -0.12 6000.0 1 0 1 3.322509 
  -4385000.0 1.25 -0.12 6000.0 1 0 1 3.109385 
  -4385500.0 1.25 -0.12 6000.0 1 0 0 2.911438 
 -4385083.333333 1.250000 -0.120000 6000.000000 1 0 1 3.075121 
 -4385166.666667 1.250000 -0.120000 6000.000000 1 0 1 3.041360 
 -4385250.000000 1.250000 -0.120000 6000.000000 1 0 0 3.008092 
  -4640000.0 1.25 0.63 5000.0 1 1 0 14.330389 
  -4645000.0 1.25 0.63 5000.0 1 0 1 13.671351 
  -4650000.0 1.25 0.63 5000.0 1 0 1 13.035700 
  -4655000.0 1.25 0.63 5000.0 1 0 1 12.425412 
  -4660000.0 1.25 0.63 5000.0 1 0 1 11.836158 
  -4665000.0 1.25 0.63 5000.0 1 0 1 11.255248 
  -4670000.0 1.25 0.63 5000.0 1 0 1 10.655605 
  -4675000.0 1.25 0.63 5000.0 1 0 1 10.051605 
  -4680000.0 1.25 0.63 5000.0 1 0 1 9.395905 
  -4685000.0 1.25 0.63 5000.0 1 0 1 8.704742 
  -4690000.0 1.25 0.63 5000.0 1 0 1 8.030594 
  -4695000.0 1.25 0.63 5000.0 1 0 1 7.372542 
  -4700000.0 1.25 0.63 5000.0 1 0 1 6.728707 
  -4705000.0 1.25 0.63 5000.0 1 0 1 6.065035 
  -4710000.0 1.25 0.63 5000.0 1 0 1 5.345768 
