 -4140000.0 0.80 1 1 0 23.754385 
 -4142000.0 0.80 1 1 0 22.809484 
 -4140000.0 0.80 1 1 0 23.754385 
 -4142000.0 0.80 1 1 0 22.809484 
 -4144000.0 0.80 1 1 0 21.788274 
 -4146000.0 0.80 1 1 0 20.672755 
 -4148000.0 0.80 1 1 0 19.481029 
 -4150000.0 0.80 1 1 0 18.133474 
 -4152000.0 0.80 1 1 0 16.600687 
 -4154000.0 0.80 1 1 0 14.758764 
 -4156000.0 0.80 1 1 0 12.354629 
 -4158000.0 0.80 1 1 0 8.004604 
 -4160000.0 0.80 1 0 0 2.230052 
 -4158048.8 0.80 1 1 0 7.805734 
 -4158097.6 0.80 1 1 0 7.594293 
 -4158146.3 0.80 1 1 0 7.364484 
 -4158195.1 0.80 1 1 0 7.111904 
 -4158243.9 0.80 1 1 0 6.833163 
 -4158292.7 0.80 1 1 0 6.518471 
 -4158341.5 0.80 1 1 0 6.149503 
 -4158390.2 0.80 1 1 0 5.696068 
 -4158439.0 0.80 1 1 0 5.076522 
 -4158487.8 0.80 1 0 1 3.049586 
 -4158536.6 0.80 1 0 1 3.014956 
 -4158585.4 0.80 1 0 0 2.981267 
 -4158634.1 0.80 1 0 0 2.947866 
 -4158682.9 0.80 1 0 0 2.915016 
 -4158731.7 0.80 1 0 0 2.882669 
 -4158780.5 0.80 1 0 0 2.850482 
 -4158829.3 0.80 1 0 0 2.818777 
 -4158878.0 0.80 1 0 0 2.787441 
 -4158926.8 0.80 1 0 0 2.756498 
 -4158975.6 0.80 1 0 0 2.726652 
 -4159024.4 0.80 1 0 0 2.697495 
 -4159073.2 0.80 1 0 0 2.668863 
 -4159122.0 0.80 1 0 0 2.641344 
 -4159170.7 0.80 1 0 0 2.614264 
 -4159219.5 0.80 1 0 0 2.587613 
 -4159268.3 0.80 1 0 0 2.561973 
 -4159317.1 0.80 1 0 0 2.536742 
 -4159365.9 0.80 1 0 0 2.511892 
 -4159414.6 0.80 1 0 0 2.487636 
 -4159463.4 0.80 1 0 0 2.464055 
 -4159512.2 0.80 1 0 0 2.440810 
 -4159561.0 0.80 1 0 0 2.417896 
 -4159609.8 0.80 1 0 0 2.395433 
 -4159658.5 0.80 1 0 0 2.373623 
 -4159707.3 0.80 1 0 0 2.352104 
 -4159756.1 0.80 1 0 0 2.330869 
 -4159804.9 0.80 1 0 0 2.309910 
 -4159853.7 0.80 1 0 0 2.289399 
 -4159902.4 0.80 1 0 0 2.269374 
 -4159951.2 0.80 1 0 0 2.249594 
 -4140000.0 0.85 1 1 0 24.191258 
 -4142000.0 0.85 1 1 0 23.251986 
 -4144000.0 0.85 1 1 0 22.233634 
 -4146000.0 0.85 1 1 0 21.142098 
 -4148000.0 0.85 1 1 0 19.944114 
 -4150000.0 0.85 1 1 0 18.635135 
 -4152000.0 0.85 1 1 0 17.143061 
 -4154000.0 0.85 1 1 0 15.380017 
 -4156000.0 0.85 1 1 0 13.128126 
 -4158000.0 0.85 1 1 0 9.604906 
 -4160000.0 0.85 1 0 0 2.437587 
 -4158048.8 0.85 1 1 0 9.475697 
 -4158097.6 0.85 1 1 0 9.342890 
 -4158146.3 0.85 1 1 0 9.207856 
 -4158195.1 0.85 1 1 0 9.062357 
 -4158243.9 0.85 1 1 0 8.916839 
 -4158292.7 0.85 1 1 0 8.762841 
 -4158341.5 0.85 1 1 0 8.600382 
 -4158390.2 0.85 1 1 0 8.432164 
 -4158439.0 0.85 1 1 0 8.252979 
 -4158487.8 0.85 1 1 0 8.065125 
 -4158536.6 0.85 1 1 0 7.863293 
 -4158585.4 0.85 1 1 0 7.647983 
 -4158634.1 0.85 1 1 0 7.412876 
 -4158682.9 0.85 1 1 0 7.159003 
 -4158731.7 0.85 1 1 0 6.874836 
 -4158780.5 0.85 1 1 0 6.551158 
 -4158829.3 0.85 1 1 0 6.173337 
 -4158878.0 0.85 1 1 0 5.704262 
 -4158926.8 0.85 1 1 0 5.048753 
 -4158975.6 0.85 1 0 1 3.044575 
 -4159024.4 0.85 1 0 1 3.008925 
 -4159073.2 0.85 1 0 0 2.973490 
 -4159122.0 0.85 1 0 0 2.938880 
 -4159170.7 0.85 1 0 0 2.904395 
 -4159219.5 0.85 1 0 0 2.870749 
 -4159268.3 0.85 1 0 0 2.838097 
 -4159317.1 0.85 1 0 0 2.806440 
 -4159365.9 0.85 1 0 0 2.775733 
 -4159414.6 0.85 1 0 0 2.745668 
 -4159463.4 0.85 1 0 0 2.716732 
 -4159512.2 0.85 1 0 0 2.688268 
 -4159561.0 0.85 1 0 0 2.660573 
 -4159609.8 0.85 1 0 0 2.633679 
 -4159658.5 0.85 1 0 0 2.607203 
 -4159707.3 0.85 1 0 0 2.581342 
 -4159756.1 0.85 1 0 0 2.556259 
 -4159804.9 0.85 1 0 0 2.531544 
 -4159853.7 0.85 1 0 0 2.507187 
 -4159902.4 0.85 1 0 0 2.483575 
 -4159951.2 0.85 1 0 0 2.460423 
 -4140000.0 0.90 1 1 0 24.606995 
 -4142000.0 0.90 1 1 0 23.663635 
 -4144000.0 0.90 1 1 0 22.648600 
 -4146000.0 0.90 1 1 0 21.570897 
 -4148000.0 0.90 1 1 0 20.394690 
 -4150000.0 0.90 1 1 0 19.098006 
 -4152000.0 0.90 1 1 0 17.633718 
 -4154000.0 0.90 1 1 0 15.934332 
 -4156000.0 0.90 1 1 0 13.806947 
 -4158000.0 0.90 1 1 0 10.735658 
 -4160000.0 0.90 1 0 0 2.666937 
 -4158048.8 0.90 1 1 0 10.629489 
 -4158097.6 0.90 1 1 0 10.530684 
 -4158146.3 0.90 1 1 0 10.422366 
 -4158195.1 0.90 1 1 0 10.316053 
 -4158243.9 0.90 1 1 0 10.200812 
 -4158292.7 0.90 1 1 0 10.090737 
 -4158341.5 0.90 1 1 0 9.973765 
 -4158390.2 0.90 1 1 0 9.852323 
 -4158439.0 0.90 1 1 0 9.727836 
 -4158487.8 0.90 1 1 0 9.600670 
 -4158536.6 0.90 1 1 0 9.469920 
 -4158585.4 0.90 1 1 0 9.333036 
 -4158634.1 0.90 1 1 0 9.190596 
 -4158682.9 0.90 1 1 0 9.043816 
 -4158731.7 0.90 1 1 0 8.891867 
 -4158780.5 0.90 1 1 0 8.731502 
 -4158829.3 0.90 1 1 0 8.562996 
 -4158878.0 0.90 1 1 0 8.387294 
 -4158926.8 0.90 1 1 0 8.200216 
 -4158975.6 0.90 1 1 0 8.004125 
 -4159024.4 0.90 1 1 0 7.791906 
 -4159073.2 0.90 1 1 0 7.563334 
 -4159122.0 0.90 1 1 0 7.313969 
 -4159170.7 0.90 1 1 0 7.036768 
 -4159219.5 0.90 1 1 0 6.727542 
 -4159268.3 0.90 1 1 0 6.367209 
 -4159317.1 0.90 1 1 0 5.929132 
 -4159365.9 0.90 1 1 0 5.344824 
 -4159414.6 0.90 1 1 0 4.240317 
 -4159463.4 0.90 1 0 1 3.013892 
 -4159512.2 0.90 1 0 0 2.977228 
 -4159561.0 0.90 1 0 0 2.941660 
 -4159609.8 0.90 1 0 0 2.907421 
 -4159658.5 0.90 1 0 0 2.874251 
 -4159707.3 0.90 1 0 0 2.842103 
 -4159756.1 0.90 1 0 0 2.810878 
 -4159804.9 0.90 1 0 0 2.780625 
 -4159853.7 0.90 1 0 0 2.750939 
 -4159902.4 0.90 1 0 0 2.722406 
 -4159951.2 0.90 1 0 0 2.694329 
 -4140000.0 0.95 1 1 0 24.993154 
 -4142000.0 0.95 1 1 0 24.041562 
 -4144000.0 0.95 1 1 0 23.038113 
 -4146000.0 0.95 1 1 0 21.965327 
 -4148000.0 0.95 1 1 0 20.797444 
 -4150000.0 0.95 1 1 0 19.511366 
 -4152000.0 0.95 1 1 0 18.090270 
 -4154000.0 0.95 1 1 0 16.427844 
 -4156000.0 0.95 1 1 0 14.413359 
 -4158000.0 0.95 1 1 0 11.633488 
 -4160000.0 0.95 1 0 0 2.929996 
 -4158048.8 0.95 1 1 0 11.546770 
 -4158097.6 0.95 1 1 0 11.458234 
 -4158146.3 0.95 1 1 0 11.367634 
 -4158195.1 0.95 1 1 0 11.274537 
 -4158243.9 0.95 1 1 0 11.181356 
 -4158292.7 0.95 1 1 0 11.089995 
 -4158341.5 0.95 1 1 0 10.995469 
 -4158390.2 0.95 1 1 0 10.896398 
 -4158439.0 0.95 1 1 0 10.791324 
 -4158487.8 0.95 1 1 0 10.694329 
 -4158536.6 0.95 1 1 0 10.588609 
 -4158585.4 0.95 1 1 0 10.481674 
 -4158634.1 0.95 1 1 0 10.372204 
 -4158682.9 0.95 1 1 0 10.261152 
 -4158731.7 0.95 1 1 0 10.142151 
 -4158780.5 0.95 1 1 0 10.026318 
 -4158829.3 0.95 1 1 0 9.906202 
 -4158878.0 0.95 1 1 0 9.781309 
 -4158926.8 0.95 1 1 0 9.651924 
 -4158975.6 0.95 1 1 0 9.516755 
 -4159024.4 0.95 1 1 0 9.379630 
 -4159073.2 0.95 1 1 0 9.237665 
 -4159122.0 0.95 1 1 0 9.089240 
 -4159170.7 0.95 1 1 0 8.933557 
 -4159219.5 0.95 1 1 0 8.772433 
 -4159268.3 0.95 1 1 0 8.601867 
 -4159317.1 0.95 1 1 0 8.424079 
 -4159365.9 0.95 1 1 0 8.234503 
 -4159414.6 0.95 1 1 0 8.033055 
 -4159463.4 0.95 1 1 0 7.817588 
 -4159512.2 0.95 1 1 0 7.584032 
 -4159561.0 0.95 1 1 0 7.327973 
 -4159609.8 0.95 1 1 0 7.046453 
 -4159658.5 0.95 1 1 0 6.725860 
 -4159707.3 0.95 1 1 0 6.350437 
 -4159756.1 0.95 1 1 0 5.887078 
 -4159804.9 0.95 1 1 0 5.244586 
 -4159853.7 0.95 1 0 1 3.037161 
 -4159902.4 0.95 1 0 1 3.000035 
 -4159951.2 0.95 1 0 0 2.964347 
 -4140000.0 1.00 1 1 0 25.330939 
 -4142000.0 1.00 1 1 0 24.373107 
 -4144000.0 1.00 1 1 0 23.400913 
 -4146000.0 1.00 1 1 0 22.331021 
 -4148000.0 1.00 1 1 0 21.167265 
 -4150000.0 1.00 1 1 0 19.905843 
 -4152000.0 1.00 1 1 0 18.505155 
 -4154000.0 1.00 1 1 0 16.895936 
 -4156000.0 1.00 1 1 0 14.962675 
 -4158000.0 1.00 1 1 0 12.388535 
 -4160000.0 1.00 1 1 0 7.208255 
 -4162000.0 1.00 1 0 0 2.146248 
 -4160048.8 1.00 1 1 0 6.901128 
 -4160097.6 1.00 1 1 0 6.546580 
 -4160146.3 1.00 1 1 0 6.117428 
 -4160195.1 1.00 1 1 0 5.548344 
 -4160243.9 1.00 1 1 0 4.523119 
 -4160292.7 1.00 1 0 1 3.008979 
 -4160341.5 1.00 1 0 0 2.973690 
 -4160390.2 1.00 1 0 0 2.939549 
 -4160439.0 1.00 1 0 0 2.906429 
 -4160487.8 1.00 1 0 0 2.874512 
 -4160536.6 1.00 1 0 0 2.843355 
 -4160585.4 1.00 1 0 0 2.813218 
 -4160634.1 1.00 1 0 0 2.783827 
 -4160682.9 1.00 1 0 0 2.755069 
 -4160731.7 1.00 1 0 0 2.727270 
 -4160780.5 1.00 1 0 0 2.699877 
 -4160829.3 1.00 1 0 0 2.673165 
 -4160878.0 1.00 1 0 0 2.647162 
 -4160926.8 1.00 1 0 0 2.621508 
 -4160975.6 1.00 1 0 0 2.596302 
 -4161024.4 1.00 1 0 0 2.571861 
 -4161073.2 1.00 1 0 0 2.547720 
 -4161122.0 1.00 1 0 0 2.523866 
 -4161170.7 1.00 1 0 0 2.500466 
 -4161219.5 1.00 1 0 0 2.477639 
 -4161268.3 1.00 1 0 0 2.455057 
 -4161317.1 1.00 1 0 0 2.432710 
 -4161365.9 1.00 1 0 0 2.410588 
 -4161414.6 1.00 1 0 0 2.388996 
 -4161463.4 1.00 1 0 0 2.367702 
 -4161512.2 1.00 1 0 0 2.346594 
 -4161561.0 1.00 1 0 0 2.325663 
 -4161609.8 1.00 1 0 0 2.304902 
 -4161658.5 1.00 1 0 0 2.284343 
 -4161707.3 1.00 1 0 0 2.264245 
 -4161756.1 1.00 1 0 0 2.244283 
 -4161804.9 1.00 1 0 0 2.224450 
 -4161853.7 1.00 1 0 0 2.204737 
 -4161902.4 1.00 1 0 0 2.185137 
 -4161951.2 1.00 1 0 0 2.165644 
 -4140000.0 1.05 1 1 0 25.658203 
 -4142000.0 1.05 1 1 0 24.722353 
 -4144000.0 1.05 1 1 0 23.727222 
 -4146000.0 1.05 1 1 0 22.666449 
 -4148000.0 1.05 1 1 0 21.513307 
 -4150000.0 1.05 1 1 0 20.275016 
 -4152000.0 1.05 1 1 0 18.885784 
 -4154000.0 1.05 1 1 0 17.320421 
 -4156000.0 1.05 1 1 0 15.453530 
 -4158000.0 1.05 1 1 0 13.040506 
 -4160000.0 1.05 1 1 0 8.946649 
 -4162000.0 1.05 1 0 0 2.304635 
 -4160048.8 1.05 1 1 0 8.777772 
 -4160097.6 1.05 1 1 0 8.600996 
 -4160146.3 1.05 1 1 0 8.414009 
 -4160195.1 1.05 1 1 0 8.215410 
 -4160243.9 1.05 1 1 0 8.003003 
 -4160292.7 1.05 1 1 0 7.775055 
 -4160341.5 1.05 1 1 0 7.524812 
 -4160390.2 1.05 1 1 0 7.249671 
 -4160439.0 1.05 1 1 0 6.939273 
 -4160487.8 1.05 1 1 0 6.578858 
 -4160536.6 1.05 1 1 0 6.140193 
 -4160585.4 1.05 1 1 0 5.550021 
 -4160634.1 1.05 1 1 0 4.446310 
 -4160682.9 1.05 1 0 1 3.005684 
 -4160731.7 1.05 1 0 0 2.970975 
 -4160780.5 1.05 1 0 0 2.937560 
 -4160829.3 1.05 1 0 0 2.904941 
 -4160878.0 1.05 1 0 0 2.873632 
 -4160926.8 1.05 1 0 0 2.842889 
 -4160975.6 1.05 1 0 0 2.813247 
 -4161024.4 1.05 1 0 0 2.784188 
 -4161073.2 1.05 1 0 0 2.755814 
 -4161122.0 1.05 1 0 0 2.728271 
 -4161170.7 1.05 1 0 0 2.701108 
 -4161219.5 1.05 1 0 0 2.674630 
 -4161268.3 1.05 1 0 0 2.648783 
 -4161317.1 1.05 1 0 0 2.623259 
 -4161365.9 1.05 1 0 0 2.598136 
 -4161414.6 1.05 1 0 0 2.573752 
 -4161463.4 1.05 1 0 0 2.549638 
 -4161512.2 1.05 1 0 0 2.525781 
 -4161561.0 1.05 1 0 0 2.502250 
 -4161609.8 1.05 1 0 0 2.479343 
 -4161658.5 1.05 1 0 0 2.456650 
 -4161707.3 1.05 1 0 0 2.434161 
 -4161756.1 1.05 1 0 0 2.411868 
 -4161804.9 1.05 1 0 0 2.389886 
 -4161853.7 1.05 1 0 0 2.368348 
 -4161902.4 1.05 1 0 0 2.346966 
 -4161951.2 1.05 1 0 0 2.325731 
 -4140000.0 1.10 1 1 0 25.975952 
 -4142000.0 1.10 1 1 0 25.034518 
 -4144000.0 1.10 1 1 0 24.027839 
 -4146000.0 1.10 1 1 0 22.980287 
 -4148000.0 1.10 1 1 0 21.838697 
 -4150000.0 1.10 1 1 0 20.612310 
 -4152000.0 1.10 1 1 0 19.257212 
 -4154000.0 1.10 1 1 0 17.720471 
 -4156000.0 1.10 1 1 0 15.913144 
 -4158000.0 1.10 1 1 0 13.626772 
 -4160000.0 1.10 1 1 0 10.079118 
 -4162000.0 1.10 1 0 0 2.471959 
 -4160048.8 1.10 1 1 0 9.952305 
 -4160097.6 1.10 1 1 0 9.821281 
 -4160146.3 1.10 1 1 0 9.685251 
 -4160195.1 1.10 1 1 0 9.546482 
 -4160243.9 1.10 1 1 0 9.401158 
 -4160292.7 1.10 1 1 0 9.251183 
 -4160341.5 1.10 1 1 0 9.094199 
 -4160390.2 1.10 1 1 0 8.930048 
 -4160439.0 1.10 1 1 0 8.756132 
 -4160487.8 1.10 1 1 0 8.575949 
 -4160536.6 1.10 1 1 0 8.382990 
 -4160585.4 1.10 1 1 0 8.180231 
 -4160634.1 1.10 1 1 0 7.959344 
 -4160682.9 1.10 1 1 0 7.721845 
 -4160731.7 1.10 1 1 0 7.463802 
 -4160780.5 1.10 1 1 0 7.172477 
 -4160829.3 1.10 1 1 0 6.843957 
 -4160878.0 1.10 1 1 0 6.455007 
 -4160926.8 1.10 1 1 0 5.964628 
 -4160975.6 1.10 1 1 0 5.248311 
 -4161024.4 1.10 1 0 1 3.026441 
 -4161073.2 1.10 1 0 1 2.991699 
 -4161122.0 1.10 1 0 0 2.957928 
 -4161170.7 1.10 1 0 0 2.925363 
 -4161219.5 1.10 1 0 0 2.893681 
 -4161268.3 1.10 1 0 0 2.862951 
 -4161317.1 1.10 1 0 0 2.832905 
 -4161365.9 1.10 1 0 0 2.803820 
 -4161414.6 1.10 1 0 0 2.775143 
 -4161463.4 1.10 1 0 0 2.747383 
 -4161512.2 1.10 1 0 0 2.720120 
 -4161561.0 1.10 1 0 0 2.693198 
 -4161609.8 1.10 1 0 0 2.667111 
 -4161658.5 1.10 1 0 0 2.641409 
 -4161707.3 1.10 1 0 0 2.615993 
 -4161756.1 1.10 1 0 0 2.591044 
 -4161804.9 1.10 1 0 0 2.566676 
 -4161853.7 1.10 1 0 0 2.542544 
 -4161902.4 1.10 1 0 0 2.518634 
 -4161951.2 1.10 1 0 0 2.495010 
 -4140000.0 1.15 1 1 0 26.247855 
 -4142000.0 1.15 1 1 0 25.318457 
 -4144000.0 1.15 1 1 0 24.322139 
 -4146000.0 1.15 1 1 0 23.286903 
 -4148000.0 1.15 1 1 0 22.160307 
 -4150000.0 1.15 1 1 0 20.946620 
 -4152000.0 1.15 1 1 0 19.609653 
 -4154000.0 1.15 1 1 0 18.105824 
 -4156000.0 1.15 1 1 0 16.350618 
 -4158000.0 1.15 1 1 0 14.162120 
 -4160000.0 1.15 1 1 0 10.968253 
 -4162000.0 1.15 1 0 0 2.650975 
 -4160048.8 1.15 1 1 0 10.861218 
 -4160097.6 1.15 1 1 0 10.753409 
 -4160146.3 1.15 1 1 0 10.641971 
 -4160195.1 1.15 1 1 0 10.529058 
 -4160243.9 1.15 1 1 0 10.411007 
 -4160292.7 1.15 1 1 0 10.292107 
 -4160341.5 1.15 1 1 0 10.169716 
 -4160390.2 1.15 1 1 0 10.043216 
 -4160439.0 1.15 1 1 0 9.912622 
 -4160487.8 1.15 1 1 0 9.777327 
 -4160536.6 1.15 1 1 0 9.637567 
 -4160585.4 1.15 1 1 0 9.494196 
 -4160634.1 1.15 1 1 0 9.343712 
 -4160682.9 1.15 1 1 0 9.186860 
 -4160731.7 1.15 1 1 0 9.024219 
 -4160780.5 1.15 1 1 0 8.854064 
 -4160829.3 1.15 1 1 0 8.673757 
 -4160878.0 1.15 1 1 0 8.483973 
 -4160926.8 1.15 1 1 0 8.281582 
 -4160975.6 1.15 1 1 0 8.065057 
 -4161024.4 1.15 1 1 0 7.831737 
 -4161073.2 1.15 1 1 0 7.577366 
 -4161122.0 1.15 1 1 0 7.296783 
 -4161170.7 1.15 1 1 0 6.977615 
 -4161219.5 1.15 1 1 0 6.606655 
 -4161268.3 1.15 1 1 0 6.148621 
 -4161317.1 1.15 1 1 0 5.521391 
 -4161365.9 1.15 1 1 0 4.328630 
 -4161414.6 1.15 1 0 1 3.002170 
 -4161463.4 1.15 1 0 0 2.968442 
 -4161512.2 1.15 1 0 0 2.936034 
 -4161561.0 1.15 1 0 0 2.904305 
 -4161609.8 1.15 1 0 0 2.873663 
 -4161658.5 1.15 1 0 0 2.843481 
 -4161707.3 1.15 1 0 0 2.814413 
 -4161756.1 1.15 1 0 0 2.785726 
 -4161804.9 1.15 1 0 0 2.757701 
 -4161853.7 1.15 1 0 0 2.730363 
 -4161902.4 1.15 1 0 0 2.703340 
 -4161951.2 1.15 1 0 0 2.676850 
 -4140000.0 1.20 1 1 0 26.528463 
 -4142000.0 1.20 1 1 0 25.595944 
 -4144000.0 1.20 1 1 0 24.617424 
 -4146000.0 1.20 1 1 0 23.587868 
 -4148000.0 1.20 1 1 0 22.474040 
 -4150000.0 1.20 1 1 0 21.274609 
 -4152000.0 1.20 1 1 0 19.954061 
 -4154000.0 1.20 1 1 0 18.476273 
 -4156000.0 1.20 1 1 0 16.761560 
 -4158000.0 1.20 1 1 0 14.662218 
 -4160000.0 1.20 1 1 0 11.716510 
 -4162000.0 1.20 1 0 0 2.845501 
 -4160048.8 1.20 1 1 0 11.622827 
 -4160097.6 1.20 1 1 0 11.526948 
 -4160146.3 1.20 1 1 0 11.430928 
 -4160195.1 1.20 1 1 0 11.334012 
 -4160243.9 1.20 1 1 0 11.234220 
 -4160292.7 1.20 1 1 0 11.130730 
 -4160341.5 1.20 1 1 0 11.026422 
 -4160390.2 1.20 1 1 0 10.920799 
 -4160439.0 1.20 1 1 0 10.809425 
 -4160487.8 1.20 1 1 0 10.700023 
 -4160536.6 1.20 1 1 0 10.584245 
 -4160585.4 1.20 1 1 0 10.467548 
 -4160634.1 1.20 1 1 0 10.347867 
 -4160682.9 1.20 1 1 0 10.223860 
 -4160731.7 1.20 1 1 0 10.096201 
 -4160780.5 1.20 1 1 0 9.965001 
 -4160829.3 1.20 1 1 0 9.829672 
 -4160878.0 1.20 1 1 0 9.688759 
 -4160926.8 1.20 1 1 0 9.543389 
 -4160975.6 1.20 1 1 0 9.391890 
 -4161024.4 1.20 1 1 0 9.235274 
 -4161073.2 1.20 1 1 0 9.070693 
 -4161122.0 1.20 1 1 0 8.898051 
 -4161170.7 1.20 1 1 0 8.717169 
 -4161219.5 1.20 1 1 0 8.525339 
 -4161268.3 1.20 1 1 0 8.322530 
 -4161317.1 1.20 1 1 0 8.104545 
 -4161365.9 1.20 1 1 0 7.869322 
 -4161414.6 1.20 1 1 0 7.612582 
 -4161463.4 1.20 1 1 0 7.327319 
 -4161512.2 1.20 1 1 0 7.006871 
 -4161561.0 1.20 1 1 0 6.632346 
 -4161609.8 1.20 1 1 0 6.172037 
 -4161658.5 1.20 1 1 0 5.548621 
 -4161707.3 1.20 1 1 0 4.396168 
 -4161756.1 1.20 1 0 1 3.003234 
 -4161804.9 1.20 1 0 0 2.969843 
 -4161853.7 1.20 1 0 0 2.937651 
 -4161902.4 1.20 1 0 0 2.906129 
 -4161951.2 1.20 1 0 0 2.875614 
 -4140000.0 1.25 1 1 0 26.816149 
 -4142000.0 1.25 1 1 0 25.882599 
 -4144000.0 1.25 1 1 0 24.912679 
 -4146000.0 1.25 1 1 0 23.879914 
 -4148000.0 1.25 1 1 0 22.776811 
 -4150000.0 1.25 1 1 0 21.589853 
 -4152000.0 1.25 1 1 0 20.277296 
 -4154000.0 1.25 1 1 0 18.821863 
 -4156000.0 1.25 1 1 0 17.152285 
 -4158000.0 1.25 1 1 0 15.125109 
 -4160000.0 1.25 1 1 0 12.368257 
 -4162000.0 1.25 1 1 0 5.360097 
 -4164000.0 1.25 1 0 0 2.040438 
 -4162048.8 1.25 1 0 1 3.029391 
 -4162097.6 1.25 1 0 1 2.995644 
 -4162146.3 1.25 1 0 0 2.962803 
 -4162195.1 1.25 1 0 0 2.930839 
 -4162243.9 1.25 1 0 0 2.899679 
 -4162292.7 1.25 1 0 0 2.869281 
 -4162341.5 1.25 1 0 0 2.839345 
 -4162390.2 1.25 1 0 0 2.810319 
 -4162439.0 1.25 1 0 0 2.781599 
 -4162487.8 1.25 1 0 0 2.753375 
 -4162536.6 1.25 1 0 0 2.725809 
 -4162585.4 1.25 1 0 0 2.698482 
 -4162634.1 1.25 1 0 0 2.671379 
 -4162682.9 1.25 1 0 0 2.644978 
 -4162731.7 1.25 1 0 0 2.618792 
 -4162780.5 1.25 1 0 0 2.592774 
 -4162829.3 1.25 1 0 0 2.566909 
 -4162878.0 1.25 1 0 0 2.541514 
 -4162926.8 1.25 1 0 0 2.516358 
 -4162975.6 1.25 1 0 0 2.491303 
 -4163024.4 1.25 1 0 0 2.466338 
 -4163073.2 1.25 1 0 0 2.441451 
 -4163122.0 1.25 1 0 0 2.416766 
 -4163170.7 1.25 1 0 0 2.392403 
 -4163219.5 1.25 1 0 0 2.368372 
 -4163268.3 1.25 1 0 0 2.344722 
 -4163317.1 1.25 1 0 0 2.321448 
 -4163365.9 1.25 1 0 0 2.298857 
 -4163414.6 1.25 1 0 0 2.276786 
 -4163463.4 1.25 1 0 0 2.255050 
 -4163512.2 1.25 1 0 0 2.233644 
 -4163561.0 1.25 1 0 0 2.212560 
 -4163609.8 1.25 1 0 0 2.192058 
 -4163658.5 1.25 1 0 0 2.172011 
 -4163707.3 1.25 1 0 0 2.152256 
 -4163756.1 1.25 1 0 0 2.132786 
 -4163804.9 1.25 1 0 0 2.113595 
 -4163853.7 1.25 1 0 0 2.094675 
 -4163902.4 1.25 1 0 0 2.076292 
 -4163951.2 1.25 1 0 0 2.058243 
 -4140000.0 1.30 1 1 0 27.085403 
 -4142000.0 1.30 1 1 0 26.168716 
 -4144000.0 1.30 1 1 0 25.198998 
 -4146000.0 1.30 1 1 0 24.156581 
 -4148000.0 1.30 1 1 0 23.066273 
 -4150000.0 1.30 1 1 0 21.894805 
 -4152000.0 1.30 1 1 0 20.596317 
 -4154000.0 1.30 1 1 0 19.169224 
 -4156000.0 1.30 1 1 0 17.526857 
 -4158000.0 1.30 1 1 0 15.556764 
 -4160000.0 1.30 1 1 0 12.953431 
 -4162000.0 1.30 1 1 0 7.994126 
 -4164000.0 1.30 1 0 0 2.158789 
 -4162048.8 1.30 1 1 0 7.738830 
 -4162097.6 1.30 1 1 0 7.456736 
 -4162146.3 1.30 1 1 0 7.139615 
 -4162195.1 1.30 1 1 0 6.773447 
 -4162243.9 1.30 1 1 0 6.331712 
 -4162292.7 1.30 1 1 0 5.758400 
 -4162341.5 1.30 1 1 0 4.851035 
 -4162390.2 1.30 1 0 1 3.013368 
 -4162439.0 1.30 1 0 1 2.979956 
 -4162487.8 1.30 1 0 0 2.947779 
 -4162536.6 1.30 1 0 0 2.916011 
 -4162585.4 1.30 1 0 0 2.885280 
 -4162634.1 1.30 1 0 0 2.854946 
 -4162682.9 1.30 1 0 0 2.825214 
 -4162731.7 1.30 1 0 0 2.796127 
 -4162780.5 1.30 1 0 0 2.767298 
 -4162829.3 1.30 1 0 0 2.738975 
 -4162878.0 1.30 1 0 0 2.711176 
 -4162926.8 1.30 1 0 0 2.683567 
 -4162975.6 1.30 1 0 0 2.656132 
 -4163024.4 1.30 1 0 0 2.629253 
 -4163073.2 1.30 1 0 0 2.602611 
 -4163122.0 1.30 1 0 0 2.576091 
 -4163170.7 1.30 1 0 0 2.549677 
 -4163219.5 1.30 1 0 0 2.523427 
 -4163268.3 1.30 1 0 0 2.497603 
 -4163317.1 1.30 1 0 0 2.471830 
 -4163365.9 1.30 1 0 0 2.446289 
 -4163414.6 1.30 1 0 0 2.421169 
 -4163463.4 1.30 1 0 0 2.396808 
 -4163512.2 1.30 1 0 0 2.373035 
 -4163561.0 1.30 1 0 0 2.349637 
 -4163609.8 1.30 1 0 0 2.326608 
 -4163658.5 1.30 1 0 0 2.304081 
 -4163707.3 1.30 1 0 0 2.282240 
 -4163756.1 1.30 1 0 0 2.260730 
 -4163804.9 1.30 1 0 0 2.239544 
 -4163853.7 1.30 1 0 0 2.218674 
 -4163902.4 1.30 1 0 0 2.198212 
 -4163951.2 1.30 1 0 0 2.178359 
 -4140000.0 1.35 1 1 0 27.345823 
 -4142000.0 1.35 1 1 0 26.428539 
 -4144000.0 1.35 1 1 0 25.462937 
 -4146000.0 1.35 1 1 0 24.445248 
 -4148000.0 1.35 1 1 0 23.348430 
 -4150000.0 1.35 1 1 0 22.189003 
 -4152000.0 1.35 1 1 0 20.903244 
 -4154000.0 1.35 1 1 0 19.493111 
 -4156000.0 1.35 1 1 0 17.878990 
 -4158000.0 1.35 1 1 0 15.963567 
 -4160000.0 1.35 1 1 0 13.483198 
 -4162000.0 1.35 1 1 0 9.279969 
 -4164000.0 1.35 1 0 0 2.283706 
 -4162048.8 1.35 1 1 0 9.109027 
 -4162097.6 1.35 1 1 0 8.929802 
 -4162146.3 1.35 1 1 0 8.739660 
 -4162195.1 1.35 1 1 0 8.537189 
 -4162243.9 1.35 1 1 0 8.322434 
 -4162292.7 1.35 1 1 0 8.090008 
 -4162341.5 1.35 1 1 0 7.839585 
 -4162390.2 1.35 1 1 0 7.562732 
 -4162439.0 1.35 1 1 0 7.254281 
 -4162487.8 1.35 1 1 0 6.900525 
 -4162536.6 1.35 1 1 0 6.480790 
 -4162585.4 1.35 1 1 0 5.949859 
 -4162634.1 1.35 1 1 0 5.177344 
 -4162682.9 1.35 1 0 1 3.023222 
 -4162731.7 1.35 1 0 1 2.989676 
 -4162780.5 1.35 1 0 0 2.957031 
 -4162829.3 1.35 1 0 0 2.925039 
 -4162878.0 1.35 1 0 0 2.893705 
 -4162926.8 1.35 1 0 0 2.863057 
 -4162975.6 1.35 1 0 0 2.832681 
 -4163024.4 1.35 1 0 0 2.803079 
 -4163073.2 1.35 1 0 0 2.773802 
 -4163122.0 1.35 1 0 0 2.744728 
 -4163170.7 1.35 1 0 0 2.716183 
 -4163219.5 1.35 1 0 0 2.688004 
 -4163268.3 1.35 1 0 0 2.659963 
 -4163317.1 1.35 1 0 0 2.632043 
 -4163365.9 1.35 1 0 0 2.604515 
 -4163414.6 1.35 1 0 0 2.577251 
 -4163463.4 1.35 1 0 0 2.550049 
 -4163512.2 1.35 1 0 0 2.522963 
 -4163561.0 1.35 1 0 0 2.496481 
 -4163609.8 1.35 1 0 0 2.470871 
 -4163658.5 1.35 1 0 0 2.445682 
 -4163707.3 1.35 1 0 0 2.420908 
 -4163756.1 1.35 1 0 0 2.396819 
 -4163804.9 1.35 1 0 0 2.373370 
 -4163853.7 1.35 1 0 0 2.350289 
 -4163902.4 1.35 1 0 0 2.327567 
 -4163951.2 1.35 1 0 0 2.305268 
 -4140000.0 1.40 1 1 0 27.619251 
 -4142000.0 1.40 1 1 0 26.698518 
 -4144000.0 1.40 1 1 0 25.733415 
 -4146000.0 1.40 1 1 0 24.721551 
 -4148000.0 1.40 1 1 0 23.635327 
 -4150000.0 1.40 1 1 0 22.467998 
 -4152000.0 1.40 1 1 0 21.193447 
 -4154000.0 1.40 1 1 0 19.798915 
 -4156000.0 1.40 1 1 0 18.213500 
 -4158000.0 1.40 1 1 0 16.343916 
 -4160000.0 1.40 1 1 0 13.967227 
 -4162000.0 1.40 1 1 0 10.223635 
 -4164000.0 1.40 1 0 0 2.416575 
 -4162048.8 1.40 1 1 0 10.088160 
 -4162097.6 1.40 1 1 0 9.948595 
 -4162146.3 1.40 1 1 0 9.802249 
 -4162195.1 1.40 1 1 0 9.650203 
 -4162243.9 1.40 1 1 0 9.490998 
 -4162292.7 1.40 1 1 0 9.327192 
 -4162341.5 1.40 1 1 0 9.154273 
 -4162390.2 1.40 1 1 0 8.975546 
 -4162439.0 1.40 1 1 0 8.784463 
 -4162487.8 1.40 1 1 0 8.582062 
 -4162536.6 1.40 1 1 0 8.366265 
 -4162585.4 1.40 1 1 0 8.132617 
 -4162634.1 1.40 1 1 0 7.882086 
 -4162682.9 1.40 1 1 0 7.604659 
 -4162731.7 1.40 1 1 0 7.296258 
 -4162780.5 1.40 1 1 0 6.943071 
 -4162829.3 1.40 1 1 0 6.526240 
 -4162878.0 1.40 1 1 0 6.000433 
 -4162926.8 1.40 1 1 0 5.247394 
 -4162975.6 1.40 1 0 1 3.025496 
 -4163024.4 1.40 1 0 1 2.991797 
 -4163073.2 1.40 1 0 0 2.958762 
 -4163122.0 1.40 1 0 0 2.926506 
 -4163170.7 1.40 1 0 0 2.894605 
 -4163219.5 1.40 1 0 0 2.863593 
 -4163268.3 1.40 1 0 0 2.832813 
 -4163317.1 1.40 1 0 0 2.802404 
 -4163365.9 1.40 1 0 0 2.772620 
 -4163414.6 1.40 1 0 0 2.742992 
 -4163463.4 1.40 1 0 0 2.713503 
 -4163512.2 1.40 1 0 0 2.684530 
 -4163561.0 1.40 1 0 0 2.655771 
 -4163609.8 1.40 1 0 0 2.627083 
 -4163658.5 1.40 1 0 0 2.598457 
 -4163707.3 1.40 1 0 0 2.570651 
 -4163756.1 1.40 1 0 0 2.543529 
 -4163804.9 1.40 1 0 0 2.516868 
 -4163853.7 1.40 1 0 0 2.490900 
 -4163902.4 1.40 1 0 0 2.465719 
 -4163951.2 1.40 1 0 0 2.440947 
 -4140000.0 1.45 1 1 0 27.855808 
 -4142000.0 1.45 1 1 0 26.951651 
 -4144000.0 1.45 1 1 0 25.994400 
 -4146000.0 1.45 1 1 0 24.960274 
 -4148000.0 1.45 1 1 0 23.899630 
 -4150000.0 1.45 1 1 0 22.724027 
 -4152000.0 1.45 1 1 0 21.469216 
 -4154000.0 1.45 1 1 0 20.091762 
 -4156000.0 1.45 1 1 0 18.527169 
 -4158000.0 1.45 1 1 0 16.705577 
 -4160000.0 1.45 1 1 0 14.414690 
 -4162000.0 1.45 1 1 0 10.990516 
 -4164000.0 1.45 1 0 0 2.559589 
 -4162048.8 1.45 1 1 0 10.877906 
 -4162097.6 1.45 1 1 0 10.755960 
 -4162146.3 1.45 1 1 0 10.634180 
 -4162195.1 1.45 1 1 0 10.509827 
 -4162243.9 1.45 1 1 0 10.380399 
 -4162292.7 1.45 1 1 0 10.246834 
 -4162341.5 1.45 1 1 0 10.108931 
 -4162390.2 1.45 1 1 0 9.965065 
 -4162439.0 1.45 1 1 0 9.817452 
 -4162487.8 1.45 1 1 0 9.664663 
 -4162536.6 1.45 1 1 0 9.505888 
 -4162585.4 1.45 1 1 0 9.339302 
 -4162634.1 1.45 1 1 0 9.164497 
 -4162682.9 1.45 1 1 0 8.980645 
 -4162731.7 1.45 1 1 0 8.786415 
 -4162780.5 1.45 1 1 0 8.582619 
 -4162829.3 1.45 1 1 0 8.363094 
 -4162878.0 1.45 1 1 0 8.124997 
 -4162926.8 1.45 1 1 0 7.870561 
 -4162975.6 1.45 1 1 0 7.587855 
 -4163024.4 1.45 1 1 0 7.270351 
 -4163073.2 1.45 1 1 0 6.908807 
 -4163122.0 1.45 1 1 0 6.476208 
 -4163170.7 1.45 1 1 0 5.925887 
 -4163219.5 1.45 1 1 0 5.106962 
 -4163268.3 1.45 1 0 1 3.020324 
 -4163317.1 1.45 1 0 1 2.986436 
 -4163365.9 1.45 1 0 0 2.953045 
 -4163414.6 1.45 1 0 0 2.920473 
 -4163463.4 1.45 1 0 0 2.888142 
 -4163512.2 1.45 1 0 0 2.856527 
 -4163561.0 1.45 1 0 0 2.825245 
 -4163609.8 1.45 1 0 0 2.794122 
 -4163658.5 1.45 1 0 0 2.763530 
 -4163707.3 1.45 1 0 0 2.733224 
 -4163756.1 1.45 1 0 0 2.703004 
 -4163804.9 1.45 1 0 0 2.672850 
 -4163853.7 1.45 1 0 0 2.643550 
 -4163902.4 1.45 1 0 0 2.614844 
 -4163951.2 1.45 1 0 0 2.586640 
 -4140000.0 1.50 1 1 0 28.116409 
 -4142000.0 1.50 1 1 0 27.198430 
 -4144000.0 1.50 1 1 0 26.231412 
 -4146000.0 1.50 1 1 0 25.231773 
 -4148000.0 1.50 1 1 0 24.136539 
 -4150000.0 1.50 1 1 0 22.999129 
 -4152000.0 1.50 1 1 0 21.748426 
 -4154000.0 1.50 1 1 0 20.374541 
 -4156000.0 1.50 1 1 0 18.838444 
 -4158000.0 1.50 1 1 0 17.045497 
 -4160000.0 1.50 1 1 0 14.828829 
 -4162000.0 1.50 1 1 0 11.649795 
 -4164000.0 1.50 1 0 0 2.715226 
 -4162048.8 1.50 1 1 0 11.546162 
 -4162097.6 1.50 1 1 0 11.437018 
 -4162146.3 1.50 1 1 0 11.332662 
 -4162195.1 1.50 1 1 0 11.223308 
 -4162243.9 1.50 1 1 0 11.108176 
 -4162292.7 1.50 1 1 0 10.996088 
 -4162341.5 1.50 1 1 0 10.876408 
 -4162390.2 1.50 1 1 0 10.755326 
 -4162439.0 1.50 1 1 0 10.633155 
 -4162487.8 1.50 1 1 0 10.505216 
 -4162536.6 1.50 1 1 0 10.373247 
 -4162585.4 1.50 1 1 0 10.237868 
 -4162634.1 1.50 1 1 0 10.098406 
 -4162682.9 1.50 1 1 0 9.952525 
 -4162731.7 1.50 1 1 0 9.801853 
 -4162780.5 1.50 1 1 0 9.645873 
 -4162829.3 1.50 1 1 0 9.484467 
 -4162878.0 1.50 1 1 0 9.314335 
 -4162926.8 1.50 1 1 0 9.133427 
 -4162975.6 1.50 1 1 0 8.948735 
 -4163024.4 1.50 1 1 0 8.750188 
 -4163073.2 1.50 1 1 0 8.538968 
 -4163122.0 1.50 1 1 0 8.313700 
 -4163170.7 1.50 1 1 0 8.069547 
 -4163219.5 1.50 1 1 0 7.803251 
 -4163268.3 1.50 1 1 0 7.509684 
 -4163317.1 1.50 1 1 0 7.176089 
 -4163365.9 1.50 1 1 0 6.792274 
 -4163414.6 1.50 1 1 0 6.325845 
 -4163463.4 1.50 1 1 0 5.708650 
 -4163512.2 1.50 1 1 0 4.651437 
 -4163561.0 1.50 1 0 1 3.007786 
 -4163609.8 1.50 1 0 0 2.973611 
 -4163658.5 1.50 1 0 0 2.939797 
 -4163707.3 1.50 1 0 0 2.906795 
 -4163756.1 1.50 1 0 0 2.873978 
 -4163804.9 1.50 1 0 0 2.841596 
 -4163853.7 1.50 1 0 0 2.809687 
 -4163902.4 1.50 1 0 0 2.777877 
 -4163951.2 1.50 1 0 0 2.746152 

