  -4161499.0 1.25 -0.40 7000.0 1 1 0 5.515969 
  -4161999.0 1.25 -0.40 7000.0 1 0 0 2.657648 
 -4161999.000000 1.250000 -0.400000 7000.000000 1 1 0 5.383808 
 -4162499.000000 1.250000 -0.400000 7000.000000 1 1 0 5.237833 
 -4162999.000000 1.250000 -0.400000 7000.000000 1 1 0 5.068766 
 -4163499.000000 1.250000 -0.400000 7000.000000 1 1 0 4.870082 
 -4163999.000000 1.250000 -0.400000 7000.000000 1 1 0 4.611254 
 -4164499.000000 1.250000 -0.400000 7000.000000 1 1 0 4.178437 
 -4164999.000000 1.250000 -0.400000 7000.000000 1 0 1 2.946758 
 -4165499.000000 1.250000 -0.400000 7000.000000 1 0 1 2.943299 
 -4165999.000000 1.250000 -0.400000 7000.000000 1 0 1 2.939845 
 -4166499.000000 1.250000 -0.400000 7000.000000 1 0 1 2.936397 
 -4166999.000000 1.250000 -0.400000 7000.000000 1 0 1 2.932953 
 -4167499.000000 1.250000 -0.400000 7000.000000 1 0 1 2.929515 
 -4167999.000000 1.250000 -0.400000 7000.000000 1 0 1 2.926127 
 -4168499.000000 1.250000 -0.400000 7000.000000 1 0 1 2.922786 
 -4168999.000000 1.250000 -0.400000 7000.000000 1 0 1 2.919450 
 -4169499.000000 1.250000 -0.400000 7000.000000 1 0 1 2.916119 
 -4169999.000000 1.250000 -0.400000 7000.000000 1 0 1 2.912792 
 -4170499.000000 1.250000 -0.400000 7000.000000 1 0 1 2.909470 
 -4170999.000000 1.250000 -0.400000 7000.000000 1 0 1 2.906153 
 -4171499.000000 1.250000 -0.400000 7000.000000 1 0 0 2.902840 
