 -4100000.000000 1.250000 -0.437500 6000.000000 1 1 0 66.543476 
 -4110000.000000 1.250000 -0.437500 6000.000000 1 1 0 65.395386 
 -4120000.000000 1.250000 -0.437500 6000.000000 1 1 0 64.253169 
 -4130000.000000 1.250000 -0.437500 6000.000000 1 1 0 63.073921 
 -4140000.000000 1.250000 -0.437500 6000.000000 1 1 0 61.800864 
 -4150000.000000 1.250000 -0.437500 6000.000000 1 1 0 60.472611 
 -4160000.000000 1.250000 -0.437500 6000.000000 1 1 0 59.489722 
 -4170000.000000 1.250000 -0.437500 6000.000000 1 1 0 58.034588 
 -4180000.000000 1.250000 -0.437500 6000.000000 1 1 0 57.003829 
 -4190000.000000 1.250000 -0.437500 6000.000000 1 1 0 55.719551 
 -4200000.000000 1.250000 -0.437500 6000.000000 1 1 0 54.390119 
 -4210000.000000 1.250000 -0.437500 6000.000000 1 1 0 53.094801 
 -4220000.000000 1.250000 -0.437500 6000.000000 1 1 0 51.809618 
 -4230000.000000 1.250000 -0.437500 6000.000000 1 1 0 50.381338 
 -4240000.000000 1.250000 -0.437500 6000.000000 1 1 0 49.045052 
 -4250000.000000 1.250000 -0.437500 6000.000000 1 1 0 47.557133 
 -4260000.000000 1.250000 -0.437500 6000.000000 1 1 0 46.103479 
 -4270000.000000 1.250000 -0.437500 6000.000000 1 1 0 44.629612 
 -4280000.000000 1.250000 -0.437500 6000.000000 1 1 0 43.011257 
 -4290000.000000 1.250000 -0.437500 6000.000000 1 1 0 41.385089 
 -4300000.000000 1.250000 -0.437500 6000.000000 1 1 0 39.698511 
 -4310000.000000 1.250000 -0.437500 6000.000000 1 1 0 37.903079 
 -4320000.000000 1.250000 -0.437500 6000.000000 1 1 0 36.002519 
 -4330000.000000 1.250000 -0.437500 6000.000000 1 1 0 33.947588 
 -4340000.000000 1.250000 -0.437500 6000.000000 1 1 0 31.773643 
 -4350000.000000 1.250000 -0.437500 6000.000000 1 1 0 29.356280 
 -4360000.000000 1.250000 -0.437500 6000.000000 1 1 0 26.602984 
 -4370000.000000 1.250000 -0.437500 6000.000000 1 1 0 23.382062 
 -4380000.000000 1.250000 -0.437500 6000.000000 1 1 0 19.252059 
 -4390000.000000 1.250000 -0.437500 6000.000000 1 1 0 11.657385 
 -4400000.000000 1.250000 -0.437500 6000.000000 1 0 0 0.568985 
 -4390476.190476 1.250000 -0.437500 6000.000000 1 1 0 10.848980 
 -4390952.380952 1.250000 -0.437500 6000.000000 1 1 0 9.805224 
 -4391428.571429 1.250000 -0.437500 6000.000000 1 1 0 8.202958 
 -4391904.761905 1.250000 -0.437500 6000.000000 1 0 0 2.084412 
 -4392380.952381 1.250000 -0.437500 6000.000000 1 0 0 1.855979 
 -4392857.142857 1.250000 -0.437500 6000.000000 1 0 0 1.675666 
 -4393333.333333 1.250000 -0.437500 6000.000000 1 0 0 1.529668 
 -4393809.523810 1.250000 -0.437500 6000.000000 1 0 0 1.405805 
 -4394285.714286 1.250000 -0.437500 6000.000000 1 0 0 1.296443 
 -4394761.904762 1.250000 -0.437500 6000.000000 1 0 0 1.196097 
 -4395238.095238 1.250000 -0.437500 6000.000000 1 0 0 1.101224 
 -4395714.285714 1.250000 -0.437500 6000.000000 1 0 0 1.016980 
 -4396190.476190 1.250000 -0.437500 6000.000000 1 0 0 0.943490 
 -4396666.666667 1.250000 -0.437500 6000.000000 1 0 0 0.878962 
 -4397142.857143 1.250000 -0.437500 6000.000000 1 0 0 0.821616 
 -4397619.047619 1.250000 -0.437500 6000.000000 1 0 0 0.769939 
 -4398095.238095 1.250000 -0.437500 6000.000000 1 0 0 0.722734 
 -4398571.428571 1.250000 -0.437500 6000.000000 1 0 0 0.678750 
 -4399047.619048 1.250000 -0.437500 6000.000000 1 0 0 0.636860 
 -4399523.809524 1.250000 -0.437500 6000.000000 1 0 0 0.600005 
 -4100000.000000 1.250000 -0.437500 7000.000000 1 1 0 43.020841 
 -4110000.000000 1.250000 -0.437500 7000.000000 1 1 0 40.164867 
 -4120000.000000 1.250000 -0.437500 7000.000000 1 1 0 36.991192 
 -4130000.000000 1.250000 -0.437500 7000.000000 1 1 0 33.522640 
 -4140000.000000 1.250000 -0.437500 7000.000000 1 1 0 29.406321 
 -4150000.000000 1.250000 -0.437500 7000.000000 1 1 0 24.143373 
 -4160000.000000 1.250000 -0.437500 7000.000000 1 1 0 14.901935 
 -4170000.000000 1.250000 -0.437500 7000.000000 1 0 0 0.771573 
 -4160476.190476 1.250000 -0.437500 7000.000000 1 1 0 14.020526 
 -4160952.380952 1.250000 -0.437500 7000.000000 1 1 0 12.966212 
 -4161428.571429 1.250000 -0.437500 7000.000000 1 1 0 11.589678 
 -4161904.761905 1.250000 -0.437500 7000.000000 1 1 0 9.398029 
 -4162380.952381 1.250000 -0.437500 7000.000000 1 0 0 2.694428 
 -4162857.142857 1.250000 -0.437500 7000.000000 1 0 0 2.410478 
 -4163333.333333 1.250000 -0.437500 7000.000000 1 0 0 2.172473 
 -4163809.523810 1.250000 -0.437500 7000.000000 1 0 0 1.980486 
 -4164285.714286 1.250000 -0.437500 7000.000000 1 0 0 1.819103 
 -4164761.904762 1.250000 -0.437500 7000.000000 1 0 0 1.678178 
 -4165238.095238 1.250000 -0.437500 7000.000000 1 0 0 1.550886 
 -4165714.285714 1.250000 -0.437500 7000.000000 1 0 0 1.431740 
 -4166190.476190 1.250000 -0.437500 7000.000000 1 0 0 1.320014 
 -4166666.666667 1.250000 -0.437500 7000.000000 1 0 0 1.222428 
 -4167142.857143 1.250000 -0.437500 7000.000000 1 0 0 1.136590 
 -4167619.047619 1.250000 -0.437500 7000.000000 1 0 0 1.060783 
 -4168095.238095 1.250000 -0.437500 7000.000000 1 0 0 0.992865 
 -4168571.428571 1.250000 -0.437500 7000.000000 1 0 0 0.931516 
 -4169047.619048 1.250000 -0.437500 7000.000000 1 0 0 0.874866 
 -4169523.809524 1.250000 -0.437500 7000.000000 1 0 0 0.821709 
 -4100000.000000 1.250000 -0.312500 6000.000000 1 1 0 60.935464 
 -4110000.000000 1.250000 -0.312500 6000.000000 1 1 0 59.795237 
 -4120000.000000 1.250000 -0.312500 6000.000000 1 1 0 58.705676 
 -4130000.000000 1.250000 -0.312500 6000.000000 1 1 0 57.652944 
 -4140000.000000 1.250000 -0.312500 6000.000000 1 1 0 56.568386 
 -4150000.000000 1.250000 -0.312500 6000.000000 1 1 0 55.321137 
 -4160000.000000 1.250000 -0.312500 6000.000000 1 1 0 54.165984 
 -4170000.000000 1.250000 -0.312500 6000.000000 1 1 0 53.043843 
 -4180000.000000 1.250000 -0.312500 6000.000000 1 1 0 51.861076 
 -4190000.000000 1.250000 -0.312500 6000.000000 1 1 0 50.514321 
 -4200000.000000 1.250000 -0.312500 6000.000000 1 1 0 49.222306 
 -4210000.000000 1.250000 -0.312500 6000.000000 1 1 0 47.980151 
 -4220000.000000 1.250000 -0.312500 6000.000000 1 1 0 46.812876 
 -4230000.000000 1.250000 -0.312500 6000.000000 1 1 0 45.524486 
 -4240000.000000 1.250000 -0.312500 6000.000000 1 1 0 44.124812 
 -4250000.000000 1.250000 -0.312500 6000.000000 1 1 0 42.645066 
 -4260000.000000 1.250000 -0.312500 6000.000000 1 1 0 41.236689 
 -4270000.000000 1.250000 -0.312500 6000.000000 1 1 0 39.801020 
 -4280000.000000 1.250000 -0.312500 6000.000000 1 1 0 38.195071 
 -4290000.000000 1.250000 -0.312500 6000.000000 1 1 0 36.575017 
 -4300000.000000 1.250000 -0.312500 6000.000000 1 1 0 34.777305 
 -4310000.000000 1.250000 -0.312500 6000.000000 1 1 0 32.952289 
 -4320000.000000 1.250000 -0.312500 6000.000000 1 1 0 31.064781 
 -4330000.000000 1.250000 -0.312500 6000.000000 1 1 0 28.999541 
 -4340000.000000 1.250000 -0.312500 6000.000000 1 1 0 26.754834 
 -4350000.000000 1.250000 -0.312500 6000.000000 1 1 0 24.298233 
 -4360000.000000 1.250000 -0.312500 6000.000000 1 1 0 21.521250 
 -4370000.000000 1.250000 -0.312500 6000.000000 1 1 0 18.197589 
 -4380000.000000 1.250000 -0.312500 6000.000000 1 1 0 13.752965 
 -4390000.000000 1.250000 -0.312500 6000.000000 1 0 0 2.244703 
 -4380476.190476 1.250000 -0.312500 6000.000000 1 1 0 13.486532 
 -4380952.380952 1.250000 -0.312500 6000.000000 1 1 0 13.219586 
 -4381428.571429 1.250000 -0.312500 6000.000000 1 1 0 12.937023 
 -4381904.761905 1.250000 -0.312500 6000.000000 1 1 0 12.650566 
 -4382380.952381 1.250000 -0.312500 6000.000000 1 1 0 12.349879 
 -4382857.142857 1.250000 -0.312500 6000.000000 1 1 0 12.039664 
 -4383333.333333 1.250000 -0.312500 6000.000000 1 1 0 11.719048 
 -4383809.523810 1.250000 -0.312500 6000.000000 1 1 0 11.380164 
 -4384285.714286 1.250000 -0.312500 6000.000000 1 1 0 11.030914 
 -4384761.904762 1.250000 -0.312500 6000.000000 1 1 0 10.659603 
 -4385238.095238 1.250000 -0.312500 6000.000000 1 1 0 10.271904 
 -4385714.285714 1.250000 -0.312500 6000.000000 1 1 0 9.855307 
 -4386190.476190 1.250000 -0.312500 6000.000000 1 1 0 9.410027 
 -4386666.666667 1.250000 -0.312500 6000.000000 1 1 0 8.929756 
 -4387142.857143 1.250000 -0.312500 6000.000000 1 1 0 8.401128 
 -4387619.047619 1.250000 -0.312500 6000.000000 1 1 0 7.807424 
 -4388095.238095 1.250000 -0.312500 6000.000000 1 1 0 7.120984 
 -4388571.428571 1.250000 -0.312500 6000.000000 1 1 0 6.277419 
 -4389047.619048 1.250000 -0.312500 6000.000000 1 1 0 5.084285 
 -4389523.809524 1.250000 -0.312500 6000.000000 1 0 1 2.454181 
 -4100000.000000 1.250000 -0.312500 7000.000000 1 1 0 36.779373 
 -4110000.000000 1.250000 -0.312500 7000.000000 1 1 0 33.866145 
 -4120000.000000 1.250000 -0.312500 7000.000000 1 1 0 30.747334 
 -4130000.000000 1.250000 -0.312500 7000.000000 1 1 0 27.176778 
 -4140000.000000 1.250000 -0.312500 7000.000000 1 1 0 22.924811 
 -4150000.000000 1.250000 -0.312500 7000.000000 1 1 0 17.307167 
 -4160000.000000 1.250000 -0.312500 7000.000000 1 0 0 3.169013 
 -4150476.190476 1.250000 -0.312500 7000.000000 1 1 0 16.981526 
 -4150952.380952 1.250000 -0.312500 7000.000000 1 1 0 16.642273 
 -4151428.571429 1.250000 -0.312500 7000.000000 1 1 0 16.290110 
 -4151904.761905 1.250000 -0.312500 7000.000000 1 1 0 15.924663 
 -4152380.952381 1.250000 -0.312500 7000.000000 1 1 0 15.559068 
 -4152857.142857 1.250000 -0.312500 7000.000000 1 1 0 15.170773 
 -4153333.333333 1.250000 -0.312500 7000.000000 1 1 0 14.772863 
 -4153809.523810 1.250000 -0.312500 7000.000000 1 1 0 14.354572 
 -4154285.714286 1.250000 -0.312500 7000.000000 1 1 0 13.920707 
 -4154761.904762 1.250000 -0.312500 7000.000000 1 1 0 13.464039 
 -4155238.095238 1.250000 -0.312500 7000.000000 1 1 0 12.986585 
 -4155714.285714 1.250000 -0.312500 7000.000000 1 1 0 12.479178 
 -4156190.476190 1.250000 -0.312500 7000.000000 1 1 0 11.939815 
 -4156666.666667 1.250000 -0.312500 7000.000000 1 1 0 11.357982 
 -4157142.857143 1.250000 -0.312500 7000.000000 1 1 0 10.730652 
 -4157619.047619 1.250000 -0.312500 7000.000000 1 1 0 10.036050 
 -4158095.238095 1.250000 -0.312500 7000.000000 1 1 0 9.253986 
 -4158571.428571 1.250000 -0.312500 7000.000000 1 1 0 8.338969 
 -4159047.619048 1.250000 -0.312500 7000.000000 1 1 0 7.195404 
 -4159523.809524 1.250000 -0.312500 7000.000000 1 1 0 5.495196 
 -4100000.000000 1.250000 -0.187500 6000.000000 1 1 0 56.453638 
 -4110000.000000 1.250000 -0.187500 6000.000000 1 1 0 55.325242 
 -4120000.000000 1.250000 -0.187500 6000.000000 1 1 0 54.292202 
 -4130000.000000 1.250000 -0.187500 6000.000000 1 1 0 53.331206 
 -4140000.000000 1.250000 -0.187500 6000.000000 1 1 0 52.367853 
 -4150000.000000 1.250000 -0.187500 6000.000000 1 1 0 51.266461 
 -4160000.000000 1.250000 -0.187500 6000.000000 1 1 0 49.916234 
 -4170000.000000 1.250000 -0.187500 6000.000000 1 1 0 48.989426 
 -4180000.000000 1.250000 -0.187500 6000.000000 1 1 0 47.719302 
 -4190000.000000 1.250000 -0.187500 6000.000000 1 1 0 46.399099 
 -4200000.000000 1.250000 -0.187500 6000.000000 1 1 0 45.246184 
 -4210000.000000 1.250000 -0.187500 6000.000000 1 1 0 43.937517 
 -4220000.000000 1.250000 -0.187500 6000.000000 1 1 0 42.739097 
 -4230000.000000 1.250000 -0.187500 6000.000000 1 1 0 41.472300 
 -4240000.000000 1.250000 -0.187500 6000.000000 1 1 0 40.059527 
 -4250000.000000 1.250000 -0.187500 6000.000000 1 1 0 38.583717 
 -4260000.000000 1.250000 -0.187500 6000.000000 1 1 0 37.154956 
 -4270000.000000 1.250000 -0.187500 6000.000000 1 1 0 35.640931 
 -4280000.000000 1.250000 -0.187500 6000.000000 1 1 0 34.032902 
 -4290000.000000 1.250000 -0.187500 6000.000000 1 1 0 32.387442 
 -4300000.000000 1.250000 -0.187500 6000.000000 1 1 0 30.677026 
 -4310000.000000 1.250000 -0.187500 6000.000000 1 1 0 28.870803 
 -4320000.000000 1.250000 -0.187500 6000.000000 1 1 0 26.961189 
 -4330000.000000 1.250000 -0.187500 6000.000000 1 1 0 24.872174 
 -4340000.000000 1.250000 -0.187500 6000.000000 1 1 0 22.598153 
 -4350000.000000 1.250000 -0.187500 6000.000000 1 1 0 20.056552 
 -4360000.000000 1.250000 -0.187500 6000.000000 1 1 0 17.061353 
 -4370000.000000 1.250000 -0.187500 6000.000000 1 1 0 13.334332 
 -4380000.000000 1.250000 -0.187500 6000.000000 1 1 0 8.065520 
 -4390000.000000 1.250000 -0.187500 6000.000000 1 0 0 1.778240 
 -4380476.190476 1.250000 -0.187500 6000.000000 1 1 0 7.734550 
 -4380952.380952 1.250000 -0.187500 6000.000000 1 1 0 7.392524 
 -4381428.571429 1.250000 -0.187500 6000.000000 1 1 0 7.036099 
 -4381904.761905 1.250000 -0.187500 6000.000000 1 1 0 6.665712 
 -4382380.952381 1.250000 -0.187500 6000.000000 1 1 0 6.278252 
 -4382857.142857 1.250000 -0.187500 6000.000000 1 1 0 5.874192 
 -4383333.333333 1.250000 -0.187500 6000.000000 1 1 0 5.450037 
 -4383809.523810 1.250000 -0.187500 6000.000000 1 1 0 5.004180 
 -4384285.714286 1.250000 -0.187500 6000.000000 1 1 0 4.535531 
 -4384761.904762 1.250000 -0.187500 6000.000000 1 1 0 4.040452 
 -4385238.095238 1.250000 -0.187500 6000.000000 1 1 0 3.612992 
 -4385714.285714 1.250000 -0.187500 6000.000000 1 1 0 3.359600 
 -4386190.476190 1.250000 -0.187500 6000.000000 1 0 1 3.113723 
 -4386666.666667 1.250000 -0.187500 6000.000000 1 0 1 2.886330 
 -4387142.857143 1.250000 -0.187500 6000.000000 1 0 0 2.686994 
 -4100000.000000 1.250000 -0.187500 7000.000000 1 1 0 31.683039 
 -4110000.000000 1.250000 -0.187500 7000.000000 1 1 0 28.725656 
 -4120000.000000 1.250000 -0.187500 7000.000000 1 1 0 25.469011 
 -4130000.000000 1.250000 -0.187500 7000.000000 1 1 0 21.661151 
 -4140000.000000 1.250000 -0.187500 7000.000000 1 1 0 16.938967 
 -4150000.000000 1.250000 -0.187500 7000.000000 1 1 0 10.297624 
 -4160000.000000 1.250000 -0.187500 7000.000000 1 0 0 2.486544 
 -4150476.190476 1.250000 -0.187500 7000.000000 1 1 0 9.881079 
 -4150952.380952 1.250000 -0.187500 7000.000000 1 1 0 9.448425 
 -4151428.571429 1.250000 -0.187500 7000.000000 1 1 0 8.998940 
 -4151904.761905 1.250000 -0.187500 7000.000000 1 1 0 8.529452 
 -4152380.952381 1.250000 -0.187500 7000.000000 1 1 0 8.038408 
 -4152857.142857 1.250000 -0.187500 7000.000000 1 1 0 7.522320 
 -4153333.333333 1.250000 -0.187500 7000.000000 1 1 0 6.978679 
 -4153809.523810 1.250000 -0.187500 7000.000000 1 1 0 6.404665 
 -4154285.714286 1.250000 -0.187500 7000.000000 1 1 0 5.802738 
 -4154761.904762 1.250000 -0.187500 7000.000000 1 1 0 5.365045 
 -4155238.095238 1.250000 -0.187500 7000.000000 1 1 0 4.976771 
 -4155714.285714 1.250000 -0.187500 7000.000000 1 1 0 4.638050 
 -4156190.476190 1.250000 -0.187500 7000.000000 1 1 0 4.326032 
 -4156666.666667 1.250000 -0.187500 7000.000000 1 0 1 4.026459 
 -4157142.857143 1.250000 -0.187500 7000.000000 1 0 0 3.735759 
 -4100000.000000 1.250000 -0.062500 6000.000000 1 1 0 53.135781 
 -4110000.000000 1.250000 -0.062500 6000.000000 1 1 0 52.158132 
 -4120000.000000 1.250000 -0.062500 6000.000000 1 1 0 51.073303 
 -4130000.000000 1.250000 -0.062500 6000.000000 1 1 0 49.923744 
 -4140000.000000 1.250000 -0.062500 6000.000000 1 1 0 49.028687 
 -4150000.000000 1.250000 -0.062500 6000.000000 1 1 0 48.003590 
 -4160000.000000 1.250000 -0.062500 6000.000000 1 1 0 46.626458 
 -4170000.000000 1.250000 -0.062500 6000.000000 1 1 0 45.698266 
 -4180000.000000 1.250000 -0.062500 6000.000000 1 1 0 44.375250 
 -4190000.000000 1.250000 -0.062500 6000.000000 1 1 0 43.108767 
 -4200000.000000 1.250000 -0.062500 6000.000000 1 1 0 41.918239 
 -4210000.000000 1.250000 -0.062500 6000.000000 1 1 0 40.608923 
 -4220000.000000 1.250000 -0.062500 6000.000000 1 1 0 39.339910 
 -4230000.000000 1.250000 -0.062500 6000.000000 1 1 0 38.048717 
 -4240000.000000 1.250000 -0.062500 6000.000000 1 1 0 36.589667 
 -4250000.000000 1.250000 -0.062500 6000.000000 1 1 0 35.196936 
 -4260000.000000 1.250000 -0.062500 6000.000000 1 1 0 33.735217 
 -4270000.000000 1.250000 -0.062500 6000.000000 1 1 0 32.258302 
 -4280000.000000 1.250000 -0.062500 6000.000000 1 1 0 30.679287 
 -4290000.000000 1.250000 -0.062500 6000.000000 1 1 0 29.034761 
 -4300000.000000 1.250000 -0.062500 6000.000000 1 1 0 27.363391 
 -4310000.000000 1.250000 -0.062500 6000.000000 1 1 0 25.518955 
 -4320000.000000 1.250000 -0.062500 6000.000000 1 1 0 23.531870 
 -4330000.000000 1.250000 -0.062500 6000.000000 1 1 0 21.337666 
 -4340000.000000 1.250000 -0.062500 6000.000000 1 1 0 18.879301 
 -4350000.000000 1.250000 -0.062500 6000.000000 1 1 0 16.096113 
 -4360000.000000 1.250000 -0.062500 6000.000000 1 1 0 12.816803 
 -4370000.000000 1.250000 -0.062500 6000.000000 1 1 0 8.897632 
 -4380000.000000 1.250000 -0.062500 6000.000000 1 1 0 4.679958 
 -4390000.000000 1.250000 -0.062500 6000.000000 1 0 0 1.528195 
 -4380476.190476 1.250000 -0.062500 6000.000000 1 1 0 4.475224 
 -4380952.380952 1.250000 -0.062500 6000.000000 1 1 0 4.277980 
 -4381428.571429 1.250000 -0.062500 6000.000000 1 1 0 4.087324 
 -4381904.761905 1.250000 -0.062500 6000.000000 1 0 1 3.902006 
 -4382380.952381 1.250000 -0.062500 6000.000000 1 0 1 3.720675 
 -4382857.142857 1.250000 -0.062500 6000.000000 1 0 1 3.541998 
 -4383333.333333 1.250000 -0.062500 6000.000000 1 0 1 3.363296 
 -4383809.523810 1.250000 -0.062500 6000.000000 1 0 0 3.183372 
 -4100000.000000 1.250000 -0.062500 7000.000000 1 1 0 27.292388 
 -4110000.000000 1.250000 -0.062500 7000.000000 1 1 0 24.176925 
 -4120000.000000 1.250000 -0.062500 7000.000000 1 1 0 20.633033 
 -4130000.000000 1.250000 -0.062500 7000.000000 1 1 0 16.480337 
 -4140000.000000 1.250000 -0.062500 7000.000000 1 1 0 11.495370 
 -4150000.000000 1.250000 -0.062500 7000.000000 1 1 0 6.283710 
 -4160000.000000 1.250000 -0.062500 7000.000000 1 0 0 2.107198 
 -4150476.190476 1.250000 -0.062500 7000.000000 1 1 0 6.012928 
 -4150952.380952 1.250000 -0.062500 7000.000000 1 1 0 5.752111 
 -4151428.571429 1.250000 -0.062500 7000.000000 1 1 0 5.500921 
 -4151904.761905 1.250000 -0.062500 7000.000000 1 0 1 5.258570 
 -4152380.952381 1.250000 -0.062500 7000.000000 1 0 1 5.023848 
 -4152857.142857 1.250000 -0.062500 7000.000000 1 0 1 4.795527 
 -4153333.333333 1.250000 -0.062500 7000.000000 1 0 0 4.572108 
 -4100000.000000 1.250000 0.062500 6000.000000 1 1 0 50.710166 
 -4110000.000000 1.250000 0.062500 6000.000000 1 1 0 49.698499 
 -4120000.000000 1.250000 0.062500 6000.000000 1 1 0 48.592589 
 -4130000.000000 1.250000 0.062500 6000.000000 1 1 0 47.365471 
 -4140000.000000 1.250000 0.062500 6000.000000 1 1 0 46.393270 
 -4150000.000000 1.250000 0.062500 6000.000000 1 1 0 45.383877 
 -4160000.000000 1.250000 0.062500 6000.000000 1 1 0 44.038712 
 -4170000.000000 1.250000 0.062500 6000.000000 1 1 0 43.007331 
 -4180000.000000 1.250000 0.062500 6000.000000 1 1 0 41.644001 
 -4190000.000000 1.250000 0.062500 6000.000000 1 1 0 40.491793 
 -4200000.000000 1.250000 0.062500 6000.000000 1 1 0 39.271998 
 -4210000.000000 1.250000 0.062500 6000.000000 1 1 0 37.990058 
 -4220000.000000 1.250000 0.062500 6000.000000 1 1 0 36.640945 
 -4230000.000000 1.250000 0.062500 6000.000000 1 1 0 35.335066 
 -4240000.000000 1.250000 0.062500 6000.000000 1 1 0 33.967667 
 -4250000.000000 1.250000 0.062500 6000.000000 1 1 0 32.592579 
 -4260000.000000 1.250000 0.062500 6000.000000 1 1 0 31.129268 
 -4270000.000000 1.250000 0.062500 6000.000000 1 1 0 29.547118 
 -4280000.000000 1.250000 0.062500 6000.000000 1 1 0 28.001121 
 -4290000.000000 1.250000 0.062500 6000.000000 1 1 0 26.284526 
 -4300000.000000 1.250000 0.062500 6000.000000 1 1 0 24.512850 
 -4310000.000000 1.250000 0.062500 6000.000000 1 1 0 22.540392 
 -4320000.000000 1.250000 0.062500 6000.000000 1 1 0 20.432782 
 -4330000.000000 1.250000 0.062500 6000.000000 1 1 0 18.125339 
 -4340000.000000 1.250000 0.062500 6000.000000 1 1 0 15.576901 
 -4350000.000000 1.250000 0.062500 6000.000000 1 1 0 12.718381 
 -4360000.000000 1.250000 0.062500 6000.000000 1 1 0 9.899876 
 -4370000.000000 1.250000 0.062500 6000.000000 1 1 0 6.855363 
 -4380000.000000 1.250000 0.062500 6000.000000 1 0 0 3.703717 
 -4370476.190476 1.250000 0.062500 6000.000000 1 1 0 6.710208 
 -4370952.380952 1.250000 0.062500 6000.000000 1 1 0 6.566013 
 -4371428.571429 1.250000 0.062500 6000.000000 1 1 0 6.422159 
 -4371904.761905 1.250000 0.062500 6000.000000 1 1 0 6.276519 
 -4372380.952381 1.250000 0.062500 6000.000000 1 1 0 6.129841 
 -4372857.142857 1.250000 0.062500 6000.000000 1 1 0 5.982461 
 -4373333.333333 1.250000 0.062500 6000.000000 1 1 0 5.831894 
 -4373809.523810 1.250000 0.062500 6000.000000 1 1 0 5.677597 
 -4374285.714286 1.250000 0.062500 6000.000000 1 0 1 5.518805 
 -4374761.904762 1.250000 0.062500 6000.000000 1 0 1 5.354906 
 -4375238.095238 1.250000 0.062500 6000.000000 1 0 1 5.193998 
 -4375714.285714 1.250000 0.062500 6000.000000 1 0 1 5.033717 
 -4376190.476190 1.250000 0.062500 6000.000000 1 0 1 4.878035 
 -4376666.666667 1.250000 0.062500 6000.000000 1 0 1 4.723171 
 -4377142.857143 1.250000 0.062500 6000.000000 1 0 1 4.572699 
 -4377619.047619 1.250000 0.062500 6000.000000 1 0 1 4.423000 
 -4378095.238095 1.250000 0.062500 6000.000000 1 0 1 4.276998 
 -4378571.428571 1.250000 0.062500 6000.000000 1 0 1 4.131388 
 -4379047.619048 1.250000 0.062500 6000.000000 1 0 1 3.988621 
 -4379523.809524 1.250000 0.062500 6000.000000 1 0 0 3.845366 
 -4100000.000000 1.250000 0.062500 7000.000000 1 1 0 23.387166 
 -4110000.000000 1.250000 0.062500 7000.000000 1 1 0 20.125291 
 -4120000.000000 1.250000 0.062500 7000.000000 1 1 0 16.505302 
 -4130000.000000 1.250000 0.062500 7000.000000 1 1 0 12.795817 
 -4140000.000000 1.250000 0.062500 7000.000000 1 1 0 8.963287 
 -4150000.000000 1.250000 0.062500 7000.000000 1 0 0 4.968282 
 -4140476.190476 1.250000 0.062500 7000.000000 1 1 0 8.778646 
 -4140952.380952 1.250000 0.062500 7000.000000 1 1 0 8.591263 
 -4141428.571429 1.250000 0.062500 7000.000000 1 1 0 8.409220 
 -4141904.761905 1.250000 0.062500 7000.000000 1 1 0 8.223804 
 -4142380.952381 1.250000 0.062500 7000.000000 1 1 0 8.042212 
 -4142857.142857 1.250000 0.062500 7000.000000 1 1 0 7.857745 
 -4143333.333333 1.250000 0.062500 7000.000000 1 1 0 7.672196 
 -4143809.523810 1.250000 0.062500 7000.000000 1 0 1 7.486192 
 -4144285.714286 1.250000 0.062500 7000.000000 1 0 1 7.295376 
 -4144761.904762 1.250000 0.062500 7000.000000 1 0 1 7.100123 
 -4145238.095238 1.250000 0.062500 7000.000000 1 0 1 6.902221 
 -4145714.285714 1.250000 0.062500 7000.000000 1 0 1 6.697089 
 -4146190.476190 1.250000 0.062500 7000.000000 1 0 1 6.490564 
 -4146666.666667 1.250000 0.062500 7000.000000 1 0 1 6.289583 
 -4147142.857143 1.250000 0.062500 7000.000000 1 0 1 6.090859 
 -4147619.047619 1.250000 0.062500 7000.000000 1 0 1 5.895982 
 -4148095.238095 1.250000 0.062500 7000.000000 1 0 0 5.704971 
 -4100000.000000 1.250000 0.187500 6000.000000 1 1 0 48.849387 
 -4110000.000000 1.250000 0.187500 6000.000000 1 1 0 47.791218 
 -4120000.000000 1.250000 0.187500 6000.000000 1 1 0 46.657906 
 -4130000.000000 1.250000 0.187500 6000.000000 1 1 0 45.459010 
 -4140000.000000 1.250000 0.187500 6000.000000 1 1 0 44.308706 
 -4150000.000000 1.250000 0.187500 6000.000000 1 1 0 43.285826 
 -4160000.000000 1.250000 0.187500 6000.000000 1 1 0 42.079447 
 -4170000.000000 1.250000 0.187500 6000.000000 1 1 0 40.868497 
 -4180000.000000 1.250000 0.187500 6000.000000 1 1 0 39.651723 
 -4190000.000000 1.250000 0.187500 6000.000000 1 1 0 38.487438 
 -4200000.000000 1.250000 0.187500 6000.000000 1 1 0 37.233138 
 -4210000.000000 1.250000 0.187500 6000.000000 1 1 0 35.959022 
 -4220000.000000 1.250000 0.187500 6000.000000 1 1 0 34.647317 
 -4230000.000000 1.250000 0.187500 6000.000000 1 1 0 33.201798 
 -4240000.000000 1.250000 0.187500 6000.000000 1 1 0 31.913659 
 -4250000.000000 1.250000 0.187500 6000.000000 1 1 0 30.473209 
 -4260000.000000 1.250000 0.187500 6000.000000 1 1 0 28.963200 
 -4270000.000000 1.250000 0.187500 6000.000000 1 1 0 27.295213 
 -4280000.000000 1.250000 0.187500 6000.000000 1 1 0 25.662755 
 -4290000.000000 1.250000 0.187500 6000.000000 1 1 0 23.865445 
 -4300000.000000 1.250000 0.187500 6000.000000 1 1 0 21.982731 
 -4310000.000000 1.250000 0.187500 6000.000000 1 1 0 19.971519 
 -4320000.000000 1.250000 0.187500 6000.000000 1 1 0 17.795427 
 -4330000.000000 1.250000 0.187500 6000.000000 1 1 0 15.486831 
 -4340000.000000 1.250000 0.187500 6000.000000 1 1 0 13.011945 
 -4350000.000000 1.250000 0.187500 6000.000000 1 1 0 10.769728 
 -4360000.000000 1.250000 0.187500 6000.000000 1 1 0 8.304499 
 -4370000.000000 1.250000 0.187500 6000.000000 1 0 1 5.755212 
 -4380000.000000 1.250000 0.187500 6000.000000 1 0 0 3.141953 
 -4370476.190476 1.250000 0.187500 6000.000000 1 0 1 5.622262 
 -4370952.380952 1.250000 0.187500 6000.000000 1 0 1 5.488219 
 -4371428.571429 1.250000 0.187500 6000.000000 1 0 1 5.358159 
 -4371904.761905 1.250000 0.187500 6000.000000 1 0 1 5.227679 
 -4372380.952381 1.250000 0.187500 6000.000000 1 0 1 5.099150 
 -4372857.142857 1.250000 0.187500 6000.000000 1 0 1 4.972133 
 -4373333.333333 1.250000 0.187500 6000.000000 1 0 1 4.845289 
 -4373809.523810 1.250000 0.187500 6000.000000 1 0 1 4.721482 
 -4374285.714286 1.250000 0.187500 6000.000000 1 0 0 4.596996 
 -4100000.000000 1.250000 0.187500 7000.000000 1 1 0 20.121085 
 -4110000.000000 1.250000 0.187500 7000.000000 1 1 0 16.926807 
 -4120000.000000 1.250000 0.187500 7000.000000 1 1 0 13.935788 
 -4130000.000000 1.250000 0.187500 7000.000000 1 1 0 10.851405 
 -4140000.000000 1.250000 0.187500 7000.000000 1 0 1 7.595595 
 -4150000.000000 1.250000 0.187500 7000.000000 1 0 0 4.241348 
 -4140476.190476 1.250000 0.187500 7000.000000 1 0 1 7.430300 
 -4140952.380952 1.250000 0.187500 7000.000000 1 0 1 7.267111 
 -4141428.571429 1.250000 0.187500 7000.000000 1 0 1 7.097148 
 -4141904.761905 1.250000 0.187500 7000.000000 1 0 0 6.925547 
 -4100000.000000 1.250000 0.312500 6000.000000 1 1 0 47.499239 
 -4110000.000000 1.250000 0.312500 6000.000000 1 1 0 46.406359 
 -4120000.000000 1.250000 0.312500 6000.000000 1 1 0 45.272265 
 -4130000.000000 1.250000 0.312500 6000.000000 1 1 0 44.104435 
 -4140000.000000 1.250000 0.312500 6000.000000 1 1 0 42.864415 
 -4150000.000000 1.250000 0.312500 6000.000000 1 1 0 41.729415 
 -4160000.000000 1.250000 0.312500 6000.000000 1 1 0 40.645207 
 -4170000.000000 1.250000 0.312500 6000.000000 1 1 0 39.275394 
 -4180000.000000 1.250000 0.312500 6000.000000 1 1 0 38.219780 
 -4190000.000000 1.250000 0.312500 6000.000000 1 1 0 36.972827 
 -4200000.000000 1.250000 0.312500 6000.000000 1 1 0 35.672991 
 -4210000.000000 1.250000 0.312500 6000.000000 1 1 0 34.380962 
 -4220000.000000 1.250000 0.312500 6000.000000 1 1 0 33.062505 
 -4230000.000000 1.250000 0.312500 6000.000000 1 1 0 31.585062 
 -4240000.000000 1.250000 0.312500 6000.000000 1 1 0 30.210379 
 -4250000.000000 1.250000 0.312500 6000.000000 1 1 0 28.677063 
 -4260000.000000 1.250000 0.312500 6000.000000 1 1 0 27.075313 
 -4270000.000000 1.250000 0.312500 6000.000000 1 1 0 25.379551 
 -4280000.000000 1.250000 0.312500 6000.000000 1 1 0 23.652404 
 -4290000.000000 1.250000 0.312500 6000.000000 1 1 0 21.821601 
 -4300000.000000 1.250000 0.312500 6000.000000 1 1 0 19.877894 
 -4310000.000000 1.250000 0.312500 6000.000000 1 1 0 17.852815 
 -4320000.000000 1.250000 0.312500 6000.000000 1 1 0 15.695413 
 -4330000.000000 1.250000 0.312500 6000.000000 1 1 0 13.570987 
 -4340000.000000 1.250000 0.312500 6000.000000 1 1 0 11.626302 
 -4350000.000000 1.250000 0.312500 6000.000000 1 0 1 9.523207 
 -4360000.000000 1.250000 0.312500 6000.000000 1 0 1 7.322563 
 -4370000.000000 1.250000 0.312500 6000.000000 1 0 0 5.020379 
 -4360476.190476 1.250000 0.312500 6000.000000 1 0 1 7.219963 
 -4360952.380952 1.250000 0.312500 6000.000000 1 0 1 7.116096 
 -4361428.571429 1.250000 0.312500 6000.000000 1 0 1 7.014499 
 -4361904.761905 1.250000 0.312500 6000.000000 1 0 1 6.908288 
 -4362380.952381 1.250000 0.312500 6000.000000 1 0 1 6.805443 
 -4362857.142857 1.250000 0.312500 6000.000000 1 0 1 6.699809 
 -4363333.333333 1.250000 0.312500 6000.000000 1 0 1 6.590872 
 -4363809.523810 1.250000 0.312500 6000.000000 1 0 1 6.485104 
 -4364285.714286 1.250000 0.312500 6000.000000 1 0 1 6.374971 
 -4364761.904762 1.250000 0.312500 6000.000000 1 0 1 6.261669 
 -4365238.095238 1.250000 0.312500 6000.000000 1 0 1 6.150202 
 -4365714.285714 1.250000 0.312500 6000.000000 1 0 1 6.034143 
 -4366190.476190 1.250000 0.312500 6000.000000 1 0 1 5.917279 
 -4366666.666667 1.250000 0.312500 6000.000000 1 0 1 5.803446 
 -4367142.857143 1.250000 0.312500 6000.000000 1 0 1 5.687099 
 -4367619.047619 1.250000 0.312500 6000.000000 1 0 1 5.575552 
 -4368095.238095 1.250000 0.312500 6000.000000 1 0 0 5.462047 
 -4100000.000000 1.250000 0.312500 7000.000000 1 1 0 17.664625 
 -4110000.000000 1.250000 0.312500 7000.000000 1 1 0 15.069292 
 -4120000.000000 1.250000 0.312500 7000.000000 1 0 1 12.444953 
 -4130000.000000 1.250000 0.312500 7000.000000 1 0 1 9.563170 
 -4140000.000000 1.250000 0.312500 7000.000000 1 0 0 6.639869 
 -4130476.190476 1.250000 0.312500 7000.000000 1 0 1 9.428575 
 -4130952.380952 1.250000 0.312500 7000.000000 1 0 1 9.299879 
 -4131428.571429 1.250000 0.312500 7000.000000 1 0 1 9.165346 
 -4131904.761905 1.250000 0.312500 7000.000000 1 0 1 9.036338 
 -4132380.952381 1.250000 0.312500 7000.000000 1 0 1 8.901904 
 -4132857.142857 1.250000 0.312500 7000.000000 1 0 1 8.771349 
 -4133333.333333 1.250000 0.312500 7000.000000 1 0 0 8.636846 
 -4100000.000000 1.250000 0.437500 6000.000000 1 1 0 46.632915 
 -4110000.000000 1.250000 0.437500 6000.000000 1 1 0 45.498788 
 -4120000.000000 1.250000 0.437500 6000.000000 1 1 0 44.352306 
 -4130000.000000 1.250000 0.437500 6000.000000 1 1 0 43.197911 
 -4140000.000000 1.250000 0.437500 6000.000000 1 1 0 41.991204 
 -4150000.000000 1.250000 0.437500 6000.000000 1 1 0 40.638488 
 -4160000.000000 1.250000 0.437500 6000.000000 1 1 0 39.626264 
 -4170000.000000 1.250000 0.437500 6000.000000 1 1 0 38.312788 
 -4180000.000000 1.250000 0.437500 6000.000000 1 1 0 37.158286 
 -4190000.000000 1.250000 0.437500 6000.000000 1 1 0 35.824741 
 -4200000.000000 1.250000 0.437500 6000.000000 1 1 0 34.463509 
 -4210000.000000 1.250000 0.437500 6000.000000 1 1 0 33.124359 
 -4220000.000000 1.250000 0.437500 6000.000000 1 1 0 31.758979 
 -4230000.000000 1.250000 0.437500 6000.000000 1 1 0 30.229981 
 -4240000.000000 1.250000 0.437500 6000.000000 1 1 0 28.729981 
 -4250000.000000 1.250000 0.437500 6000.000000 1 1 0 27.100626 
 -4260000.000000 1.250000 0.437500 6000.000000 1 1 0 25.457004 
 -4270000.000000 1.250000 0.437500 6000.000000 1 1 0 23.771748 
 -4280000.000000 1.250000 0.437500 6000.000000 1 1 0 21.949940 
 -4290000.000000 1.250000 0.437500 6000.000000 1 1 0 20.092398 
 -4300000.000000 1.250000 0.437500 6000.000000 1 1 0 18.184057 
 -4310000.000000 1.250000 0.437500 6000.000000 1 1 0 16.166757 
 -4320000.000000 1.250000 0.437500 6000.000000 1 1 0 14.278863 
 -4330000.000000 1.250000 0.437500 6000.000000 1 0 1 12.509574 
 -4340000.000000 1.250000 0.437500 6000.000000 1 0 1 10.661167 
 -4350000.000000 1.250000 0.437500 6000.000000 1 0 1 8.634684 
 -4360000.000000 1.250000 0.437500 6000.000000 1 0 0 6.663108 
 -4350476.190476 1.250000 0.437500 6000.000000 1 0 1 8.540484 
 -4350952.380952 1.250000 0.437500 6000.000000 1 0 1 8.449400 
 -4351428.571429 1.250000 0.437500 6000.000000 1 0 1 8.355560 
 -4351904.761905 1.250000 0.437500 6000.000000 1 0 1 8.264843 
 -4352380.952381 1.250000 0.437500 6000.000000 1 0 1 8.171469 
 -4352857.142857 1.250000 0.437500 6000.000000 1 0 1 8.080700 
 -4353333.333333 1.250000 0.437500 6000.000000 1 0 1 7.987915 
 -4353809.523810 1.250000 0.437500 6000.000000 1 0 1 7.896495 
 -4354285.714286 1.250000 0.437500 6000.000000 1 0 1 7.804393 
 -4354761.904762 1.250000 0.437500 6000.000000 1 0 1 7.711756 
 -4355238.095238 1.250000 0.437500 6000.000000 1 0 1 7.620373 
 -4355714.285714 1.250000 0.437500 6000.000000 1 0 1 7.525776 
 -4356190.476190 1.250000 0.437500 6000.000000 1 0 1 7.435064 
 -4356666.666667 1.250000 0.437500 6000.000000 1 0 1 7.337763 
 -4357142.857143 1.250000 0.437500 6000.000000 1 0 1 7.247594 
 -4357619.047619 1.250000 0.437500 6000.000000 1 0 1 7.150625 
 -4358095.238095 1.250000 0.437500 6000.000000 1 0 1 7.056891 
 -4358571.428571 1.250000 0.437500 6000.000000 1 0 1 6.960486 
 -4359047.619048 1.250000 0.437500 6000.000000 1 0 1 6.861674 
 -4359523.809524 1.250000 0.437500 6000.000000 1 0 1 6.765421 
 -4100000.000000 1.250000 0.437500 7000.000000 1 0 1 16.237205 
 -4110000.000000 1.250000 0.437500 7000.000000 1 0 1 13.916400 
 -4120000.000000 1.250000 0.437500 7000.000000 1 0 1 11.281083 
 -4130000.000000 1.250000 0.437500 7000.000000 1 0 0 8.746570 
 -4120476.190476 1.250000 0.437500 7000.000000 1 0 1 11.155319 
 -4120952.380952 1.250000 0.437500 7000.000000 1 0 1 11.034335 
 -4121428.571429 1.250000 0.437500 7000.000000 1 0 1 10.914174 
 -4121904.761905 1.250000 0.437500 7000.000000 1 0 1 10.788469 
 -4122380.952381 1.250000 0.437500 7000.000000 1 0 1 10.673175 
 -4122857.142857 1.250000 0.437500 7000.000000 1 0 0 10.545349 
 -4640000.000000 1.250000 -0.437500 5000.000000 1 1 0 32.912101 
 -4650000.000000 1.250000 -0.437500 5000.000000 1 1 0 31.638905 
 -4660000.000000 1.250000 -0.437500 5000.000000 1 1 0 30.320936 
 -4670000.000000 1.250000 -0.437500 5000.000000 1 1 0 29.003819 
 -4680000.000000 1.250000 -0.437500 5000.000000 1 1 0 27.489769 
 -4690000.000000 1.250000 -0.437500 5000.000000 1 1 0 25.963675 
 -4700000.000000 1.250000 -0.437500 5000.000000 1 1 0 24.236821 
 -4710000.000000 1.250000 -0.437500 5000.000000 1 1 0 22.313851 
 -4720000.000000 1.250000 -0.437500 5000.000000 1 1 0 20.131898 
 -4730000.000000 1.250000 -0.437500 5000.000000 1 1 0 17.521464 
 -4740000.000000 1.250000 -0.437500 5000.000000 1 1 0 13.903809 
 -4750000.000000 1.250000 -0.437500 5000.000000 1 0 0 1.088643 
 -4740243.902439 1.250000 -0.437500 5000.000000 1 1 0 13.782897 
 -4740487.804878 1.250000 -0.437500 5000.000000 1 1 0 13.676438 
 -4740731.707317 1.250000 -0.437500 5000.000000 1 1 0 13.547727 
 -4740975.609756 1.250000 -0.437500 5000.000000 1 1 0 13.438667 
 -4741219.512195 1.250000 -0.437500 5000.000000 1 1 0 13.311203 
 -4741463.414634 1.250000 -0.437500 5000.000000 1 1 0 13.187421 
 -4741707.317073 1.250000 -0.437500 5000.000000 1 1 0 13.064561 
 -4741951.219512 1.250000 -0.437500 5000.000000 1 1 0 12.932079 
 -4742195.121951 1.250000 -0.437500 5000.000000 1 1 0 12.794262 
 -4742439.024390 1.250000 -0.437500 5000.000000 1 1 0 12.655192 
 -4742682.926829 1.250000 -0.437500 5000.000000 1 1 0 12.515799 
 -4742926.829268 1.250000 -0.437500 5000.000000 1 1 0 12.373550 
 -4743170.731707 1.250000 -0.437500 5000.000000 1 1 0 12.230789 
 -4743414.634146 1.250000 -0.437500 5000.000000 1 1 0 12.081373 
 -4743658.536585 1.250000 -0.437500 5000.000000 1 1 0 11.918395 
 -4743902.439024 1.250000 -0.437500 5000.000000 1 1 0 11.762633 
 -4744146.341463 1.250000 -0.437500 5000.000000 1 1 0 11.589944 
 -4744390.243902 1.250000 -0.437500 5000.000000 1 1 0 11.414269 
 -4744634.146341 1.250000 -0.437500 5000.000000 1 1 0 11.232673 
 -4744878.048780 1.250000 -0.437500 5000.000000 1 1 0 11.049851 
 -4745121.951220 1.250000 -0.437500 5000.000000 1 1 0 10.851515 
 -4745365.853659 1.250000 -0.437500 5000.000000 1 1 0 10.646318 
 -4745609.756098 1.250000 -0.437500 5000.000000 1 1 0 10.424984 
 -4745853.658537 1.250000 -0.437500 5000.000000 1 1 0 10.194393 
 -4746097.560976 1.250000 -0.437500 5000.000000 1 1 0 9.945677 
 -4746341.463415 1.250000 -0.437500 5000.000000 1 1 0 9.677304 
 -4746585.365854 1.250000 -0.437500 5000.000000 1 1 0 9.382671 
 -4746829.268293 1.250000 -0.437500 5000.000000 1 1 0 9.059451 
 -4747073.170732 1.250000 -0.437500 5000.000000 1 1 0 8.691795 
 -4747317.073171 1.250000 -0.437500 5000.000000 1 1 0 8.271017 
 -4747560.975610 1.250000 -0.437500 5000.000000 1 1 0 7.754479 
 -4747804.878049 1.250000 -0.437500 5000.000000 1 1 0 7.064817 
 -4748048.780488 1.250000 -0.437500 5000.000000 1 1 0 5.882414 
 -4748292.682927 1.250000 -0.437500 5000.000000 1 0 1 1.548441 
 -4748536.585366 1.250000 -0.437500 5000.000000 1 0 0 1.454943 
 -4640000.000000 1.250000 -0.312500 5000.000000 1 1 0 29.050516 
 -4650000.000000 1.250000 -0.312500 5000.000000 1 1 0 27.845793 
 -4660000.000000 1.250000 -0.312500 5000.000000 1 1 0 26.521892 
 -4670000.000000 1.250000 -0.312500 5000.000000 1 1 0 25.092883 
 -4680000.000000 1.250000 -0.312500 5000.000000 1 1 0 23.609218 
 -4690000.000000 1.250000 -0.312500 5000.000000 1 1 0 21.989169 
 -4700000.000000 1.250000 -0.312500 5000.000000 1 1 0 20.243227 
 -4710000.000000 1.250000 -0.312500 5000.000000 1 1 0 18.304674 
 -4720000.000000 1.250000 -0.312500 5000.000000 1 1 0 16.069125 
 -4730000.000000 1.250000 -0.312500 5000.000000 1 1 0 13.309225 
 -4740000.000000 1.250000 -0.312500 5000.000000 1 1 0 9.322501 
 -4750000.000000 1.250000 -0.312500 5000.000000 1 0 0 0.919860 
 -4740243.902439 1.250000 -0.312500 5000.000000 1 1 0 9.191165 
 -4740487.804878 1.250000 -0.312500 5000.000000 1 1 0 9.056514 
 -4740731.707317 1.250000 -0.312500 5000.000000 1 1 0 8.916898 
 -4740975.609756 1.250000 -0.312500 5000.000000 1 1 0 8.776101 
 -4741219.512195 1.250000 -0.312500 5000.000000 1 1 0 8.629727 
 -4741463.414634 1.250000 -0.312500 5000.000000 1 1 0 8.481367 
 -4741707.317073 1.250000 -0.312500 5000.000000 1 1 0 8.327314 
 -4741951.219512 1.250000 -0.312500 5000.000000 1 1 0 8.168393 
 -4742195.121951 1.250000 -0.312500 5000.000000 1 1 0 8.003322 
 -4742439.024390 1.250000 -0.312500 5000.000000 1 1 0 7.833749 
 -4742682.926829 1.250000 -0.312500 5000.000000 1 1 0 7.656373 
 -4742926.829268 1.250000 -0.312500 5000.000000 1 1 0 7.472895 
 -4743170.731707 1.250000 -0.312500 5000.000000 1 1 0 7.279544 
 -4743414.634146 1.250000 -0.312500 5000.000000 1 1 0 7.077252 
 -4743658.536585 1.250000 -0.312500 5000.000000 1 1 0 6.865418 
 -4743902.439024 1.250000 -0.312500 5000.000000 1 1 0 6.638440 
 -4744146.341463 1.250000 -0.312500 5000.000000 1 1 0 6.397406 
 -4744390.243902 1.250000 -0.312500 5000.000000 1 1 0 6.135988 
 -4744634.146341 1.250000 -0.312500 5000.000000 1 1 0 5.849396 
 -4744878.048780 1.250000 -0.312500 5000.000000 1 1 0 5.529859 
 -4745121.951220 1.250000 -0.312500 5000.000000 1 1 0 5.162925 
 -4745365.853659 1.250000 -0.312500 5000.000000 1 1 0 4.718497 
 -4745609.756098 1.250000 -0.312500 5000.000000 1 1 0 4.117848 
 -4745853.658537 1.250000 -0.312500 5000.000000 1 0 1 1.852849 
 -4746097.560976 1.250000 -0.312500 5000.000000 1 0 1 1.767246 
 -4746341.463415 1.250000 -0.312500 5000.000000 1 0 1 1.687368 
 -4746585.365854 1.250000 -0.312500 5000.000000 1 0 0 1.611203 
 -4640000.000000 1.250000 -0.187500 5000.000000 1 1 0 25.767409 
 -4650000.000000 1.250000 -0.187500 5000.000000 1 1 0 24.517421 
 -4660000.000000 1.250000 -0.187500 5000.000000 1 1 0 23.198557 
 -4670000.000000 1.250000 -0.187500 5000.000000 1 1 0 21.811332 
 -4680000.000000 1.250000 -0.187500 5000.000000 1 1 0 20.326936 
 -4690000.000000 1.250000 -0.187500 5000.000000 1 1 0 18.693812 
 -4700000.000000 1.250000 -0.187500 5000.000000 1 1 0 16.906362 
 -4710000.000000 1.250000 -0.187500 5000.000000 1 1 0 14.846561 
 -4720000.000000 1.250000 -0.187500 5000.000000 1 1 0 12.381280 
 -4730000.000000 1.250000 -0.187500 5000.000000 1 1 0 9.241635 
 -4740000.000000 1.250000 -0.187500 5000.000000 1 1 0 4.424324 
 -4750000.000000 1.250000 -0.187500 5000.000000 1 0 0 0.805008 
 -4740243.902439 1.250000 -0.187500 5000.000000 1 1 0 4.260958 
 -4740487.804878 1.250000 -0.187500 5000.000000 1 1 0 4.093724 
 -4740731.707317 1.250000 -0.187500 5000.000000 1 1 0 3.923382 
 -4740975.609756 1.250000 -0.187500 5000.000000 1 1 0 3.748950 
 -4741219.512195 1.250000 -0.187500 5000.000000 1 1 0 3.569583 
 -4741463.414634 1.250000 -0.187500 5000.000000 1 1 0 3.385569 
 -4741707.317073 1.250000 -0.187500 5000.000000 1 1 0 3.196412 
 -4741951.219512 1.250000 -0.187500 5000.000000 1 1 0 3.003039 
 -4742195.121951 1.250000 -0.187500 5000.000000 1 1 0 2.809951 
 -4742439.024390 1.250000 -0.187500 5000.000000 1 1 0 2.636529 
 -4742682.926829 1.250000 -0.187500 5000.000000 1 0 1 2.277965 
 -4742926.829268 1.250000 -0.187500 5000.000000 1 0 1 2.192607 
 -4743170.731707 1.250000 -0.187500 5000.000000 1 0 1 2.112936 
 -4743414.634146 1.250000 -0.187500 5000.000000 1 0 1 2.038080 
 -4743658.536585 1.250000 -0.187500 5000.000000 1 0 1 1.967229 
 -4743902.439024 1.250000 -0.187500 5000.000000 1 0 1 1.899612 
 -4744146.341463 1.250000 -0.187500 5000.000000 1 0 0 1.834950 
 -4640000.000000 1.250000 -0.062500 5000.000000 1 1 0 23.136694 
 -4650000.000000 1.250000 -0.062500 5000.000000 1 1 0 21.843891 
 -4660000.000000 1.250000 -0.062500 5000.000000 1 1 0 20.513865 
 -4670000.000000 1.250000 -0.062500 5000.000000 1 1 0 19.077069 
 -4680000.000000 1.250000 -0.062500 5000.000000 1 1 0 17.514086 
 -4690000.000000 1.250000 -0.062500 5000.000000 1 1 0 15.762170 
 -4700000.000000 1.250000 -0.062500 5000.000000 1 1 0 13.801217 
 -4710000.000000 1.250000 -0.062500 5000.000000 1 1 0 11.545272 
 -4720000.000000 1.250000 -0.062500 5000.000000 1 1 0 8.818473 
 -4730000.000000 1.250000 -0.062500 5000.000000 1 1 0 5.724445 
 -4740000.000000 1.250000 -0.062500 5000.000000 1 0 1 2.421358 
 -4750000.000000 1.250000 -0.062500 5000.000000 1 0 0 0.728181 
 -4740243.902439 1.250000 -0.062500 5000.000000 1 0 1 2.354283 
 -4740487.804878 1.250000 -0.062500 5000.000000 1 0 1 2.289683 
 -4740731.707317 1.250000 -0.062500 5000.000000 1 0 1 2.227268 
 -4740975.609756 1.250000 -0.062500 5000.000000 1 0 1 2.166878 
 -4741219.512195 1.250000 -0.062500 5000.000000 1 0 0 2.108380 
 -4640000.000000 1.250000 0.062500 5000.000000 1 1 0 20.928594 
 -4650000.000000 1.250000 0.062500 5000.000000 1 1 0 19.574948 
 -4660000.000000 1.250000 0.062500 5000.000000 1 1 0 18.158798 
 -4670000.000000 1.250000 0.062500 5000.000000 1 1 0 16.612511 
 -4680000.000000 1.250000 0.062500 5000.000000 1 1 0 14.961253 
 -4690000.000000 1.250000 0.062500 5000.000000 1 1 0 13.133064 
 -4700000.000000 1.250000 0.062500 5000.000000 1 1 0 11.094459 
 -4710000.000000 1.250000 0.062500 5000.000000 1 1 0 8.872787 
 -4720000.000000 1.250000 0.062500 5000.000000 1 1 0 6.753306 
 -4730000.000000 1.250000 0.062500 5000.000000 1 1 0 4.324873 
 -4740000.000000 1.250000 0.062500 5000.000000 1 0 0 1.992688 
 -4730243.902439 1.250000 0.062500 5000.000000 1 1 0 4.259590 
 -4730487.804878 1.250000 0.062500 5000.000000 1 1 0 4.195578 
 -4730731.707317 1.250000 0.062500 5000.000000 1 1 0 4.131588 
 -4730975.609756 1.250000 0.062500 5000.000000 1 1 0 4.067666 
 -4731219.512195 1.250000 0.062500 5000.000000 1 1 0 4.005099 
 -4731463.414634 1.250000 0.062500 5000.000000 1 1 0 3.942783 
 -4731707.317073 1.250000 0.062500 5000.000000 1 1 0 3.880584 
 -4731951.219512 1.250000 0.062500 5000.000000 1 0 1 3.819159 
 -4732195.121951 1.250000 0.062500 5000.000000 1 0 1 3.758520 
 -4732439.024390 1.250000 0.062500 5000.000000 1 0 1 3.698014 
 -4732682.926829 1.250000 0.062500 5000.000000 1 0 1 3.637677 
 -4732926.829268 1.250000 0.062500 5000.000000 1 0 1 3.578625 
 -4733170.731707 1.250000 0.062500 5000.000000 1 0 1 3.519662 
 -4733414.634146 1.250000 0.062500 5000.000000 1 0 1 3.460771 
 -4733658.536585 1.250000 0.062500 5000.000000 1 0 1 3.402623 
 -4733902.439024 1.250000 0.062500 5000.000000 1 0 1 3.344937 
 -4734146.341463 1.250000 0.062500 5000.000000 1 0 1 3.287205 
 -4734390.243902 1.250000 0.062500 5000.000000 1 0 1 3.229708 
 -4734634.146341 1.250000 0.062500 5000.000000 1 0 1 3.172889 
 -4734878.048780 1.250000 0.062500 5000.000000 1 0 1 3.115853 
 -4735121.951220 1.250000 0.062500 5000.000000 1 0 1 3.058674 
 -4735365.853659 1.250000 0.062500 5000.000000 1 0 1 3.002157 
 -4735609.756098 1.250000 0.062500 5000.000000 1 0 1 2.945194 
 -4735853.658537 1.250000 0.062500 5000.000000 1 0 1 2.887850 
 -4736097.560976 1.250000 0.062500 5000.000000 1 0 1 2.830898 
 -4736341.463415 1.250000 0.062500 5000.000000 1 0 1 2.773192 
 -4736585.365854 1.250000 0.062500 5000.000000 1 0 1 2.715010 
 -4736829.268293 1.250000 0.062500 5000.000000 1 0 1 2.656744 
 -4737073.170732 1.250000 0.062500 5000.000000 1 0 1 2.598985 
 -4737317.073171 1.250000 0.062500 5000.000000 1 0 1 2.542327 
 -4737560.975610 1.250000 0.062500 5000.000000 1 0 1 2.486774 
 -4737804.878049 1.250000 0.062500 5000.000000 1 0 0 2.432685 
 -4640000.000000 1.250000 0.187500 5000.000000 1 1 0 18.960772 
 -4650000.000000 1.250000 0.187500 5000.000000 1 1 0 17.564014 
 -4660000.000000 1.250000 0.187500 5000.000000 1 1 0 16.092339 
 -4670000.000000 1.250000 0.187500 5000.000000 1 1 0 14.522914 
 -4680000.000000 1.250000 0.187500 5000.000000 1 1 0 12.823902 
 -4690000.000000 1.250000 0.187500 5000.000000 1 1 0 10.992814 
 -4700000.000000 1.250000 0.187500 5000.000000 1 1 0 9.255286 
 -4710000.000000 1.250000 0.187500 5000.000000 1 1 0 7.537041 
 -4720000.000000 1.250000 0.187500 5000.000000 1 1 0 5.593655 
 -4730000.000000 1.250000 0.187500 5000.000000 1 0 1 3.577573 
 -4740000.000000 1.250000 0.187500 5000.000000 1 0 0 1.749923 
 -4730243.902439 1.250000 0.187500 5000.000000 1 0 1 3.529609 
 -4730487.804878 1.250000 0.187500 5000.000000 1 0 1 3.481082 
 -4730731.707317 1.250000 0.187500 5000.000000 1 0 1 3.433939 
 -4730975.609756 1.250000 0.187500 5000.000000 1 0 1 3.386228 
 -4731219.512195 1.250000 0.187500 5000.000000 1 0 1 3.338210 
 -4731463.414634 1.250000 0.187500 5000.000000 1 0 1 3.291187 
 -4731707.317073 1.250000 0.187500 5000.000000 1 0 1 3.243489 
 -4731951.219512 1.250000 0.187500 5000.000000 1 0 1 3.195831 
 -4732195.121951 1.250000 0.187500 5000.000000 1 0 1 3.148598 
 -4732439.024390 1.250000 0.187500 5000.000000 1 0 1 3.100586 
 -4732682.926829 1.250000 0.187500 5000.000000 1 0 1 3.053047 
 -4732926.829268 1.250000 0.187500 5000.000000 1 0 1 3.005229 
 -4733170.731707 1.250000 0.187500 5000.000000 1 0 1 2.956594 
 -4733414.634146 1.250000 0.187500 5000.000000 1 0 1 2.908752 
 -4733658.536585 1.250000 0.187500 5000.000000 1 0 1 2.859876 
 -4733902.439024 1.250000 0.187500 5000.000000 1 0 0 2.810811 
 -4640000.000000 1.250000 0.312500 5000.000000 1 1 0 17.278379 
 -4650000.000000 1.250000 0.312500 5000.000000 1 1 0 15.882279 
 -4660000.000000 1.250000 0.312500 5000.000000 1 1 0 14.382916 
 -4670000.000000 1.250000 0.312500 5000.000000 1 1 0 12.808879 
 -4680000.000000 1.250000 0.312500 5000.000000 1 1 0 11.198875 
 -4690000.000000 1.250000 0.312500 5000.000000 1 1 0 9.731992 
 -4700000.000000 1.250000 0.312500 5000.000000 1 1 0 8.249641 
 -4710000.000000 1.250000 0.312500 5000.000000 1 0 1 6.562535 
 -4720000.000000 1.250000 0.312500 5000.000000 1 0 1 4.898770 
 -4730000.000000 1.250000 0.312500 5000.000000 1 0 0 3.140017 
 -4720243.902439 1.250000 0.312500 5000.000000 1 0 1 4.853690 
 -4720487.804878 1.250000 0.312500 5000.000000 1 0 1 4.807475 
 -4720731.707317 1.250000 0.312500 5000.000000 1 0 1 4.763574 
 -4720975.609756 1.250000 0.312500 5000.000000 1 0 1 4.718414 
 -4721219.512195 1.250000 0.312500 5000.000000 1 0 1 4.672732 
 -4721463.414634 1.250000 0.312500 5000.000000 1 0 1 4.629143 
 -4721707.317073 1.250000 0.312500 5000.000000 1 0 1 4.584393 
 -4721951.219512 1.250000 0.312500 5000.000000 1 0 1 4.539254 
 -4722195.121951 1.250000 0.312500 5000.000000 1 0 1 4.496008 
 -4722439.024390 1.250000 0.312500 5000.000000 1 0 1 4.451657 
 -4722682.926829 1.250000 0.312500 5000.000000 1 0 1 4.407089 
 -4722926.829268 1.250000 0.312500 5000.000000 1 0 1 4.364193 
 -4723170.731707 1.250000 0.312500 5000.000000 1 0 1 4.320234 
 -4723414.634146 1.250000 0.312500 5000.000000 1 0 1 4.276255 
 -4723658.536585 1.250000 0.312500 5000.000000 1 0 1 4.233695 
 -4723902.439024 1.250000 0.312500 5000.000000 1 0 1 4.190120 
 -4724146.341463 1.250000 0.312500 5000.000000 1 0 1 4.146738 
 -4724390.243902 1.250000 0.312500 5000.000000 1 0 1 4.104485 
 -4724634.146341 1.250000 0.312500 5000.000000 1 0 1 4.061284 
 -4724878.048780 1.250000 0.312500 5000.000000 1 0 1 4.018476 
 -4725121.951220 1.250000 0.312500 5000.000000 1 0 1 3.976514 
 -4725365.853659 1.250000 0.312500 5000.000000 1 0 1 3.933622 
 -4725609.756098 1.250000 0.312500 5000.000000 1 0 1 3.891387 
 -4725853.658537 1.250000 0.312500 5000.000000 1 0 1 3.849658 
 -4726097.560976 1.250000 0.312500 5000.000000 1 0 1 3.807008 
 -4726341.463415 1.250000 0.312500 5000.000000 1 0 1 3.765323 
 -4726585.365854 1.250000 0.312500 5000.000000 1 0 1 3.723738 
 -4726829.268293 1.250000 0.312500 5000.000000 1 0 1 3.681257 
 -4727073.170732 1.250000 0.312500 5000.000000 1 0 1 3.640063 
 -4727317.073171 1.250000 0.312500 5000.000000 1 0 1 3.598530 
 -4727560.975610 1.250000 0.312500 5000.000000 1 0 1 3.556081 
 -4727804.878049 1.250000 0.312500 5000.000000 1 0 1 3.515331 
 -4728048.780488 1.250000 0.312500 5000.000000 1 0 1 3.473710 
 -4728292.682927 1.250000 0.312500 5000.000000 1 0 1 3.431672 
 -4728536.585366 1.250000 0.312500 5000.000000 1 0 1 3.390753 
 -4728780.487805 1.250000 0.312500 5000.000000 1 0 1 3.348864 
 -4729024.390244 1.250000 0.312500 5000.000000 1 0 1 3.307190 
 -4729268.292683 1.250000 0.312500 5000.000000 1 0 0 3.265849 
 -4640000.000000 1.250000 0.437500 5000.000000 1 1 0 15.933617 
 -4650000.000000 1.250000 0.437500 5000.000000 1 1 0 14.502363 
 -4660000.000000 1.250000 0.437500 5000.000000 1 1 0 13.017462 
 -4670000.000000 1.250000 0.437500 5000.000000 1 1 0 11.604647 
 -4680000.000000 1.250000 0.437500 5000.000000 1 1 0 10.284016 
 -4690000.000000 1.250000 0.437500 5000.000000 1 0 1 8.955648 
 -4700000.000000 1.250000 0.437500 5000.000000 1 0 1 7.436967 
 -4710000.000000 1.250000 0.437500 5000.000000 1 0 1 5.974222 
 -4720000.000000 1.250000 0.437500 5000.000000 1 0 1 4.395002 
 -4730000.000000 1.250000 0.437500 5000.000000 1 0 0 2.828271 
 -4720243.902439 1.250000 0.437500 5000.000000 1 0 1 4.355011 
 -4720487.804878 1.250000 0.437500 5000.000000 1 0 1 4.317680 
 -4720731.707317 1.250000 0.437500 5000.000000 1 0 1 4.279283 
 -4720975.609756 1.250000 0.437500 5000.000000 1 0 1 4.239640 
 -4721219.512195 1.250000 0.437500 5000.000000 1 0 1 4.202490 
 -4721463.414634 1.250000 0.437500 5000.000000 1 0 1 4.164360 
 -4721707.317073 1.250000 0.437500 5000.000000 1 0 1 4.125016 
 -4721951.219512 1.250000 0.437500 5000.000000 1 0 1 4.088085 
 -4722195.121951 1.250000 0.437500 5000.000000 1 0 1 4.050166 
 -4722439.024390 1.250000 0.437500 5000.000000 1 0 1 4.011045 
 -4722682.926829 1.250000 0.437500 5000.000000 1 0 1 3.974383 
 -4722926.829268 1.250000 0.437500 5000.000000 1 0 1 3.936583 
 -4723170.731707 1.250000 0.437500 5000.000000 1 0 1 3.897810 
 -4723414.634146 1.250000 0.437500 5000.000000 1 0 1 3.861228 
 -4723658.536585 1.250000 0.437500 5000.000000 1 0 0 3.823479 
