 -4000000.0 1.20 1 1 0 
 -4100000.0 1.20 1 1 0 
 -4200000.0 1.20 1 0 0 
 -4300000.0 1.20 0 0 0 
 -4400000.0 1.20 0 0 0 
 -4500000.0 1.20 0 0 0 
 -4600000.0 1.20 0 0 0 
 -4700000.0 1.20 0 0 0 
 -4800000.0 1.20 0 0 0 
 -4900000.0 1.20 0 0 0 
 -5000000.0 1.20 0 0 0 
 -4000000.0 1.20 1 1 0 
 -4100000.0 1.20 1 1 0 
 -4200000.0 1.20 1 0 0 
 -4100000.0 1.20 1 1 0 
 -4110000.0 1.20 1 1 0 
 -4120000.0 1.20 1 1 0 
 -4130000.0 1.20 1 1 0 
 -4140000.0 1.20 1 1 0 
 -4150000.0 1.20 1 1 0 
 -4160000.0 1.20 1 1 0 
 -4170000.0 1.20 1 0 0 
 -4180000.0 1.20 1 0 0 
 -4190000.0 1.20 1 0 0 
 -4200000.0 1.20 1 0 0 
 -4000000.0 1.20 1 1 0 
 -4100000.0 1.20 1 1 0 
 -4200000.0 1.20 1 0 0 
 -4000000.0 0.50 1 1 0 
 -4100000.0 0.50 1 1 0 
 -4200000.0 0.50 1 0 0 
 -4100000.0 0.50 1 1 0 
 -4110000.0 0.50 1 1 0 
 -4120000.0 0.50 1 1 0 
 -4130000.0 0.50 1 1 0 
 -4140000.0 0.50 1 1 0 
 -4150000.0 0.50 1 1 0 
 -4160000.0 0.50 1 0 0 
 -4150000.0 0.50 1 1 0 
 -4160000.0 0.50 1 0 0 
 -4150000.0 0.50 1 1 0 
 -4160000.0 0.50 1 0 0 
 -4150000.0 0.50 1 1 0 
 -4160000.0 0.50 1 0 0 
 -4150000.0 0.50 1 1 0 
 -4160000.0 0.50 1 0 0 
 -4000000.0 0.50 1 1 0 
 -4100000.0 0.50 1 1 0 
 -4200000.0 0.50 1 0 0 
 -4100000.0 0.50 1 1 0 
 -4110000.0 0.50 1 1 0 
 -4120000.0 0.50 1 1 0 
 -4130000.0 0.50 1 1 0 
 -4140000.0 0.50 1 1 0 
 -4150000.0 0.50 1 1 0 
 -4160000.0 0.50 1 0 0 
 -4150000.0 0.50 1 1 0 
 -4151000.0 0.50 1 1 0 
 -4152000.0 0.50 1 1 0 
 -4153000.0 0.50 1 1 0 
 -4154000.0 0.50 1 1 0 
 -4155000.0 0.50 1 1 0 
 -4156000.0 0.50 1 1 0 
 -4157000.0 0.50 1 1 0 
 -4158000.0 0.50 1 1 0 
 -4159000.0 0.50 1 0 0 
 -4158000.0 0.50 1 1 0 
 -4158100.0 0.50 1 1 0 
 -4158200.0 0.50 1 1 0 
 -4158300.0 0.50 1 1 0 
 -4158400.0 0.50 1 1 0 
 -4158500.0 0.50 1 1 0 
 -4158600.0 0.50 1 1 0 
 -4158700.0 0.50 1 0 0 
 -4158600.0 0.50 1 1 0 
 -4158610.0 0.50 1 1 0 
 -4158620.0 0.50 1 1 0 
 -4158630.0 0.50 1 1 0 
 -4158640.0 0.50 1 1 0 
 -4158650.0 0.50 1 1 0 
 -4158660.0 0.50 1 1 0 
 -4158670.0 0.50 1 1 0 
 -4158680.0 0.50 1 1 0 
 -4158690.0 0.50 1 1 0 
 -4158700.0 0.50 1 0 0 
 -4158690.0 0.50 1 1 0 
 -4158691.0 0.50 1 1 0 
 -4158692.0 0.50 1 1 0 
 -4158693.0 0.50 1 1 0 
 -4158694.0 0.50 1 1 0 
 -4158695.0 0.50 1 1 0 
 -4158696.0 0.50 1 1 0 
 -4158697.0 0.50 1 0 0 
 -4158696.0 0.50 1 1 0 
 -4158696.1 0.50 1 1 0 
 -4158696.2 0.50 1 1 0 
 -4158696.3 0.50 1 1 0 
 -4158696.4 0.50 1 1 0 
 -4158696.5 0.50 1 1 0 
 -4158696.6 0.50 1 1 0 
 -4158696.7 0.50 1 1 0 
 -4158696.8 0.50 1 1 0 
 -4158696.9 0.50 1 0 0 
 -4158696.8 0.50 1 1 0 
 -4158696.8 0.50 1 1 0 
 -4158696.8 0.50 1 1 0 
 -4158696.8 0.50 1 1 0 
 -4158696.8 0.50 1 1 0 
 -4158696.8 0.50 1 1 0 
 -4158696.9 0.50 1 1 0 
 -4158696.9 0.50 1 0 0 
 -4158696.9 0.50 1 1 0 
 -4158696.9 0.50 1 1 0 
 -4158696.9 0.50 1 1 0 
 -4158696.9 0.50 1 1 0 
 -4158696.9 0.50 1 1 0 
 -4158696.9 0.50 1 1 0 
 -4158696.9 0.50 1 0 0 
 -4158696.9 0.50 1 1 0 
 -4158696.9 0.50 1 1 0 
 -4158696.9 0.50 1 1 0 
 -4158696.9 0.50 1 1 0 
 -4158696.9 0.50 1 0 0 
 -4158696.9 0.50 1 1 0 
 -4158696.9 0.50 1 1 0 
 -4158696.9 0.50 1 1 0 
 -4158696.9 0.50 1 1 0 
