  -4050000.0 0.80 1 1 0 29.974179 
  -4051000.0 0.80 1 1 0 29.819044 
  -4052000.0 0.80 1 1 0 29.617246 
  -4053000.0 0.80 1 1 0 29.388533 
  -4054000.0 0.80 1 1 0 29.232280 
  -4055000.0 0.80 1 1 0 28.986721 
  -4056000.0 0.80 1 1 0 28.815709 
  -4057000.0 0.80 1 1 0 28.619257 
  -4058000.0 0.80 1 1 0 28.362981 
  -4059000.0 0.80 1 1 0 28.215541 
  -4060000.0 0.80 1 1 0 27.990162 
  -4061000.0 0.80 1 1 0 27.769513 
  -4062000.0 0.80 1 1 0 27.594949 
  -4063000.0 0.80 1 1 0 27.353671 
  -4064000.0 0.80 1 1 0 27.151423 
  -4065000.0 0.80 1 1 0 26.959908 
  -4066000.0 0.80 1 1 0 26.712073 
  -4067000.0 0.80 1 1 0 26.511598 
  -4068000.0 0.80 1 1 0 26.312775 
  -4069000.0 0.80 1 1 0 26.064728 
  -4070000.0 0.80 1 1 0 25.850940 
  -4071000.0 0.80 1 1 0 25.651561 
  -4072000.0 0.80 1 1 0 25.407924 
  -4073000.0 0.80 1 1 0 25.166141 
  -4074000.0 0.80 1 1 0 24.970883 
  -4075000.0 0.80 1 1 0 24.735616 
  -4076000.0 0.80 1 1 0 24.466978 
  -4077000.0 0.80 1 1 0 24.262061 
  -4078000.0 0.80 1 1 0 24.038236 
  -4079000.0 0.80 1 1 0 23.785101 
  -4080000.0 0.80 1 1 0 23.512517 
  -4081000.0 0.80 1 1 0 23.302120 
  -4082000.0 0.80 1 1 0 23.064341 
  -4083000.0 0.80 1 1 0 22.802897 
  -4084000.0 0.80 1 1 0 22.521245 
  -4085000.0 0.80 1 1 0 22.292339 
  -4086000.0 0.80 1 1 0 22.046200 
  -4087000.0 0.80 1 1 0 21.781959 
  -4088000.0 0.80 1 1 0 21.501528 
  -4089000.0 0.80 1 1 0 21.241551 
  -4090000.0 0.80 1 1 0 20.991221 
  -4091000.0 0.80 1 1 0 20.726533 
  -4092000.0 0.80 1 1 0 20.449239 
  -4093000.0 0.80 1 1 0 20.161928 
  -4094000.0 0.80 1 1 0 19.889229 
  -4095000.0 0.80 1 1 0 19.624810 
  -4096000.0 0.80 1 1 0 19.350164 
  -4097000.0 0.80 1 1 0 19.067085 
  -4098000.0 0.80 1 1 0 18.777034 
  -4099000.0 0.80 1 1 0 18.481402 
  -4100000.0 0.80 1 1 0 18.184149 
  -4101000.0 0.80 1 1 0 17.901446 
  -4102000.0 0.80 1 1 0 17.612376 
  -4103000.0 0.80 1 1 0 17.317822 
  -4104000.0 0.80 1 1 0 17.018259 
  -4105000.0 0.80 1 1 0 16.714159 
  -4106000.0 0.80 1 1 0 16.406063 
  -4107000.0 0.80 1 1 0 16.094549 
  -4108000.0 0.80 1 1 0 15.779994 
  -4109000.0 0.80 1 1 0 15.462559 
  -4110000.0 0.80 1 1 0 15.142241 
  -4111000.0 0.80 1 0 1 14.819166 
  -4112000.0 0.80 1 0 1 14.493584 
  -4113000.0 0.80 1 0 1 14.165447 
  -4114000.0 0.80 1 0 1 13.834633 
  -4115000.0 0.80 1 0 1 13.501136 
  -4116000.0 0.80 1 0 1 13.164834 
  -4117000.0 0.80 1 0 1 12.826022 
  -4118000.0 0.80 1 0 1 12.494507 
  -4119000.0 0.80 1 0 1 12.170476 
  -4120000.0 0.80 1 0 1 11.852590 
  -4121000.0 0.80 1 0 1 11.541037 
  -4122000.0 0.80 1 0 1 11.236090 
  -4123000.0 0.80 1 0 1 10.937703 
  -4124000.0 0.80 1 0 1 10.645289 
  -4125000.0 0.80 1 0 1 10.358210 
  -4126000.0 0.80 1 0 1 10.075125 
  -4127000.0 0.80 1 0 1 9.794501 
  -4128000.0 0.80 1 0 1 9.514010 
  -4129000.0 0.80 1 0 1 9.230540 
  -4130000.0 0.80 1 0 1 8.940016 
  -4131000.0 0.80 1 0 1 8.637367 
  -4132000.0 0.80 1 0 1 8.323599 
  -4133000.0 0.80 1 0 1 7.998592 
  -4134000.0 0.80 1 0 0 7.678568 
  -4134000.0 0.80 1 0 1 7.990810 
  -4134000.0 0.80 1 0 1 7.983015 
  -4134000.0 0.80 1 0 1 7.975204 
  -4134000.0 0.80 1 0 1 7.967380 
  -4134000.0 0.80 1 0 1 7.959543 
  -4134000.0 0.80 1 0 1 7.951691 
  -4134000.0 0.80 1 0 1 7.943827 
  -4134000.0 0.80 1 0 1 7.935950 
  -4134000.0 0.80 1 0 1 7.928059 
  -4134000.0 0.80 1 0 1 7.920156 
  -4134000.0 0.80 1 0 1 7.912241 
  -4134000.0 0.80 1 0 1 7.904314 
  -4134000.0 0.80 1 0 1 7.896375 
  -4134000.0 0.80 1 0 1 7.888424 
  -4134000.0 0.80 1 0 1 7.880463 
  -4134000.0 0.80 1 0 1 7.872490 
  -4134000.0 0.80 1 0 1 7.864507 
  -4134000.0 0.80 1 0 1 7.856513 
  -4134000.0 0.80 1 0 1 7.848508 
  -4134000.0 0.80 1 0 1 7.840492 
  -4134000.0 0.80 1 0 1 7.832465 
  -4134000.0 0.80 1 0 1 7.824427 
  -4134000.0 0.80 1 0 1 7.816378 
  -4134000.0 0.80 1 0 1 7.808318 
  -4134000.0 0.80 1 0 1 7.800247 
  -4134000.0 0.80 1 0 1 7.792166 
  -4134000.0 0.80 1 0 1 7.784072 
  -4134000.0 0.80 1 0 1 7.776176 
  -4134000.0 0.80 1 0 1 7.768747 
  -4134000.0 0.80 1 0 1 7.761305 
  -4134000.0 0.80 1 0 1 7.753849 
  -4134000.0 0.80 1 0 1 7.746379 
  -4134000.0 0.80 1 0 1 7.738896 
  -4134000.0 0.80 1 0 1 7.731399 
  -4134000.0 0.80 1 0 1 7.723890 
  -4134000.0 0.80 1 0 1 7.716368 
  -4134000.0 0.80 1 0 0 7.708833 
  -4050000.0 0.90 1 1 0 30.651311 
  -4051000.0 0.90 1 1 0 30.414154 
  -4052000.0 0.90 1 1 0 30.220842 
  -4053000.0 0.90 1 1 0 30.036842 
  -4054000.0 0.90 1 1 0 29.756555 
  -4055000.0 0.90 1 1 0 29.623459 
  -4056000.0 0.90 1 1 0 29.397797 
  -4057000.0 0.90 1 1 0 29.168423 
  -4058000.0 0.90 1 1 0 28.997902 
  -4059000.0 0.90 1 1 0 28.743850 
  -4060000.0 0.90 1 1 0 28.550112 
  -4061000.0 0.90 1 1 0 28.353518 
  -4062000.0 0.90 1 1 0 28.080761 
  -4063000.0 0.90 1 1 0 27.907477 
  -4064000.0 0.90 1 1 0 27.694454 
  -4065000.0 0.90 1 1 0 27.412894 
  -4066000.0 0.90 1 1 0 27.243664 
  -4067000.0 0.90 1 1 0 27.021953 
  -4068000.0 0.90 1 1 0 26.741075 
  -4069000.0 0.90 1 1 0 26.557719 
  -4070000.0 0.90 1 1 0 26.335041 
  -4071000.0 0.90 1 1 0 26.061492 
  -4072000.0 0.90 1 1 0 25.845414 
  -4073000.0 0.90 1 1 0 25.628597 
  -4074000.0 0.90 1 1 0 25.366814 
  -4075000.0 0.90 1 1 0 25.105561 
  -4076000.0 0.90 1 1 0 24.894723 
  -4077000.0 0.90 1 1 0 24.645736 
  -4078000.0 0.90 1 1 0 24.363011 
  -4079000.0 0.90 1 1 0 24.136362 
  -4080000.0 0.90 1 1 0 23.897798 
  -4081000.0 0.90 1 1 0 23.630172 
  -4082000.0 0.90 1 1 0 23.349223 
  -4083000.0 0.90 1 1 0 23.121592 
  -4084000.0 0.90 1 1 0 22.868763 
  -4085000.0 0.90 1 1 0 22.593530 
  -4086000.0 0.90 1 1 0 22.308893 
  -4087000.0 0.90 1 1 0 22.069441 
  -4088000.0 0.90 1 1 0 21.809468 
  -4089000.0 0.90 1 1 0 21.533122 
  -4090000.0 0.90 1 1 0 21.243581 
  -4091000.0 0.90 1 1 0 20.975804 
  -4092000.0 0.90 1 1 0 20.713869 
  -4093000.0 0.90 1 1 0 20.438324 
  -4094000.0 0.90 1 1 0 20.152421 
  -4095000.0 0.90 1 1 0 19.857628 
  -4096000.0 0.90 1 1 0 19.567403 
  -4097000.0 0.90 1 1 0 19.292848 
  -4098000.0 0.90 1 1 0 19.009207 
  -4099000.0 0.90 1 1 0 18.717785 
  -4100000.0 0.90 1 1 0 18.419871 
  -4101000.0 0.90 1 1 0 18.116228 
  -4102000.0 0.90 1 1 0 17.808106 
  -4103000.0 0.90 1 1 0 17.502074 
  -4104000.0 0.90 1 1 0 17.204346 
  -4105000.0 0.90 1 1 0 16.900954 
  -4106000.0 0.90 1 1 0 16.592500 
  -4107000.0 0.90 1 1 0 16.279765 
  -4108000.0 0.90 1 1 0 15.963227 
  -4109000.0 0.90 1 1 0 15.643224 
  -4110000.0 0.90 1 1 0 15.319966 
  -4111000.0 0.90 1 1 0 14.993591 
  -4112000.0 0.90 1 0 1 14.664488 
  -4113000.0 0.90 1 0 1 14.332890 
  -4114000.0 0.90 1 0 1 13.999088 
  -4115000.0 0.90 1 0 1 13.667784 
  -4116000.0 0.90 1 0 1 13.351318 
  -4117000.0 0.90 1 0 1 13.040544 
  -4118000.0 0.90 1 0 1 12.734444 
  -4119000.0 0.90 1 0 1 12.433136 
  -4120000.0 0.90 1 0 1 12.136758 
  -4121000.0 0.90 1 0 1 11.845323 
  -4122000.0 0.90 1 0 1 11.558591 
  -4123000.0 0.90 1 0 1 11.275891 
  -4124000.0 0.90 1 0 1 10.997717 
  -4125000.0 0.90 1 0 1 10.719040 
  -4126000.0 0.90 1 0 1 10.440378 
  -4127000.0 0.90 1 0 1 10.159589 
  -4128000.0 0.90 1 0 1 9.872864 
  -4129000.0 0.90 1 0 1 9.575911 
  -4130000.0 0.90 1 0 1 9.263499 
  -4131000.0 0.90 1 0 1 8.939968 
  -4132000.0 0.90 1 0 1 8.615382 
  -4133000.0 0.90 1 0 1 8.297749 
  -4134000.0 0.90 1 0 1 7.987060 
  -4135000.0 0.90 1 0 0 7.683120 
  -4135000.0 0.90 1 0 1 7.979824 
  -4135000.0 0.90 1 0 1 7.972576 
  -4135000.0 0.90 1 0 1 7.965313 
  -4135000.0 0.90 1 0 1 7.958037 
  -4135000.0 0.90 1 0 1 7.950746 
  -4135000.0 0.90 1 0 1 7.943441 
  -4135000.0 0.90 1 0 1 7.936122 
  -4135000.0 0.90 1 0 1 7.928788 
  -4135000.0 0.90 1 0 1 7.921440 
  -4135000.0 0.90 1 0 1 7.914077 
  -4135000.0 0.90 1 0 1 7.906701 
  -4135000.0 0.90 1 0 1 7.899311 
  -4135000.0 0.90 1 0 1 7.891908 
  -4135000.0 0.90 1 0 1 7.884491 
  -4135000.0 0.90 1 0 1 7.877060 
  -4135000.0 0.90 1 0 1 7.869617 
  -4135000.0 0.90 1 0 1 7.862160 
  -4135000.0 0.90 1 0 1 7.854689 
  -4135000.0 0.90 1 0 1 7.847205 
  -4135000.0 0.90 1 0 1 7.839708 
  -4135000.0 0.90 1 0 1 7.832197 
  -4135000.0 0.90 1 0 1 7.824674 
  -4135000.0 0.90 1 0 1 7.817138 
  -4135000.0 0.90 1 0 1 7.809590 
  -4135000.0 0.90 1 0 1 7.802030 
  -4135000.0 0.90 1 0 1 7.794458 
  -4135000.0 0.90 1 0 1 7.786874 
  -4135000.0 0.90 1 0 1 7.779277 
  -4135000.0 0.90 1 0 1 7.771667 
  -4135000.0 0.90 1 0 1 7.764045 
  -4135000.0 0.90 1 0 1 7.756411 
  -4135000.0 0.90 1 0 1 7.748764 
  -4135000.0 0.90 1 0 1 7.741105 
  -4135000.0 0.90 1 0 1 7.733434 
  -4135000.0 0.90 1 0 1 7.725750 
  -4135000.0 0.90 1 0 0 7.718439 
  -4050000.0 1.00 1 1 0 31.136386 
  -4051000.0 1.00 1 1 0 30.923248 
  -4052000.0 1.00 1 1 0 30.745856 
  -4053000.0 1.00 1 1 0 30.451867 
  -4054000.0 1.00 1 1 0 30.313914 
  -4055000.0 1.00 1 1 0 30.082842 
  -4056000.0 1.00 1 1 0 29.834284 
  -4057000.0 1.00 1 1 0 29.668534 
  -4058000.0 1.00 1 1 0 29.402020 
  -4059000.0 1.00 1 1 0 29.199487 
  -4060000.0 1.00 1 1 0 28.997540 
  -4061000.0 1.00 1 1 0 28.712604 
  -4062000.0 1.00 1 1 0 28.532962 
  -4063000.0 1.00 1 1 0 28.310459 
  -4064000.0 1.00 1 1 0 28.017132 
  -4065000.0 1.00 1 1 0 27.840837 
  -4066000.0 1.00 1 1 0 27.609689 
  -4067000.0 1.00 1 1 0 27.315096 
  -4068000.0 1.00 1 1 0 27.130415 
  -4069000.0 1.00 1 1 0 26.893393 
  -4070000.0 1.00 1 1 0 26.603601 
  -4071000.0 1.00 1 1 0 26.403692 
  -4072000.0 1.00 1 1 0 26.164787 
  -4073000.0 1.00 1 1 0 25.881059 
  -4074000.0 1.00 1 1 0 25.659076 
  -4075000.0 1.00 1 1 0 25.422939 
  -4076000.0 1.00 1 1 0 25.148884 
  -4077000.0 1.00 1 1 0 24.892898 
  -4078000.0 1.00 1 1 0 24.663703 
  -4079000.0 1.00 1 1 0 24.400992 
  -4080000.0 1.00 1 1 0 24.108323 
  -4081000.0 1.00 1 1 0 23.880360 
  -4082000.0 1.00 1 1 0 23.629788 
  -4083000.0 1.00 1 1 0 23.353078 
  -4084000.0 1.00 1 1 0 23.065853 
  -4085000.0 1.00 1 1 0 22.826645 
  -4086000.0 1.00 1 1 0 22.565171 
  -4087000.0 1.00 1 1 0 22.284209 
  -4088000.0 1.00 1 1 0 21.985632 
  -4089000.0 1.00 1 1 0 21.735478 
  -4090000.0 1.00 1 1 0 21.469055 
  -4091000.0 1.00 1 1 0 21.187738 
  -4092000.0 1.00 1 1 0 20.893267 
  -4093000.0 1.00 1 1 0 20.600931 
  -4094000.0 1.00 1 1 0 20.332469 
  -4095000.0 1.00 1 1 0 20.052159 
  -4096000.0 1.00 1 1 0 19.761369 
  -4097000.0 1.00 1 1 0 19.461691 
  -4098000.0 1.00 1 1 0 19.155079 
  -4099000.0 1.00 1 1 0 18.861014 
  -4100000.0 1.00 1 1 0 18.571635 
  -4101000.0 1.00 1 1 0 18.274471 
  -4102000.0 1.00 1 1 0 17.970925 
  -4103000.0 1.00 1 1 0 17.662320 
  -4104000.0 1.00 1 1 0 17.349182 
  -4105000.0 1.00 1 1 0 17.032034 
  -4106000.0 1.00 1 1 0 16.711382 
  -4107000.0 1.00 1 1 0 16.394008 
  -4108000.0 1.00 1 1 0 16.079552 
  -4109000.0 1.00 1 1 0 15.760864 
  -4110000.0 1.00 1 1 0 15.438956 
  -4111000.0 1.00 1 1 0 15.117535 
  -4112000.0 1.00 1 0 1 14.798129 
  -4113000.0 1.00 1 0 1 14.481538 
  -4114000.0 1.00 1 0 1 14.168357 
  -4115000.0 1.00 1 0 1 13.872109 
  -4116000.0 1.00 1 0 1 13.578831 
  -4117000.0 1.00 1 0 1 13.288575 
  -4118000.0 1.00 1 0 1 13.001570 
  -4119000.0 1.00 1 0 1 12.717859 
  -4120000.0 1.00 1 0 1 12.437327 
  -4121000.0 1.00 1 0 1 12.159403 
  -4122000.0 1.00 1 0 1 11.883394 
  -4123000.0 1.00 1 0 1 11.608338 
  -4124000.0 1.00 1 0 1 11.332462 
  -4125000.0 1.00 1 0 1 11.053822 
  -4126000.0 1.00 1 0 1 10.769646 
  -4127000.0 1.00 1 0 1 10.476558 
  -4128000.0 1.00 1 0 1 10.170205 
  -4129000.0 1.00 1 0 1 9.847354 
  -4130000.0 1.00 1 0 1 9.523272 
  -4131000.0 1.00 1 0 1 9.202621 
  -4132000.0 1.00 1 0 1 8.887986 
  -4133000.0 1.00 1 0 1 8.579317 
  -4134000.0 1.00 1 0 1 8.276344 
  -4135000.0 1.00 1 0 1 7.978327 
  -4136000.0 1.00 1 0 0 7.684098 
  -4136000.0 1.00 1 0 1 7.971386 
  -4136000.0 1.00 1 0 1 7.964427 
  -4136000.0 1.00 1 0 1 7.957450 
  -4136000.0 1.00 1 0 1 7.950456 
  -4136000.0 1.00 1 0 1 7.943444 
  -4136000.0 1.00 1 0 1 7.936415 
  -4136000.0 1.00 1 0 1 7.929370 
  -4136000.0 1.00 1 0 1 7.922307 
  -4136000.0 1.00 1 0 1 7.915227 
  -4136000.0 1.00 1 0 1 7.908131 
  -4136000.0 1.00 1 0 1 7.901017 
  -4136000.0 1.00 1 0 1 7.893885 
  -4136000.0 1.00 1 0 1 7.886737 
  -4136000.0 1.00 1 0 1 7.879571 
  -4136000.0 1.00 1 0 1 7.872389 
  -4136000.0 1.00 1 0 1 7.865191 
  -4136000.0 1.00 1 0 1 7.857976 
  -4136000.0 1.00 1 0 1 7.850745 
  -4136000.0 1.00 1 0 1 7.843498 
  -4136000.0 1.00 1 0 1 7.836234 
  -4136000.0 1.00 1 0 1 7.828955 
  -4136000.0 1.00 1 0 1 7.821660 
  -4136000.0 1.00 1 0 1 7.814349 
  -4136000.0 1.00 1 0 1 7.807020 
  -4136000.0 1.00 1 0 1 7.799673 
  -4136000.0 1.00 1 0 1 7.792309 
  -4136000.0 1.00 1 0 1 7.784926 
  -4136000.0 1.00 1 0 1 7.777526 
  -4136000.0 1.00 1 0 1 7.770109 
  -4136000.0 1.00 1 0 1 7.762675 
  -4136000.0 1.00 1 0 0 7.755223 
  -4050000.0 1.10 1 1 0 31.494155 
  -4051000.0 1.10 1 1 0 31.347252 
  -4052000.0 1.10 1 1 0 31.071622 
  -4053000.0 1.10 1 1 0 30.879183 
  -4054000.0 1.10 1 1 0 30.672512 
  -4055000.0 1.10 1 1 0 30.366974 
  -4056000.0 1.10 1 1 0 30.221636 
  -4057000.0 1.10 1 1 0 29.971239 
  -4058000.0 1.10 1 1 0 29.722387 
  -4059000.0 1.10 1 1 0 29.534321 
  -4060000.0 1.10 1 1 0 29.252845 
  -4061000.0 1.10 1 1 0 29.046190 
  -4062000.0 1.10 1 1 0 28.826003 
  -4063000.0 1.10 1 1 0 28.525769 
  -4064000.0 1.10 1 1 0 28.345619 
  -4065000.0 1.10 1 1 0 28.104204 
  -4066000.0 1.10 1 1 0 27.810456 
  -4067000.0 1.10 1 1 0 27.625435 
  -4068000.0 1.10 1 1 0 27.374165 
  -4069000.0 1.10 1 1 0 27.086765 
  -4070000.0 1.10 1 1 0 26.889049 
  -4071000.0 1.10 1 1 0 26.635920 
  -4072000.0 1.10 1 1 0 26.340121 
  -4073000.0 1.10 1 1 0 26.137351 
  -4074000.0 1.10 1 1 0 25.887134 
  -4075000.0 1.10 1 1 0 25.591786 
  -4076000.0 1.10 1 1 0 25.367921 
  -4077000.0 1.10 1 1 0 25.123449 
  -4078000.0 1.10 1 1 0 24.840150 
  -4079000.0 1.10 1 1 0 24.576321 
  -4080000.0 1.10 1 1 0 24.339605 
  -4081000.0 1.10 1 1 0 24.070290 
  -4082000.0 1.10 1 1 0 23.772961 
  -4083000.0 1.10 1 1 0 23.529131 
  -4084000.0 1.10 1 1 0 23.273994 
  -4085000.0 1.10 1 1 0 22.992591 
  -4086000.0 1.10 1 1 0 22.691227 
  -4087000.0 1.10 1 1 0 22.441284 
  -4088000.0 1.10 1 1 0 22.176304 
  -4089000.0 1.10 1 1 0 21.891947 
  -4090000.0 1.10 1 1 0 21.592026 
  -4091000.0 1.10 1 1 0 21.312838 
  -4092000.0 1.10 1 1 0 21.043846 
  -4093000.0 1.10 1 1 0 20.759643 
  -4094000.0 1.10 1 1 0 20.463393 
  -4095000.0 1.10 1 1 0 20.157265 
  -4096000.0 1.10 1 1 0 19.866041 
  -4097000.0 1.10 1 1 0 19.582630 
  -4098000.0 1.10 1 1 0 19.289447 
  -4099000.0 1.10 1 1 0 18.988052 
  -4100000.0 1.10 1 1 0 18.679593 
  -4101000.0 1.10 1 1 0 18.364926 
  -4102000.0 1.10 1 1 0 18.053059 
  -4103000.0 1.10 1 1 0 17.752835 
  -4104000.0 1.10 1 1 0 17.446423 
  -4105000.0 1.10 1 1 0 17.134529 
  -4106000.0 1.10 1 1 0 16.817800 
  -4107000.0 1.10 1 1 0 16.497332 
  -4108000.0 1.10 1 1 0 16.176053 
  -4109000.0 1.10 1 1 0 15.866293 
  -4110000.0 1.10 1 1 0 15.567164 
  -4111000.0 1.10 1 1 0 15.268242 
  -4112000.0 1.10 1 1 0 14.970563 
  -4113000.0 1.10 1 0 1 14.674888 
  -4114000.0 1.10 1 0 1 14.387957 
  -4115000.0 1.10 1 0 1 14.110749 
  -4116000.0 1.10 1 0 1 13.834523 
  -4117000.0 1.10 1 0 1 13.559628 
  -4118000.0 1.10 1 0 1 13.286144 
  -4119000.0 1.10 1 0 1 13.013819 
  -4120000.0 1.10 1 0 1 12.741913 
  -4121000.0 1.10 1 0 1 12.469591 
  -4122000.0 1.10 1 0 1 12.195743 
  -4123000.0 1.10 1 0 1 11.918566 
  -4124000.0 1.10 1 0 1 11.635934 
  -4125000.0 1.10 1 0 1 11.344929 
  -4126000.0 1.10 1 0 1 11.042013 
  -4127000.0 1.10 1 0 1 10.724294 
  -4128000.0 1.10 1 0 1 10.404499 
  -4129000.0 1.10 1 0 1 10.082701 
  -4130000.0 1.10 1 0 1 9.766173 
  -4131000.0 1.10 1 0 1 9.454835 
  -4132000.0 1.10 1 0 1 9.148640 
  -4133000.0 1.10 1 0 1 8.847136 
  -4134000.0 1.10 1 0 1 8.549700 
  -4135000.0 1.10 1 0 1 8.255127 
  -4136000.0 1.10 1 0 1 7.961748 
  -4137000.0 1.10 1 0 0 7.667309 
  -4137000.0 1.10 1 0 1 7.954731 
  -4137000.0 1.10 1 0 1 7.947691 
  -4137000.0 1.10 1 0 1 7.940628 
  -4137000.0 1.10 1 0 1 7.933542 
  -4137000.0 1.10 1 0 1 7.926432 
  -4137000.0 1.10 1 0 1 7.919299 
  -4137000.0 1.10 1 0 1 7.912144 
  -4137000.0 1.10 1 0 1 7.904966 
  -4137000.0 1.10 1 0 1 7.897764 
  -4137000.0 1.10 1 0 1 7.890538 
  -4137000.0 1.10 1 0 1 7.883288 
  -4137000.0 1.10 1 0 1 7.876014 
  -4137000.0 1.10 1 0 1 7.868717 
  -4137000.0 1.10 1 0 1 7.861397 
  -4137000.0 1.10 1 0 1 7.854053 
  -4137000.0 1.10 1 0 1 7.846685 
  -4137000.0 1.10 1 0 1 7.839292 
  -4137000.0 1.10 1 0 1 7.831875 
  -4137000.0 1.10 1 0 1 7.824435 
  -4137000.0 1.10 1 0 1 7.816970 
  -4137000.0 1.10 1 0 1 7.809481 
  -4137000.0 1.10 1 0 0 7.801969 
