  -4100000.0 0.80 0.20 6000.0 1 1 0 44.038830 
  -4102000.0 0.80 0.20 6000.0 1 1 0 43.836555 
  -4104000.0 0.80 0.20 6000.0 1 1 0 43.742848 
  -4106000.0 0.80 0.20 6000.0 1 1 0 43.569504 
  -4108000.0 0.80 0.20 6000.0 1 1 0 43.317683 
  -4110000.0 0.80 0.20 6000.0 1 1 0 42.991021 
  -4112000.0 0.80 0.20 6000.0 1 1 0 42.862394 
  -4114000.0 0.80 0.20 6000.0 1 1 0 42.744207 
  -4116000.0 0.80 0.20 6000.0 1 1 0 42.559586 
  -4118000.0 0.80 0.20 6000.0 1 1 0 42.308524 
  -4120000.0 0.80 0.20 6000.0 1 1 0 41.996199 
  -4122000.0 0.80 0.20 6000.0 1 1 0 41.826394 
  -4124000.0 0.80 0.20 6000.0 1 1 0 41.710283 
  -4126000.0 0.80 0.20 6000.0 1 1 0 41.540082 
  -4128000.0 0.80 0.20 6000.0 1 1 0 41.316287 
  -4130000.0 0.80 0.20 6000.0 1 1 0 41.041458 
  -4132000.0 0.80 0.20 6000.0 1 1 0 40.729087 
  -4134000.0 0.80 0.20 6000.0 1 1 0 40.616911 
  -4136000.0 0.80 0.20 6000.0 1 1 0 40.477556 
  -4138000.0 0.80 0.20 6000.0 1 1 0 40.296108 
  -4140000.0 0.80 0.20 6000.0 1 1 0 40.074623 
  -4142000.0 0.80 0.20 6000.0 1 1 0 39.820063 
  -4144000.0 0.80 0.20 6000.0 1 1 0 39.539836 
  -4146000.0 0.80 0.20 6000.0 1 1 0 39.301409 
  -4148000.0 0.80 0.20 6000.0 1 1 0 39.169021 
  -4150000.0 0.80 0.20 6000.0 1 1 0 39.004119 
  -4152000.0 0.80 0.20 6000.0 1 1 0 38.811213 
  -4154000.0 0.80 0.20 6000.0 1 1 0 38.595459 
  -4156000.0 0.80 0.20 6000.0 1 1 0 38.360739 
  -4158000.0 0.80 0.20 6000.0 1 1 0 38.110171 
  -4160000.0 0.80 0.20 6000.0 1 1 0 37.845532 
  -4162000.0 0.80 0.20 6000.0 1 1 0 37.569522 
  -4164000.0 0.80 0.20 6000.0 1 1 0 37.406691 
  -4166000.0 0.80 0.20 6000.0 1 1 0 37.232766 
  -4168000.0 0.80 0.20 6000.0 1 1 0 37.043237 
  -4170000.0 0.80 0.20 6000.0 1 1 0 36.840469 
  -4172000.0 0.80 0.20 6000.0 1 1 0 36.626643 
  -4174000.0 0.80 0.20 6000.0 1 1 0 36.404359 
  -4176000.0 0.80 0.20 6000.0 1 1 0 36.175109 
  -4178000.0 0.80 0.20 6000.0 1 1 0 35.940210 
  -4180000.0 0.80 0.20 6000.0 1 1 0 35.700928 
  -4182000.0 0.80 0.20 6000.0 1 1 0 35.458511 
  -4184000.0 0.80 0.20 6000.0 1 1 0 35.214245 
  -4186000.0 0.80 0.20 6000.0 1 1 0 34.968852 
  -4188000.0 0.80 0.20 6000.0 1 1 0 34.723107 
  -4190000.0 0.80 0.20 6000.0 1 1 0 34.477763 
  -4192000.0 0.80 0.20 6000.0 1 1 0 34.233248 
  -4194000.0 0.80 0.20 6000.0 1 1 0 33.989869 
  -4196000.0 0.80 0.20 6000.0 1 1 0 33.747847 
  -4198000.0 0.80 0.20 6000.0 1 1 0 33.507250 
  -4200000.0 0.80 0.20 6000.0 1 1 0 33.268091 
  -4202000.0 0.80 0.20 6000.0 1 1 0 33.030222 
  -4204000.0 0.80 0.20 6000.0 1 1 0 32.793357 
  -4206000.0 0.80 0.20 6000.0 1 1 0 32.557099 
  -4208000.0 0.80 0.20 6000.0 1 1 0 32.320903 
  -4210000.0 0.80 0.20 6000.0 1 1 0 32.084081 
  -4212000.0 0.80 0.20 6000.0 1 1 0 31.845832 
  -4214000.0 0.80 0.20 6000.0 1 1 0 31.605238 
  -4216000.0 0.80 0.20 6000.0 1 1 0 31.361204 
  -4218000.0 0.80 0.20 6000.0 1 1 0 31.112443 
  -4220000.0 0.80 0.20 6000.0 1 1 0 30.858898 
  -4222000.0 0.80 0.20 6000.0 1 1 0 30.603092 
  -4224000.0 0.80 0.20 6000.0 1 1 0 30.344282 
  -4226000.0 0.80 0.20 6000.0 1 1 0 30.081601 
  -4228000.0 0.80 0.20 6000.0 1 1 0 29.813941 
  -4230000.0 0.80 0.20 6000.0 1 1 0 29.540365 
  -4232000.0 0.80 0.20 6000.0 1 1 0 29.259922 
  -4234000.0 0.80 0.20 6000.0 1 1 0 28.971652 
  -4236000.0 0.80 0.20 6000.0 1 1 0 28.708207 
  -4238000.0 0.80 0.20 6000.0 1 1 0 28.468911 
  -4240000.0 0.80 0.20 6000.0 1 1 0 28.220958 
  -4242000.0 0.80 0.20 6000.0 1 1 0 27.963214 
  -4244000.0 0.80 0.20 6000.0 1 1 0 27.694014 
  -4246000.0 0.80 0.20 6000.0 1 1 0 27.410605 
  -4248000.0 0.80 0.20 6000.0 1 1 0 27.111162 
  -4250000.0 0.80 0.20 6000.0 1 1 0 26.836476 
  -4252000.0 0.80 0.20 6000.0 1 1 0 26.591452 
  -4254000.0 0.80 0.20 6000.0 1 1 0 26.328750 
  -4256000.0 0.80 0.20 6000.0 1 1 0 26.045795 
  -4258000.0 0.80 0.20 6000.0 1 1 0 25.738318 
  -4260000.0 0.80 0.20 6000.0 1 1 0 25.460247 
  -4262000.0 0.80 0.20 6000.0 1 1 0 25.205160 
  -4264000.0 0.80 0.20 6000.0 1 1 0 24.921178 
  -4266000.0 0.80 0.20 6000.0 1 1 0 24.605105 
  -4268000.0 0.80 0.20 6000.0 1 1 0 24.326638 
  -4270000.0 0.80 0.20 6000.0 1 1 0 24.057172 
  -4272000.0 0.80 0.20 6000.0 1 1 0 23.747012 
  -4274000.0 0.80 0.20 6000.0 1 1 0 23.434962 
  -4276000.0 0.80 0.20 6000.0 1 1 0 23.165668 
  -4278000.0 0.80 0.20 6000.0 1 1 0 22.846373 
  -4280000.0 0.80 0.20 6000.0 1 1 0 22.536824 
  -4282000.0 0.80 0.20 6000.0 1 1 0 22.245931 
  -4284000.0 0.80 0.20 6000.0 1 1 0 21.892827 
  -4286000.0 0.80 0.20 6000.0 1 1 0 21.613153 
  -4288000.0 0.80 0.20 6000.0 1 1 0 21.271822 
  -4290000.0 0.80 0.20 6000.0 1 1 0 20.958533 
  -4292000.0 0.80 0.20 6000.0 1 1 0 20.617557 
  -4294000.0 0.80 0.20 6000.0 1 1 0 20.287812 
  -4296000.0 0.80 0.20 6000.0 1 1 0 19.932008 
  -4298000.0 0.80 0.20 6000.0 1 1 0 19.596774 
  -4300000.0 0.80 0.20 6000.0 1 1 0 19.209910 
  -4302000.0 0.80 0.20 6000.0 1 1 0 18.874749 
  -4304000.0 0.80 0.20 6000.0 1 1 0 18.492693 
  -4306000.0 0.80 0.20 6000.0 1 1 0 18.120604 
  -4308000.0 0.80 0.20 6000.0 1 1 0 17.747188 
  -4310000.0 0.80 0.20 6000.0 1 1 0 17.344485 
  -4312000.0 0.80 0.20 6000.0 1 1 0 16.963787 
  -4314000.0 0.80 0.20 6000.0 1 1 0 16.572253 
  -4316000.0 0.80 0.20 6000.0 1 1 0 16.161640 
  -4318000.0 0.80 0.20 6000.0 1 1 0 15.742519 
  -4320000.0 0.80 0.20 6000.0 1 1 0 15.338182 
  -4322000.0 0.80 0.20 6000.0 1 1 0 14.920143 
  -4324000.0 0.80 0.20 6000.0 1 1 0 14.491324 
  -4326000.0 0.80 0.20 6000.0 1 1 0 14.053565 
  -4328000.0 0.80 0.20 6000.0 1 1 0 13.608560 
  -4330000.0 0.80 0.20 6000.0 1 1 0 13.156688 
  -4332000.0 0.80 0.20 6000.0 1 1 0 12.698468 
  -4334000.0 0.80 0.20 6000.0 1 1 0 12.233682 
  -4336000.0 0.80 0.20 6000.0 1 1 0 11.761781 
  -4338000.0 0.80 0.20 6000.0 1 1 0 11.282453 
  -4340000.0 0.80 0.20 6000.0 1 1 0 10.795304 
  -4342000.0 0.80 0.20 6000.0 1 1 0 10.313934 
  -4344000.0 0.80 0.20 6000.0 1 0 1 9.849848 
  -4346000.0 0.80 0.20 6000.0 1 0 1 9.403506 
  -4348000.0 0.80 0.20 6000.0 1 0 1 8.974194 
  -4350000.0 0.80 0.20 6000.0 1 0 1 8.558852 
  -4352000.0 0.80 0.20 6000.0 1 0 1 8.150851 
  -4354000.0 0.80 0.20 6000.0 1 0 1 7.738687 
  -4356000.0 0.80 0.20 6000.0 1 0 1 7.314468 
  -4358000.0 0.80 0.20 6000.0 1 0 1 6.858483 
  -4360000.0 0.80 0.20 6000.0 1 0 1 6.388695 
  -4362000.0 0.80 0.20 6000.0 1 0 1 5.935841 
  -4364000.0 0.80 0.20 6000.0 1 0 1 5.499478 
  -4366000.0 0.80 0.20 6000.0 1 0 0 5.078244 
  -4366000.0 0.80 0.20 6000.0 1 0 0 5.489461 
  -4366000.0 0.80 0.20 6000.0 1 0 0 5.479398 
  -4366000.0 0.80 0.20 6000.0 1 0 0 5.469289 
  -4366000.0 0.80 0.20 6000.0 1 0 0 5.459133 
  -4366000.0 0.80 0.20 6000.0 1 0 0 5.448931 
  -4366000.0 0.80 0.20 6000.0 1 0 0 5.438684 
  -4366000.0 0.80 0.20 6000.0 1 0 0 5.428392 
  -4366000.0 0.80 0.20 6000.0 1 0 0 5.418056 
  -4366000.0 0.80 0.20 6000.0 1 0 0 5.407673 
  -4366000.0 0.80 0.20 6000.0 1 0 0 5.397243 
  -4366000.0 0.80 0.20 6000.0 1 0 0 5.386766 
  -4366000.0 0.80 0.20 6000.0 1 0 0 5.376241 
  -4366000.0 0.80 0.20 6000.0 1 0 0 5.365669 
  -4366000.0 0.80 0.20 6000.0 1 0 0 5.355051 
  -4366000.0 0.80 0.20 6000.0 1 0 0 5.344388 
  -4366000.0 0.80 0.20 6000.0 1 0 0 5.333682 
  -4366000.0 0.80 0.20 6000.0 1 0 0 5.323126 
  -4366000.0 0.80 0.20 6000.0 1 0 0 5.313214 
  -4366000.0 0.80 0.20 6000.0 1 0 0 5.303253 
  -4366000.0 0.80 0.20 6000.0 1 0 0 5.293245 
  -4366000.0 0.80 0.20 6000.0 1 0 0 5.283188 
  -4366000.0 0.80 0.20 6000.0 1 0 0 5.273084 
  -4366000.0 0.80 0.20 6000.0 1 0 0 5.262934 
  -4366000.0 0.80 0.20 6000.0 1 0 0 5.252735 
  -4366000.0 0.80 0.20 6000.0 1 0 0 5.242489 
  -4366000.0 0.80 0.20 6000.0 1 0 0 5.232193 
  -4366000.0 0.80 0.20 6000.0 1 0 0 5.221847 
  -4366000.0 0.80 0.20 6000.0 1 0 0 5.211452 
  -4366000.0 0.80 0.20 6000.0 1 0 0 5.201006 
  -4366000.0 0.80 0.20 6000.0 1 0 0 5.190511 
  -4366000.0 0.80 0.20 6000.0 1 0 0 5.179968 
  -4366000.0 0.80 0.20 6000.0 1 0 0 5.169377 
  -4366000.0 0.80 0.20 6000.0 1 0 0 5.158739 
  -4366000.0 0.80 0.20 6000.0 1 0 0 5.148414 
  -4366000.0 0.80 0.20 6000.0 1 0 0 5.138545 
  -4366000.0 0.80 0.20 6000.0 1 0 0 5.128626 
  -4366000.0 0.80 0.20 6000.0 1 0 0 5.118654 
  -4366000.0 0.80 0.20 6000.0 1 0 0 5.108629 
  -4366000.0 0.80 0.20 6000.0 1 0 0 5.098553 
  -4366000.0 0.80 0.20 6000.0 1 0 0 5.088424 
  -4100000.0 0.85 0.20 6000.0 1 1 0 44.636516 
  -4102000.0 0.85 0.20 6000.0 1 1 0 44.547996 
  -4104000.0 0.85 0.20 6000.0 1 1 0 44.372364 
  -4106000.0 0.85 0.20 6000.0 1 1 0 44.117920 
  -4108000.0 0.85 0.20 6000.0 1 1 0 43.785428 
  -4110000.0 0.85 0.20 6000.0 1 1 0 43.671878 
  -4112000.0 0.85 0.20 6000.0 1 1 0 43.550566 
  -4114000.0 0.85 0.20 6000.0 1 1 0 43.360404 
  -4116000.0 0.85 0.20 6000.0 1 1 0 43.104912 
  -4118000.0 0.85 0.20 6000.0 1 1 0 42.784331 
  -4120000.0 0.85 0.20 6000.0 1 1 0 42.639992 
  -4122000.0 0.85 0.20 6000.0 1 1 0 42.519187 
  -4124000.0 0.85 0.20 6000.0 1 1 0 42.341282 
  -4126000.0 0.85 0.20 6000.0 1 1 0 42.110240 
  -4128000.0 0.85 0.20 6000.0 1 1 0 41.827081 
  -4130000.0 0.85 0.20 6000.0 1 1 0 41.530405 
  -4132000.0 0.85 0.20 6000.0 1 1 0 41.431679 
  -4134000.0 0.85 0.20 6000.0 1 1 0 41.286122 
  -4136000.0 0.85 0.20 6000.0 1 1 0 41.095881 
  -4138000.0 0.85 0.20 6000.0 1 1 0 40.864676 
  -4140000.0 0.85 0.20 6000.0 1 1 0 40.594998 
  -4142000.0 0.85 0.20 6000.0 1 1 0 40.293933 
  -4144000.0 0.85 0.20 6000.0 1 1 0 40.123350 
  -4146000.0 0.85 0.20 6000.0 1 1 0 39.984538 
  -4148000.0 0.85 0.20 6000.0 1 1 0 39.812127 
  -4150000.0 0.85 0.20 6000.0 1 1 0 39.608294 
  -4152000.0 0.85 0.20 6000.0 1 1 0 39.377663 
  -4154000.0 0.85 0.20 6000.0 1 1 0 39.125782 
  -4156000.0 0.85 0.20 6000.0 1 1 0 38.856591 
  -4158000.0 0.85 0.20 6000.0 1 1 0 38.573437 
  -4160000.0 0.85 0.20 6000.0 1 1 0 38.392184 
  -4162000.0 0.85 0.20 6000.0 1 1 0 38.228326 
  -4164000.0 0.85 0.20 6000.0 1 1 0 38.044746 
  -4166000.0 0.85 0.20 6000.0 1 1 0 37.844427 
  -4168000.0 0.85 0.20 6000.0 1 1 0 37.629877 
  -4170000.0 0.85 0.20 6000.0 1 1 0 37.403510 
  -4172000.0 0.85 0.20 6000.0 1 1 0 37.167426 
  -4174000.0 0.85 0.20 6000.0 1 1 0 36.924462 
  -4176000.0 0.85 0.20 6000.0 1 1 0 36.676146 
  -4178000.0 0.85 0.20 6000.0 1 1 0 36.423776 
  -4180000.0 0.85 0.20 6000.0 1 1 0 36.168602 
  -4182000.0 0.85 0.20 6000.0 1 1 0 35.911779 
  -4184000.0 0.85 0.20 6000.0 1 1 0 35.654636 
  -4186000.0 0.85 0.20 6000.0 1 1 0 35.411668 
  -4188000.0 0.85 0.20 6000.0 1 1 0 35.197370 
  -4190000.0 0.85 0.20 6000.0 1 1 0 34.976424 
  -4192000.0 0.85 0.20 6000.0 1 1 0 34.749499 
  -4194000.0 0.85 0.20 6000.0 1 1 0 34.517331 
  -4196000.0 0.85 0.20 6000.0 1 1 0 34.280657 
  -4198000.0 0.85 0.20 6000.0 1 1 0 34.039985 
  -4200000.0 0.85 0.20 6000.0 1 1 0 33.795800 
  -4202000.0 0.85 0.20 6000.0 1 1 0 33.548441 
  -4204000.0 0.85 0.20 6000.0 1 1 0 33.298120 
  -4206000.0 0.85 0.20 6000.0 1 1 0 33.044983 
  -4208000.0 0.85 0.20 6000.0 1 1 0 32.789072 
  -4210000.0 0.85 0.20 6000.0 1 1 0 32.530312 
  -4212000.0 0.85 0.20 6000.0 1 1 0 32.268563 
  -4214000.0 0.85 0.20 6000.0 1 1 0 32.008115 
  -4216000.0 0.85 0.20 6000.0 1 1 0 31.769558 
  -4218000.0 0.85 0.20 6000.0 1 1 0 31.527508 
  -4220000.0 0.85 0.20 6000.0 1 1 0 31.284441 
  -4222000.0 0.85 0.20 6000.0 1 1 0 31.040014 
  -4224000.0 0.85 0.20 6000.0 1 1 0 30.793358 
  -4226000.0 0.85 0.20 6000.0 1 1 0 30.543471 
  -4228000.0 0.85 0.20 6000.0 1 1 0 30.289229 
  -4230000.0 0.85 0.20 6000.0 1 1 0 30.029637 
  -4232000.0 0.85 0.20 6000.0 1 1 0 29.763671 
  -4234000.0 0.85 0.20 6000.0 1 1 0 29.490293 
  -4236000.0 0.85 0.20 6000.0 1 1 0 29.208450 
  -4238000.0 0.85 0.20 6000.0 1 1 0 28.916529 
  -4240000.0 0.85 0.20 6000.0 1 1 0 28.642443 
  -4242000.0 0.85 0.20 6000.0 1 1 0 28.405255 
  -4244000.0 0.85 0.20 6000.0 1 1 0 28.156626 
  -4246000.0 0.85 0.20 6000.0 1 1 0 27.893735 
  -4248000.0 0.85 0.20 6000.0 1 1 0 27.614465 
  -4250000.0 0.85 0.20 6000.0 1 1 0 27.316454 
  -4252000.0 0.85 0.20 6000.0 1 1 0 27.010368 
  -4254000.0 0.85 0.20 6000.0 1 1 0 26.772195 
  -4256000.0 0.85 0.20 6000.0 1 1 0 26.513122 
  -4258000.0 0.85 0.20 6000.0 1 1 0 26.228638 
  -4260000.0 0.85 0.20 6000.0 1 1 0 25.915105 
  -4262000.0 0.85 0.20 6000.0 1 1 0 25.632483 
  -4264000.0 0.85 0.20 6000.0 1 1 0 25.374308 
  -4266000.0 0.85 0.20 6000.0 1 1 0 25.083026 
  -4268000.0 0.85 0.20 6000.0 1 1 0 24.753868 
  -4270000.0 0.85 0.20 6000.0 1 1 0 24.487131 
  -4272000.0 0.85 0.20 6000.0 1 1 0 24.203232 
  -4274000.0 0.85 0.20 6000.0 1 1 0 23.873665 
  -4276000.0 0.85 0.20 6000.0 1 1 0 23.584565 
  -4278000.0 0.85 0.20 6000.0 1 1 0 23.291700 
  -4280000.0 0.85 0.20 6000.0 1 1 0 22.940942 
  -4282000.0 0.85 0.20 6000.0 1 1 0 22.663086 
  -4284000.0 0.85 0.20 6000.0 1 1 0 22.335275 
  -4286000.0 0.85 0.20 6000.0 1 1 0 22.008738 
  -4288000.0 0.85 0.20 6000.0 1 1 0 21.693250 
  -4290000.0 0.85 0.20 6000.0 1 1 0 21.338448 
  -4292000.0 0.85 0.20 6000.0 1 1 0 21.023151 
  -4294000.0 0.85 0.20 6000.0 1 1 0 20.656983 
  -4296000.0 0.85 0.20 6000.0 1 1 0 20.326013 
  -4298000.0 0.85 0.20 6000.0 1 1 0 19.959119 
  -4300000.0 0.85 0.20 6000.0 1 1 0 19.597355 
  -4302000.0 0.85 0.20 6000.0 1 1 0 19.234095 
  -4304000.0 0.85 0.20 6000.0 1 1 0 18.840859 
  -4306000.0 0.85 0.20 6000.0 1 1 0 18.482384 
  -4308000.0 0.85 0.20 6000.0 1 1 0 18.087264 
  -4310000.0 0.85 0.20 6000.0 1 1 0 17.696289 
  -4312000.0 0.85 0.20 6000.0 1 1 0 17.311465 
  -4314000.0 0.85 0.20 6000.0 1 1 0 16.903800 
  -4316000.0 0.85 0.20 6000.0 1 1 0 16.483684 
  -4318000.0 0.85 0.20 6000.0 1 1 0 16.084258 
  -4320000.0 0.85 0.20 6000.0 1 1 0 15.667945 
  -4322000.0 0.85 0.20 6000.0 1 1 0 15.239601 
  -4324000.0 0.85 0.20 6000.0 1 1 0 14.802037 
  -4326000.0 0.85 0.20 6000.0 1 1 0 14.356872 
  -4328000.0 0.85 0.20 6000.0 1 1 0 13.905629 
  -4330000.0 0.85 0.20 6000.0 1 1 0 13.451890 
  -4332000.0 0.85 0.20 6000.0 1 1 0 12.990124 
  -4334000.0 0.85 0.20 6000.0 1 1 0 12.519132 
  -4336000.0 0.85 0.20 6000.0 1 1 0 12.041693 
  -4338000.0 0.85 0.20 6000.0 1 1 0 11.559009 
  -4340000.0 0.85 0.20 6000.0 1 1 0 11.068780 
  -4342000.0 0.85 0.20 6000.0 1 1 0 10.586474 
  -4344000.0 0.85 0.20 6000.0 1 1 0 10.124239 
  -4346000.0 0.85 0.20 6000.0 1 0 1 9.679823 
  -4348000.0 0.85 0.20 6000.0 1 0 1 9.249769 
  -4350000.0 0.85 0.20 6000.0 1 0 1 8.829978 
  -4352000.0 0.85 0.20 6000.0 1 0 1 8.416387 
  -4354000.0 0.85 0.20 6000.0 1 0 1 8.000432 
  -4356000.0 0.85 0.20 6000.0 1 0 1 7.563832 
  -4358000.0 0.85 0.20 6000.0 1 0 1 7.096515 
  -4360000.0 0.85 0.20 6000.0 1 0 1 6.618998 
  -4362000.0 0.85 0.20 6000.0 1 0 1 6.159308 
  -4364000.0 0.85 0.20 6000.0 1 0 1 5.714844 
  -4366000.0 0.85 0.20 6000.0 1 0 0 5.282262 
  -4366000.0 0.85 0.20 6000.0 1 0 1 5.703889 
  -4366000.0 0.85 0.20 6000.0 1 0 1 5.692889 
  -4366000.0 0.85 0.20 6000.0 1 0 1 5.681841 
  -4366000.0 0.85 0.20 6000.0 1 0 1 5.671203 
  -4366000.0 0.85 0.20 6000.0 1 0 1 5.660994 
  -4366000.0 0.85 0.20 6000.0 1 0 1 5.650737 
  -4366000.0 0.85 0.20 6000.0 1 0 1 5.640433 
  -4366000.0 0.85 0.20 6000.0 1 0 1 5.630080 
  -4366000.0 0.85 0.20 6000.0 1 0 1 5.619675 
  -4366000.0 0.85 0.20 6000.0 1 0 1 5.609221 
  -4366000.0 0.85 0.20 6000.0 1 0 1 5.598715 
  -4366000.0 0.85 0.20 6000.0 1 0 1 5.588157 
  -4366000.0 0.85 0.20 6000.0 1 0 1 5.577550 
  -4366000.0 0.85 0.20 6000.0 1 0 1 5.566893 
  -4366000.0 0.85 0.20 6000.0 1 0 1 5.556188 
  -4366000.0 0.85 0.20 6000.0 1 0 1 5.545437 
  -4366000.0 0.85 0.20 6000.0 1 0 1 5.534639 
  -4366000.0 0.85 0.20 6000.0 1 0 1 5.523791 
  -4366000.0 0.85 0.20 6000.0 1 0 1 5.512894 
  -4366000.0 0.85 0.20 6000.0 1 0 1 5.501947 
  -4366000.0 0.85 0.20 6000.0 1 0 1 5.491380 
  -4366000.0 0.85 0.20 6000.0 1 0 1 5.481248 
  -4366000.0 0.85 0.20 6000.0 1 0 1 5.471065 
  -4366000.0 0.85 0.20 6000.0 1 0 1 5.460831 
  -4366000.0 0.85 0.20 6000.0 1 0 1 5.450545 
  -4366000.0 0.85 0.20 6000.0 1 0 1 5.440206 
  -4366000.0 0.85 0.20 6000.0 1 0 1 5.429814 
  -4366000.0 0.85 0.20 6000.0 1 0 1 5.419366 
  -4366000.0 0.85 0.20 6000.0 1 0 1 5.408865 
  -4366000.0 0.85 0.20 6000.0 1 0 1 5.398312 
  -4366000.0 0.85 0.20 6000.0 1 0 1 5.387707 
  -4366000.0 0.85 0.20 6000.0 1 0 1 5.377050 
  -4366000.0 0.85 0.20 6000.0 1 0 0 5.366343 
  -4100000.0 0.90 0.20 6000.0 1 1 0 45.333328 
  -4102000.0 0.90 0.20 6000.0 1 1 0 45.164400 
  -4104000.0 0.90 0.20 6000.0 1 1 0 44.907862 
  -4106000.0 0.90 0.20 6000.0 1 1 0 44.573890 
  -4108000.0 0.90 0.20 6000.0 1 1 0 44.443996 
  -4110000.0 0.90 0.20 6000.0 1 1 0 44.338762 
  -4112000.0 0.90 0.20 6000.0 1 1 0 44.146145 
  -4114000.0 0.90 0.20 6000.0 1 1 0 43.885033 
  -4116000.0 0.90 0.20 6000.0 1 1 0 43.560132 
  -4118000.0 0.90 0.20 6000.0 1 1 0 43.418953 
  -4120000.0 0.90 0.20 6000.0 1 1 0 43.304056 
  -4122000.0 0.90 0.20 6000.0 1 1 0 43.121688 
  -4124000.0 0.90 0.20 6000.0 1 1 0 42.882873 
  -4126000.0 0.90 0.20 6000.0 1 1 0 42.592161 
  -4128000.0 0.90 0.20 6000.0 1 1 0 42.309496 
  -4130000.0 0.90 0.20 6000.0 1 1 0 42.214930 
  -4132000.0 0.90 0.20 6000.0 1 1 0 42.064486 
  -4134000.0 0.90 0.20 6000.0 1 1 0 41.867920 
  -4136000.0 0.90 0.20 6000.0 1 1 0 41.627668 
  -4138000.0 0.90 0.20 6000.0 1 1 0 41.347757 
  -4140000.0 0.90 0.20 6000.0 1 1 0 41.031178 
  -4142000.0 0.90 0.20 6000.0 1 1 0 40.906253 
  -4144000.0 0.90 0.20 6000.0 1 1 0 40.762411 
  -4146000.0 0.90 0.20 6000.0 1 1 0 40.583001 
  -4148000.0 0.90 0.20 6000.0 1 1 0 40.371187 
  -4150000.0 0.90 0.20 6000.0 1 1 0 40.129278 
  -4152000.0 0.90 0.20 6000.0 1 1 0 39.861831 
  -4154000.0 0.90 0.20 6000.0 1 1 0 39.574853 
  -4156000.0 0.90 0.20 6000.0 1 1 0 39.321528 
  -4158000.0 0.90 0.20 6000.0 1 1 0 39.176122 
  -4160000.0 0.90 0.20 6000.0 1 1 0 39.005504 
  -4162000.0 0.90 0.20 6000.0 1 1 0 38.813201 
  -4164000.0 0.90 0.20 6000.0 1 1 0 38.602479 
  -4166000.0 0.90 0.20 6000.0 1 1 0 38.376397 
  -4168000.0 0.90 0.20 6000.0 1 1 0 38.137519 
  -4170000.0 0.90 0.20 6000.0 1 1 0 37.888334 
  -4172000.0 0.90 0.20 6000.0 1 1 0 37.630785 
  -4174000.0 0.90 0.20 6000.0 1 1 0 37.367919 
  -4176000.0 0.90 0.20 6000.0 1 1 0 37.101328 
  -4178000.0 0.90 0.20 6000.0 1 1 0 36.832286 
  -4180000.0 0.90 0.20 6000.0 1 1 0 36.611051 
  -4182000.0 0.90 0.20 6000.0 1 1 0 36.407486 
  -4184000.0 0.90 0.20 6000.0 1 1 0 36.195349 
  -4186000.0 0.90 0.20 6000.0 1 1 0 35.975707 
  -4188000.0 0.90 0.20 6000.0 1 1 0 35.749638 
  -4190000.0 0.90 0.20 6000.0 1 1 0 35.518319 
  -4192000.0 0.90 0.20 6000.0 1 1 0 35.282544 
  -4194000.0 0.90 0.20 6000.0 1 1 0 35.042992 
  -4196000.0 0.90 0.20 6000.0 1 1 0 34.800285 
  -4198000.0 0.90 0.20 6000.0 1 1 0 34.554896 
  -4200000.0 0.90 0.20 6000.0 1 1 0 34.307279 
  -4202000.0 0.90 0.20 6000.0 1 1 0 34.057736 
  -4204000.0 0.90 0.20 6000.0 1 1 0 33.806439 
  -4206000.0 0.90 0.20 6000.0 1 1 0 33.553484 
  -4208000.0 0.90 0.20 6000.0 1 1 0 33.298884 
  -4210000.0 0.90 0.20 6000.0 1 1 0 33.042519 
  -4212000.0 0.90 0.20 6000.0 1 1 0 32.784200 
  -4214000.0 0.90 0.20 6000.0 1 1 0 32.523686 
  -4216000.0 0.90 0.20 6000.0 1 1 0 32.260588 
  -4218000.0 0.90 0.20 6000.0 1 1 0 31.994426 
  -4220000.0 0.90 0.20 6000.0 1 1 0 31.724563 
  -4222000.0 0.90 0.20 6000.0 1 1 0 31.450085 
  -4224000.0 0.90 0.20 6000.0 1 1 0 31.181563 
  -4226000.0 0.90 0.20 6000.0 1 1 0 30.944842 
  -4228000.0 0.90 0.20 6000.0 1 1 0 30.704429 
  -4230000.0 0.90 0.20 6000.0 1 1 0 30.459264 
  -4232000.0 0.90 0.20 6000.0 1 1 0 30.208258 
  -4234000.0 0.90 0.20 6000.0 1 1 0 29.950301 
  -4236000.0 0.90 0.20 6000.0 1 1 0 29.684191 
  -4238000.0 0.90 0.20 6000.0 1 1 0 29.408053 
  -4240000.0 0.90 0.20 6000.0 1 1 0 29.120398 
  -4242000.0 0.90 0.20 6000.0 1 1 0 28.819706 
  -4244000.0 0.90 0.20 6000.0 1 1 0 28.563781 
  -4246000.0 0.90 0.20 6000.0 1 1 0 28.321813 
  -4248000.0 0.90 0.20 6000.0 1 1 0 28.063120 
  -4250000.0 0.90 0.20 6000.0 1 1 0 27.785424 
  -4252000.0 0.90 0.20 6000.0 1 1 0 27.486884 
  -4254000.0 0.90 0.20 6000.0 1 1 0 27.165478 
  -4256000.0 0.90 0.20 6000.0 1 1 0 26.928263 
  -4258000.0 0.90 0.20 6000.0 1 1 0 26.667214 
  -4260000.0 0.90 0.20 6000.0 1 1 0 26.376368 
  -4262000.0 0.90 0.20 6000.0 1 1 0 26.053156 
  -4264000.0 0.90 0.20 6000.0 1 1 0 25.777605 
  -4266000.0 0.90 0.20 6000.0 1 1 0 25.511550 
  -4268000.0 0.90 0.20 6000.0 1 1 0 25.206084 
  -4270000.0 0.90 0.20 6000.0 1 1 0 24.869141 
  -4272000.0 0.90 0.20 6000.0 1 1 0 24.611857 
  -4274000.0 0.90 0.20 6000.0 1 1 0 24.306970 
  -4276000.0 0.90 0.20 6000.0 1 1 0 23.957303 
  -4278000.0 0.90 0.20 6000.0 1 1 0 23.691134 
  -4280000.0 0.90 0.20 6000.0 1 1 0 23.364903 
  -4282000.0 0.90 0.20 6000.0 1 1 0 23.035690 
  -4284000.0 0.90 0.20 6000.0 1 1 0 22.733576 
  -4286000.0 0.90 0.20 6000.0 1 1 0 22.361123 
  -4288000.0 0.90 0.20 6000.0 1 1 0 22.071783 
  -4290000.0 0.90 0.20 6000.0 1 1 0 21.699451 
  -4292000.0 0.90 0.20 6000.0 1 1 0 21.387109 
  -4294000.0 0.90 0.20 6000.0 1 1 0 21.004452 
  -4296000.0 0.90 0.20 6000.0 1 1 0 20.679634 
  -4298000.0 0.90 0.20 6000.0 1 1 0 20.282028 
  -4300000.0 0.90 0.20 6000.0 1 1 0 19.946565 
  -4302000.0 0.90 0.20 6000.0 1 1 0 19.556005 
  -4304000.0 0.90 0.20 6000.0 1 1 0 19.189905 
  -4306000.0 0.90 0.20 6000.0 1 1 0 18.808215 
  -4308000.0 0.90 0.20 6000.0 1 1 0 18.400186 
  -4310000.0 0.90 0.20 6000.0 1 1 0 18.027889 
  -4312000.0 0.90 0.20 6000.0 1 1 0 17.625521 
  -4314000.0 0.90 0.20 6000.0 1 1 0 17.202552 
  -4316000.0 0.90 0.20 6000.0 1 1 0 16.807196 
  -4318000.0 0.90 0.20 6000.0 1 1 0 16.394849 
  -4320000.0 0.90 0.20 6000.0 1 1 0 15.967381 
  -4322000.0 0.90 0.20 6000.0 1 1 0 15.529567 
  -4324000.0 0.90 0.20 6000.0 1 1 0 15.086256 
  -4326000.0 0.90 0.20 6000.0 1 1 0 14.648342 
  -4328000.0 0.90 0.20 6000.0 1 1 0 14.199784 
  -4330000.0 0.90 0.20 6000.0 1 1 0 13.741472 
  -4332000.0 0.90 0.20 6000.0 1 1 0 13.274311 
  -4334000.0 0.90 0.20 6000.0 1 1 0 12.798576 
  -4336000.0 0.90 0.20 6000.0 1 1 0 12.314013 
  -4338000.0 0.90 0.20 6000.0 1 1 0 11.820982 
  -4340000.0 0.90 0.20 6000.0 1 1 0 11.329801 
  -4342000.0 0.90 0.20 6000.0 1 1 0 10.852898 
  -4344000.0 0.90 0.20 6000.0 1 1 0 10.391700 
  -4346000.0 0.90 0.20 6000.0 1 1 0 9.946252 
  -4348000.0 0.90 0.20 6000.0 1 1 0 9.514926 
  -4350000.0 0.90 0.20 6000.0 1 0 1 9.093303 
  -4352000.0 0.90 0.20 6000.0 1 0 1 8.672900 
  -4354000.0 0.90 0.20 6000.0 1 0 1 8.248994 
  -4356000.0 0.90 0.20 6000.0 1 0 1 7.803093 
  -4358000.0 0.90 0.20 6000.0 1 0 1 7.327305 
  -4360000.0 0.90 0.20 6000.0 1 0 1 6.839616 
  -4362000.0 0.90 0.20 6000.0 1 0 1 6.373650 
  -4364000.0 0.90 0.20 6000.0 1 0 1 5.922609 
  -4366000.0 0.90 0.20 6000.0 1 0 1 5.479161 
  -4368000.0 0.90 0.20 6000.0 1 0 0 5.036524 
  -4368000.0 0.90 0.20 6000.0 1 0 1 5.468835 
  -4368000.0 0.90 0.20 6000.0 1 0 1 5.458450 
  -4368000.0 0.90 0.20 6000.0 1 0 1 5.448006 
  -4368000.0 0.90 0.20 6000.0 1 0 1 5.437502 
  -4368000.0 0.90 0.20 6000.0 1 0 1 5.426937 
  -4368000.0 0.90 0.20 6000.0 1 0 1 5.416313 
  -4368000.0 0.90 0.20 6000.0 1 0 1 5.405627 
  -4368000.0 0.90 0.20 6000.0 1 0 1 5.394876 
  -4368000.0 0.90 0.20 6000.0 1 0 1 5.384062 
  -4368000.0 0.90 0.20 6000.0 1 0 1 5.373185 
  -4368000.0 0.90 0.20 6000.0 1 0 1 5.362244 
  -4368000.0 0.90 0.20 6000.0 1 0 1 5.351238 
  -4368000.0 0.90 0.20 6000.0 1 0 1 5.340168 
  -4368000.0 0.90 0.20 6000.0 1 0 1 5.329034 
  -4368000.0 0.90 0.20 6000.0 1 0 1 5.317837 
  -4368000.0 0.90 0.20 6000.0 1 0 1 5.307173 
  -4368000.0 0.90 0.20 6000.0 1 0 1 5.296789 
  -4368000.0 0.90 0.20 6000.0 1 0 1 5.286341 
  -4368000.0 0.90 0.20 6000.0 1 0 1 5.275829 
  -4368000.0 0.90 0.20 6000.0 1 0 0 5.265249 
  -4100000.0 0.95 0.20 6000.0 1 1 0 45.941722 
  -4102000.0 0.95 0.20 6000.0 1 1 0 45.693315 
  -4104000.0 0.95 0.20 6000.0 1 1 0 45.357346 
  -4106000.0 0.95 0.20 6000.0 1 1 0 45.165137 
  -4108000.0 0.95 0.20 6000.0 1 1 0 45.094610 
  -4110000.0 0.95 0.20 6000.0 1 1 0 44.919471 
  -4112000.0 0.95 0.20 6000.0 1 1 0 44.656530 
  -4114000.0 0.95 0.20 6000.0 1 1 0 44.325894 
  -4116000.0 0.95 0.20 6000.0 1 1 0 44.148960 
  -4118000.0 0.95 0.20 6000.0 1 1 0 44.059808 
  -4120000.0 0.95 0.20 6000.0 1 1 0 43.884075 
  -4122000.0 0.95 0.20 6000.0 1 1 0 43.640991 
  -4124000.0 0.95 0.20 6000.0 1 1 0 43.342489 
  -4126000.0 0.95 0.20 6000.0 1 1 0 43.038451 
  -4128000.0 0.95 0.20 6000.0 1 1 0 42.963469 
  -4130000.0 0.95 0.20 6000.0 1 1 0 42.817499 
  -4132000.0 0.95 0.20 6000.0 1 1 0 42.615939 
  -4134000.0 0.95 0.20 6000.0 1 1 0 42.369202 
  -4136000.0 0.95 0.20 6000.0 1 1 0 42.080081 
  -4138000.0 0.95 0.20 6000.0 1 1 0 41.752736 
  -4140000.0 0.95 0.20 6000.0 1 1 0 41.653021 
  -4142000.0 0.95 0.20 6000.0 1 1 0 41.507321 
  -4144000.0 0.95 0.20 6000.0 1 1 0 41.322607 
  -4146000.0 0.95 0.20 6000.0 1 1 0 41.103247 
  -4148000.0 0.95 0.20 6000.0 1 1 0 40.852849 
  -4150000.0 0.95 0.20 6000.0 1 1 0 40.573865 
  -4152000.0 0.95 0.20 6000.0 1 1 0 40.270704 
  -4154000.0 0.95 0.20 6000.0 1 1 0 40.067830 
  -4156000.0 0.95 0.20 6000.0 1 1 0 39.918629 
  -4158000.0 0.95 0.20 6000.0 1 1 0 39.743100 
  -4160000.0 0.95 0.20 6000.0 1 1 0 39.543426 
  -4162000.0 0.95 0.20 6000.0 1 1 0 39.323270 
  -4164000.0 0.95 0.20 6000.0 1 1 0 39.086078 
  -4166000.0 0.95 0.20 6000.0 1 1 0 38.834967 
  -4168000.0 0.95 0.20 6000.0 1 1 0 38.572545 
  -4170000.0 0.95 0.20 6000.0 1 1 0 38.301360 
  -4172000.0 0.95 0.20 6000.0 1 1 0 38.023249 
  -4174000.0 0.95 0.20 6000.0 1 1 0 37.747859 
  -4176000.0 0.95 0.20 6000.0 1 1 0 37.559574 
  -4178000.0 0.95 0.20 6000.0 1 1 0 37.359668 
  -4180000.0 0.95 0.20 6000.0 1 1 0 37.149605 
  -4182000.0 0.95 0.20 6000.0 1 1 0 36.930685 
  -4184000.0 0.95 0.20 6000.0 1 1 0 36.704596 
  -4186000.0 0.95 0.20 6000.0 1 1 0 36.472462 
  -4188000.0 0.95 0.20 6000.0 1 1 0 36.235335 
  -4190000.0 0.95 0.20 6000.0 1 1 0 35.994387 
  -4192000.0 0.95 0.20 6000.0 1 1 0 35.750392 
  -4194000.0 0.95 0.20 6000.0 1 1 0 35.504000 
  -4196000.0 0.95 0.20 6000.0 1 1 0 35.255801 
  -4198000.0 0.95 0.20 6000.0 1 1 0 35.006236 
  -4200000.0 0.95 0.20 6000.0 1 1 0 34.755720 
  -4202000.0 0.95 0.20 6000.0 1 1 0 34.504523 
  -4204000.0 0.95 0.20 6000.0 1 1 0 34.252774 
  -4206000.0 0.95 0.20 6000.0 1 1 0 34.000526 
  -4208000.0 0.95 0.20 6000.0 1 1 0 33.747751 
  -4210000.0 0.95 0.20 6000.0 1 1 0 33.494292 
  -4212000.0 0.95 0.20 6000.0 1 1 0 33.239915 
  -4214000.0 0.95 0.20 6000.0 1 1 0 32.984320 
  -4216000.0 0.95 0.20 6000.0 1 1 0 32.727069 
  -4218000.0 0.95 0.20 6000.0 1 1 0 32.467626 
  -4220000.0 0.95 0.20 6000.0 1 1 0 32.205147 
  -4222000.0 0.95 0.20 6000.0 1 1 0 31.938766 
  -4224000.0 0.95 0.20 6000.0 1 1 0 31.667582 
  -4226000.0 0.95 0.20 6000.0 1 1 0 31.390347 
  -4228000.0 0.95 0.20 6000.0 1 1 0 31.105919 
  -4230000.0 0.95 0.20 6000.0 1 1 0 30.834236 
  -4232000.0 0.95 0.20 6000.0 1 1 0 30.598521 
  -4234000.0 0.95 0.20 6000.0 1 1 0 30.356354 
  -4236000.0 0.95 0.20 6000.0 1 1 0 30.106301 
  -4238000.0 0.95 0.20 6000.0 1 1 0 29.846381 
  -4240000.0 0.95 0.20 6000.0 1 1 0 29.575120 
  -4242000.0 0.95 0.20 6000.0 1 1 0 29.290838 
  -4244000.0 0.95 0.20 6000.0 1 1 0 28.990699 
  -4246000.0 0.95 0.20 6000.0 1 1 0 28.699229 
  -4248000.0 0.95 0.20 6000.0 1 1 0 28.461375 
  -4250000.0 0.95 0.20 6000.0 1 1 0 28.204364 
  -4252000.0 0.95 0.20 6000.0 1 1 0 27.926211 
  -4254000.0 0.95 0.20 6000.0 1 1 0 27.624570 
  -4256000.0 0.95 0.20 6000.0 1 1 0 27.295369 
  -4258000.0 0.95 0.20 6000.0 1 1 0 27.057994 
  -4260000.0 0.95 0.20 6000.0 1 1 0 26.790212 
  -4262000.0 0.95 0.20 6000.0 1 1 0 26.488889 
  -4264000.0 0.95 0.20 6000.0 1 1 0 26.148306 
  -4266000.0 0.95 0.20 6000.0 1 1 0 25.894394 
  -4268000.0 0.95 0.20 6000.0 1 1 0 25.612903 
  -4270000.0 0.95 0.20 6000.0 1 1 0 25.283015 
  -4272000.0 0.95 0.20 6000.0 1 1 0 24.976435 
  -4274000.0 0.95 0.20 6000.0 1 1 0 24.696503 
  -4276000.0 0.95 0.20 6000.0 1 1 0 24.358840 
  -4278000.0 0.95 0.20 6000.0 1 1 0 24.048089 
  -4280000.0 0.95 0.20 6000.0 1 1 0 23.746676 
  -4282000.0 0.95 0.20 6000.0 1 1 0 23.372888 
  -4284000.0 0.95 0.20 6000.0 1 1 0 23.090900 
  -4286000.0 0.95 0.20 6000.0 1 1 0 22.737510 
  -4288000.0 0.95 0.20 6000.0 1 1 0 22.410543 
  -4290000.0 0.95 0.20 6000.0 1 1 0 22.061563 
  -4292000.0 0.95 0.20 6000.0 1 1 0 21.712468 
  -4294000.0 0.95 0.20 6000.0 1 1 0 21.354069 
  -4296000.0 0.95 0.20 6000.0 1 1 0 20.995816 
  -4298000.0 0.95 0.20 6000.0 1 1 0 20.621739 
  -4300000.0 0.95 0.20 6000.0 1 1 0 20.260357 
  -4302000.0 0.95 0.20 6000.0 1 1 0 19.863667 
  -4304000.0 0.95 0.20 6000.0 1 1 0 19.504863 
  -4306000.0 0.95 0.20 6000.0 1 1 0 19.100764 
  -4308000.0 0.95 0.20 6000.0 1 1 0 18.718891 
  -4310000.0 0.95 0.20 6000.0 1 1 0 18.327538 
  -4312000.0 0.95 0.20 6000.0 1 1 0 17.908403 
  -4314000.0 0.95 0.20 6000.0 1 1 0 17.508104 
  -4316000.0 0.95 0.20 6000.0 1 1 0 17.100979 
  -4318000.0 0.95 0.20 6000.0 1 1 0 16.676457 
  -4320000.0 0.95 0.20 6000.0 1 1 0 16.238617 
  -4322000.0 0.95 0.20 6000.0 1 1 0 15.804775 
  -4324000.0 0.95 0.20 6000.0 1 1 0 15.370970 
  -4326000.0 0.95 0.20 6000.0 1 1 0 14.925466 
  -4328000.0 0.95 0.20 6000.0 1 1 0 14.470526 
  -4330000.0 0.95 0.20 6000.0 1 1 0 14.006876 
  -4332000.0 0.95 0.20 6000.0 1 1 0 13.535159 
  -4334000.0 0.95 0.20 6000.0 1 1 0 13.055554 
  -4336000.0 0.95 0.20 6000.0 1 1 0 12.567585 
  -4338000.0 0.95 0.20 6000.0 1 1 0 12.071608 
  -4340000.0 0.95 0.20 6000.0 1 1 0 11.580077 
  -4342000.0 0.95 0.20 6000.0 1 1 0 11.103110 
  -4344000.0 0.95 0.20 6000.0 1 1 0 10.641904 
  -4346000.0 0.95 0.20 6000.0 1 1 0 10.196428 
  -4348000.0 0.95 0.20 6000.0 1 1 0 9.764821 
  -4350000.0 0.95 0.20 6000.0 1 1 0 9.342341 
  -4352000.0 0.95 0.20 6000.0 1 0 1 8.920095 
  -4354000.0 0.95 0.20 6000.0 1 0 1 8.484868 
  -4356000.0 0.95 0.20 6000.0 1 0 1 8.034804 
  -4358000.0 0.95 0.20 6000.0 1 0 1 7.547191 
  -4360000.0 0.95 0.20 6000.0 1 0 1 7.054998 
  -4362000.0 0.95 0.20 6000.0 1 0 1 6.579160 
  -4364000.0 0.95 0.20 6000.0 1 0 1 6.122567 
  -4366000.0 0.95 0.20 6000.0 1 0 1 5.671918 
  -4368000.0 0.95 0.20 6000.0 1 0 1 5.218726 
  -4370000.0 0.95 0.20 6000.0 1 0 0 4.740194 
  -4370000.0 0.95 0.20 6000.0 1 0 1 5.207404 
  -4370000.0 0.95 0.20 6000.0 1 0 1 5.195998 
  -4370000.0 0.95 0.20 6000.0 1 0 1 5.184507 
  -4370000.0 0.95 0.20 6000.0 1 0 0 5.172931 
  -4100000.0 1.00 0.20 6000.0 1 1 0 46.468401 
  -4102000.0 1.00 0.20 6000.0 1 1 0 46.141857 
  -4104000.0 1.00 0.20 6000.0 1 1 0 45.835930 
  -4106000.0 1.00 0.20 6000.0 1 1 0 45.803945 
  -4108000.0 1.00 0.20 6000.0 1 1 0 45.664804 
  -4110000.0 1.00 0.20 6000.0 1 1 0 45.420635 
  -4112000.0 1.00 0.20 6000.0 1 1 0 45.088703 
  -4114000.0 1.00 0.20 6000.0 1 1 0 44.830044 
  -4116000.0 1.00 0.20 6000.0 1 1 0 44.771312 
  -4118000.0 1.00 0.20 6000.0 1 1 0 44.622209 
  -4120000.0 1.00 0.20 6000.0 1 1 0 44.386443 
  -4122000.0 1.00 0.20 6000.0 1 1 0 44.083793 
  -4124000.0 1.00 0.20 6000.0 1 1 0 43.727101 
  -4126000.0 1.00 0.20 6000.0 1 1 0 43.666826 
  -4128000.0 1.00 0.20 6000.0 1 1 0 43.540908 
  -4130000.0 1.00 0.20 6000.0 1 1 0 43.344124 
  -4132000.0 1.00 0.20 6000.0 1 1 0 43.092309 
  -4134000.0 1.00 0.20 6000.0 1 1 0 42.796472 
  -4136000.0 1.00 0.20 6000.0 1 1 0 42.459839 
  -4138000.0 1.00 0.20 6000.0 1 1 0 42.359961 
  -4140000.0 1.00 0.20 6000.0 1 1 0 42.221571 
  -4142000.0 1.00 0.20 6000.0 1 1 0 42.034739 
  -4144000.0 1.00 0.20 6000.0 1 1 0 41.809852 
  -4146000.0 1.00 0.20 6000.0 1 1 0 41.551376 
  -4148000.0 1.00 0.20 6000.0 1 1 0 41.263375 
  -4150000.0 1.00 0.20 6000.0 1 1 0 40.948429 
  -4152000.0 1.00 0.20 6000.0 1 1 0 40.774465 
  -4154000.0 1.00 0.20 6000.0 1 1 0 40.624700 
  -4156000.0 1.00 0.20 6000.0 1 1 0 40.444781 
  -4158000.0 1.00 0.20 6000.0 1 1 0 40.239666 
  -4160000.0 1.00 0.20 6000.0 1 1 0 40.011585 
  -4162000.0 1.00 0.20 6000.0 1 1 0 39.764280 
  -4164000.0 1.00 0.20 6000.0 1 1 0 39.501385 
  -4166000.0 1.00 0.20 6000.0 1 1 0 39.226063 
  -4168000.0 1.00 0.20 6000.0 1 1 0 38.940949 
  -4170000.0 1.00 0.20 6000.0 1 1 0 38.654590 
  -4172000.0 1.00 0.20 6000.0 1 1 0 38.472529 
  -4174000.0 1.00 0.20 6000.0 1 1 0 38.276627 
  -4176000.0 1.00 0.20 6000.0 1 1 0 38.069105 
  -4178000.0 1.00 0.20 6000.0 1 1 0 37.851434 
  -4180000.0 1.00 0.20 6000.0 1 1 0 37.625082 
  -4182000.0 1.00 0.20 6000.0 1 1 0 37.391331 
  -4184000.0 1.00 0.20 6000.0 1 1 0 37.151801 
  -4186000.0 1.00 0.20 6000.0 1 1 0 36.907703 
  -4188000.0 1.00 0.20 6000.0 1 1 0 36.660052 
  -4190000.0 1.00 0.20 6000.0 1 1 0 36.410008 
  -4192000.0 1.00 0.20 6000.0 1 1 0 36.158324 
  -4194000.0 1.00 0.20 6000.0 1 1 0 35.905617 
  -4196000.0 1.00 0.20 6000.0 1 1 0 35.652444 
  -4198000.0 1.00 0.20 6000.0 1 1 0 35.399208 
  -4200000.0 1.00 0.20 6000.0 1 1 0 35.146288 
  -4202000.0 1.00 0.20 6000.0 1 1 0 34.893917 
  -4204000.0 1.00 0.20 6000.0 1 1 0 34.642186 
  -4206000.0 1.00 0.20 6000.0 1 1 0 34.391105 
  -4208000.0 1.00 0.20 6000.0 1 1 0 34.140605 
  -4210000.0 1.00 0.20 6000.0 1 1 0 33.890491 
  -4212000.0 1.00 0.20 6000.0 1 1 0 33.640484 
  -4214000.0 1.00 0.20 6000.0 1 1 0 33.390232 
  -4216000.0 1.00 0.20 6000.0 1 1 0 33.139256 
  -4218000.0 1.00 0.20 6000.0 1 1 0 32.886889 
  -4220000.0 1.00 0.20 6000.0 1 1 0 32.632201 
  -4222000.0 1.00 0.20 6000.0 1 1 0 32.374344 
  -4224000.0 1.00 0.20 6000.0 1 1 0 32.112289 
  -4226000.0 1.00 0.20 6000.0 1 1 0 31.844727 
  -4228000.0 1.00 0.20 6000.0 1 1 0 31.570476 
  -4230000.0 1.00 0.20 6000.0 1 1 0 31.288266 
  -4232000.0 1.00 0.20 6000.0 1 1 0 30.996752 
  -4234000.0 1.00 0.20 6000.0 1 1 0 30.712851 
  -4236000.0 1.00 0.20 6000.0 1 1 0 30.479024 
  -4238000.0 1.00 0.20 6000.0 1 1 0 30.235609 
  -4240000.0 1.00 0.20 6000.0 1 1 0 29.981080 
  -4242000.0 1.00 0.20 6000.0 1 1 0 29.713572 
  -4244000.0 1.00 0.20 6000.0 1 1 0 29.429980 
  -4246000.0 1.00 0.20 6000.0 1 1 0 29.126816 
  -4248000.0 1.00 0.20 6000.0 1 1 0 28.813230 
  -4250000.0 1.00 0.20 6000.0 1 1 0 28.577106 
  -4252000.0 1.00 0.20 6000.0 1 1 0 28.319635 
  -4254000.0 1.00 0.20 6000.0 1 1 0 28.038033 
  -4256000.0 1.00 0.20 6000.0 1 1 0 27.727339 
  -4258000.0 1.00 0.20 6000.0 1 1 0 27.404704 
  -4260000.0 1.00 0.20 6000.0 1 1 0 27.160179 
  -4262000.0 1.00 0.20 6000.0 1 1 0 26.880924 
  -4264000.0 1.00 0.20 6000.0 1 1 0 26.561073 
  -4266000.0 1.00 0.20 6000.0 1 1 0 26.235057 
  -4268000.0 1.00 0.20 6000.0 1 1 0 25.977624 
  -4270000.0 1.00 0.20 6000.0 1 1 0 25.670120 
  -4272000.0 1.00 0.20 6000.0 1 1 0 25.306559 
  -4274000.0 1.00 0.20 6000.0 1 1 0 25.045449 
  -4276000.0 1.00 0.20 6000.0 1 1 0 24.730758 
  -4278000.0 1.00 0.20 6000.0 1 1 0 24.365783 
  -4280000.0 1.00 0.20 6000.0 1 1 0 24.089252 
  -4282000.0 1.00 0.20 6000.0 1 1 0 23.737623 
  -4284000.0 1.00 0.20 6000.0 1 1 0 23.410251 
  -4286000.0 1.00 0.20 6000.0 1 1 0 23.080020 
  -4288000.0 1.00 0.20 6000.0 1 1 0 22.712484 
  -4290000.0 1.00 0.20 6000.0 1 1 0 22.386935 
  -4292000.0 1.00 0.20 6000.0 1 1 0 22.002096 
  -4294000.0 1.00 0.20 6000.0 1 1 0 21.668911 
  -4296000.0 1.00 0.20 6000.0 1 1 0 21.277863 
  -4298000.0 1.00 0.20 6000.0 1 1 0 20.931083 
  -4300000.0 1.00 0.20 6000.0 1 1 0 20.541380 
  -4302000.0 1.00 0.20 6000.0 1 1 0 20.171397 
  -4304000.0 1.00 0.20 6000.0 1 1 0 19.788226 
  -4306000.0 1.00 0.20 6000.0 1 1 0 19.382792 
  -4308000.0 1.00 0.20 6000.0 1 1 0 19.007255 
  -4310000.0 1.00 0.20 6000.0 1 1 0 18.597557 
  -4312000.0 1.00 0.20 6000.0 1 1 0 18.185653 
  -4314000.0 1.00 0.20 6000.0 1 1 0 17.787648 
  -4316000.0 1.00 0.20 6000.0 1 1 0 17.367098 
  -4318000.0 1.00 0.20 6000.0 1 1 0 16.931139 
  -4320000.0 1.00 0.20 6000.0 1 1 0 16.502500 
  -4322000.0 1.00 0.20 6000.0 1 1 0 16.072865 
  -4324000.0 1.00 0.20 6000.0 1 1 0 15.630831 
  -4326000.0 1.00 0.20 6000.0 1 1 0 15.178464 
  -4328000.0 1.00 0.20 6000.0 1 1 0 14.717889 
  -4330000.0 1.00 0.20 6000.0 1 1 0 14.249656 
  -4332000.0 1.00 0.20 6000.0 1 1 0 13.774153 
  -4334000.0 1.00 0.20 6000.0 1 1 0 13.291466 
  -4336000.0 1.00 0.20 6000.0 1 1 0 12.800921 
  -4338000.0 1.00 0.20 6000.0 1 1 0 12.303140 
  -4340000.0 1.00 0.20 6000.0 1 1 0 11.812185 
  -4342000.0 1.00 0.20 6000.0 1 1 0 11.336076 
  -4344000.0 1.00 0.20 6000.0 1 1 0 10.877480 
  -4346000.0 1.00 0.20 6000.0 1 1 0 10.436050 
  -4348000.0 1.00 0.20 6000.0 1 1 0 10.004524 
  -4350000.0 1.00 0.20 6000.0 1 1 0 9.577721 
  -4352000.0 1.00 0.20 6000.0 1 1 0 9.154502 
  -4354000.0 1.00 0.20 6000.0 1 0 1 8.714947 
  -4356000.0 1.00 0.20 6000.0 1 0 1 8.255191 
  -4358000.0 1.00 0.20 6000.0 1 0 1 7.756573 
  -4360000.0 1.00 0.20 6000.0 1 0 1 7.260951 
  -4362000.0 1.00 0.20 6000.0 1 0 1 6.780790 
  -4364000.0 1.00 0.20 6000.0 1 0 1 6.314920 
  -4366000.0 1.00 0.20 6000.0 1 0 1 5.858457 
  -4368000.0 1.00 0.20 6000.0 1 0 1 5.395037 
  -4370000.0 1.00 0.20 6000.0 1 0 0 4.905016 
  -4370000.0 1.00 0.20 6000.0 1 0 1 5.383648 
  -4370000.0 1.00 0.20 6000.0 1 0 1 5.372169 
  -4370000.0 1.00 0.20 6000.0 1 0 1 5.360601 
  -4370000.0 1.00 0.20 6000.0 1 0 1 5.348942 
  -4370000.0 1.00 0.20 6000.0 1 0 1 5.337193 
  -4370000.0 1.00 0.20 6000.0 1 0 1 5.325353 
  -4370000.0 1.00 0.20 6000.0 1 0 1 5.313421 
  -4370000.0 1.00 0.20 6000.0 1 0 1 5.301396 
  -4370000.0 1.00 0.20 6000.0 1 0 1 5.289276 
  -4370000.0 1.00 0.20 6000.0 1 0 1 5.277678 
  -4370000.0 1.00 0.20 6000.0 1 0 1 5.266422 
  -4370000.0 1.00 0.20 6000.0 1 0 1 5.255071 
  -4370000.0 1.00 0.20 6000.0 1 0 1 5.243624 
  -4370000.0 1.00 0.20 6000.0 1 0 1 5.232078 
  -4370000.0 1.00 0.20 6000.0 1 0 1 5.220434 
  -4370000.0 1.00 0.20 6000.0 1 0 1 5.208692 
  -4370000.0 1.00 0.20 6000.0 1 0 1 5.196851 
  -4370000.0 1.00 0.20 6000.0 1 0 1 5.184911 
  -4370000.0 1.00 0.20 6000.0 1 0 1 5.172871 
  -4370000.0 1.00 0.20 6000.0 1 0 1 5.160731 
  -4370000.0 1.00 0.20 6000.0 1 0 1 5.148491 
  -4370000.0 1.00 0.20 6000.0 1 0 1 5.136149 
  -4370000.0 1.00 0.20 6000.0 1 0 1 5.123702 
  -4370000.0 1.00 0.20 6000.0 1 0 1 5.112038 
  -4370000.0 1.00 0.20 6000.0 1 0 1 5.100448 
  -4370000.0 1.00 0.20 6000.0 1 0 0 5.088751 
  -4100000.0 1.05 0.20 6000.0 1 1 0 46.919693 
  -4102000.0 1.05 0.20 6000.0 1 1 0 46.516692 
  -4104000.0 1.05 0.20 6000.0 1 1 0 46.466937 
  -4106000.0 1.05 0.20 6000.0 1 1 0 46.367567 
  -4108000.0 1.05 0.20 6000.0 1 1 0 46.160502 
  -4110000.0 1.05 0.20 6000.0 1 1 0 45.848500 
  -4112000.0 1.05 0.20 6000.0 1 1 0 45.462557 
  -4114000.0 1.05 0.20 6000.0 1 1 0 45.438156 
  -4116000.0 1.05 0.20 6000.0 1 1 0 45.320283 
  -4118000.0 1.05 0.20 6000.0 1 1 0 45.111910 
  -4120000.0 1.05 0.20 6000.0 1 1 0 44.817188 
  -4122000.0 1.05 0.20 6000.0 1 1 0 44.456368 
  -4124000.0 1.05 0.20 6000.0 1 1 0 44.324965 
  -4126000.0 1.05 0.20 6000.0 1 1 0 44.223599 
  -4128000.0 1.05 0.20 6000.0 1 1 0 44.047262 
  -4130000.0 1.05 0.20 6000.0 1 1 0 43.800490 
  -4132000.0 1.05 0.20 6000.0 1 1 0 43.499496 
  -4134000.0 1.05 0.20 6000.0 1 1 0 43.155817 
  -4136000.0 1.05 0.20 6000.0 1 1 0 43.022753 
  -4138000.0 1.05 0.20 6000.0 1 1 0 42.900692 
  -4140000.0 1.05 0.20 6000.0 1 1 0 42.721186 
  -4142000.0 1.05 0.20 6000.0 1 1 0 42.493919 
  -4144000.0 1.05 0.20 6000.0 1 1 0 42.229710 
  -4146000.0 1.05 0.20 6000.0 1 1 0 41.933119 
  -4148000.0 1.05 0.20 6000.0 1 1 0 41.608625 
  -4150000.0 1.05 0.20 6000.0 1 1 0 41.444382 
  -4152000.0 1.05 0.20 6000.0 1 1 0 41.295990 
  -4154000.0 1.05 0.20 6000.0 1 1 0 41.115145 
  -4156000.0 1.05 0.20 6000.0 1 1 0 40.905076 
  -4158000.0 1.05 0.20 6000.0 1 1 0 40.671026 
  -4160000.0 1.05 0.20 6000.0 1 1 0 40.415294 
  -4162000.0 1.05 0.20 6000.0 1 1 0 40.141630 
  -4164000.0 1.05 0.20 6000.0 1 1 0 39.853877 
  -4166000.0 1.05 0.20 6000.0 1 1 0 39.555223 
  -4168000.0 1.05 0.20 6000.0 1 1 0 39.353285 
  -4170000.0 1.05 0.20 6000.0 1 1 0 39.165422 
  -4172000.0 1.05 0.20 6000.0 1 1 0 38.961893 
  -4174000.0 1.05 0.20 6000.0 1 1 0 38.745769 
  -4176000.0 1.05 0.20 6000.0 1 1 0 38.519463 
  -4178000.0 1.05 0.20 6000.0 1 1 0 38.284513 
  -4180000.0 1.05 0.20 6000.0 1 1 0 38.042383 
  -4182000.0 1.05 0.20 6000.0 1 1 0 37.794343 
  -4184000.0 1.05 0.20 6000.0 1 1 0 37.541917 
  -4186000.0 1.05 0.20 6000.0 1 1 0 37.286391 
  -4188000.0 1.05 0.20 6000.0 1 1 0 37.028751 
  -4190000.0 1.05 0.20 6000.0 1 1 0 36.770140 
  -4192000.0 1.05 0.20 6000.0 1 1 0 36.511286 
  -4194000.0 1.05 0.20 6000.0 1 1 0 36.252768 
  -4196000.0 1.05 0.20 6000.0 1 1 0 35.995110 
  -4198000.0 1.05 0.20 6000.0 1 1 0 35.738676 
  -4200000.0 1.05 0.20 6000.0 1 1 0 35.483805 
  -4202000.0 1.05 0.20 6000.0 1 1 0 35.230697 
  -4204000.0 1.05 0.20 6000.0 1 1 0 34.979402 
  -4206000.0 1.05 0.20 6000.0 1 1 0 34.729892 
  -4208000.0 1.05 0.20 6000.0 1 1 0 34.482056 
  -4210000.0 1.05 0.20 6000.0 1 1 0 34.235659 
  -4212000.0 1.05 0.20 6000.0 1 1 0 33.990380 
  -4214000.0 1.05 0.20 6000.0 1 1 0 33.745825 
  -4216000.0 1.05 0.20 6000.0 1 1 0 33.501459 
  -4218000.0 1.05 0.20 6000.0 1 1 0 33.256428 
  -4220000.0 1.05 0.20 6000.0 1 1 0 33.009858 
  -4222000.0 1.05 0.20 6000.0 1 1 0 32.760858 
  -4224000.0 1.05 0.20 6000.0 1 1 0 32.508242 
  -4226000.0 1.05 0.20 6000.0 1 1 0 32.250704 
  -4228000.0 1.05 0.20 6000.0 1 1 0 31.987000 
  -4230000.0 1.05 0.20 6000.0 1 1 0 31.715782 
  -4232000.0 1.05 0.20 6000.0 1 1 0 31.435625 
  -4234000.0 1.05 0.20 6000.0 1 1 0 31.144981 
  -4236000.0 1.05 0.20 6000.0 1 1 0 30.841621 
  -4238000.0 1.05 0.20 6000.0 1 1 0 30.579579 
  -4240000.0 1.05 0.20 6000.0 1 1 0 30.341988 
  -4242000.0 1.05 0.20 6000.0 1 1 0 30.091480 
  -4244000.0 1.05 0.20 6000.0 1 1 0 29.824726 
  -4246000.0 1.05 0.20 6000.0 1 1 0 29.537964 
  -4248000.0 1.05 0.20 6000.0 1 1 0 29.227843 
  -4250000.0 1.05 0.20 6000.0 1 1 0 28.907244 
  -4252000.0 1.05 0.20 6000.0 1 1 0 28.670600 
  -4254000.0 1.05 0.20 6000.0 1 1 0 28.409139 
  -4256000.0 1.05 0.20 6000.0 1 1 0 28.117744 
  -4258000.0 1.05 0.20 6000.0 1 1 0 27.790726 
  -4260000.0 1.05 0.20 6000.0 1 1 0 27.489552 
  -4262000.0 1.05 0.20 6000.0 1 1 0 27.232410 
  -4264000.0 1.05 0.20 6000.0 1 1 0 26.933521 
  -4266000.0 1.05 0.20 6000.0 1 1 0 26.588645 
  -4268000.0 1.05 0.20 6000.0 1 1 0 26.303354 
  -4270000.0 1.05 0.20 6000.0 1 1 0 26.018324 
  -4272000.0 1.05 0.20 6000.0 1 1 0 25.675599 
  -4274000.0 1.05 0.20 6000.0 1 1 0 25.356811 
  -4276000.0 1.05 0.20 6000.0 1 1 0 25.065136 
  -4278000.0 1.05 0.20 6000.0 1 1 0 24.702355 
  -4280000.0 1.05 0.20 6000.0 1 1 0 24.395468 
  -4282000.0 1.05 0.20 6000.0 1 1 0 24.066109 
  -4284000.0 1.05 0.20 6000.0 1 1 0 23.694454 
  -4286000.0 1.05 0.20 6000.0 1 1 0 23.387339 
  -4288000.0 1.05 0.20 6000.0 1 1 0 22.990437 
  -4290000.0 1.05 0.20 6000.0 1 1 0 22.678540 
  -4292000.0 1.05 0.20 6000.0 1 1 0 22.289857 
  -4294000.0 1.05 0.20 6000.0 1 1 0 21.951537 
  -4296000.0 1.05 0.20 6000.0 1 1 0 21.560153 
  -4298000.0 1.05 0.20 6000.0 1 1 0 21.209330 
  -4300000.0 1.05 0.20 6000.0 1 1 0 20.802685 
  -4302000.0 1.05 0.20 6000.0 1 1 0 20.449152 
  -4304000.0 1.05 0.20 6000.0 1 1 0 20.042344 
  -4306000.0 1.05 0.20 6000.0 1 1 0 19.663111 
  -4308000.0 1.05 0.20 6000.0 1 1 0 19.267453 
  -4310000.0 1.05 0.20 6000.0 1 1 0 18.840131 
  -4312000.0 1.05 0.20 6000.0 1 1 0 18.453646 
  -4314000.0 1.05 0.20 6000.0 1 1 0 18.040812 
  -4316000.0 1.05 0.20 6000.0 1 1 0 17.607516 
  -4318000.0 1.05 0.20 6000.0 1 1 0 17.180108 
  -4320000.0 1.05 0.20 6000.0 1 1 0 16.755851 
  -4322000.0 1.05 0.20 6000.0 1 1 0 16.317107 
  -4324000.0 1.05 0.20 6000.0 1 1 0 15.867508 
  -4326000.0 1.05 0.20 6000.0 1 1 0 15.408956 
  -4328000.0 1.05 0.20 6000.0 1 1 0 14.943432 
  -4330000.0 1.05 0.20 6000.0 1 1 0 14.471293 
  -4332000.0 1.05 0.20 6000.0 1 1 0 13.992714 
  -4334000.0 1.05 0.20 6000.0 1 1 0 13.507655 
  -4336000.0 1.05 0.20 6000.0 1 1 0 13.015285 
  -4338000.0 1.05 0.20 6000.0 1 1 0 12.516768 
  -4340000.0 1.05 0.20 6000.0 1 1 0 12.031696 
  -4342000.0 1.05 0.20 6000.0 1 1 0 11.564658 
  -4344000.0 1.05 0.20 6000.0 1 1 0 11.110934 
  -4346000.0 1.05 0.20 6000.0 1 1 0 10.669883 
  -4348000.0 1.05 0.20 6000.0 1 1 0 10.238419 
  -4350000.0 1.05 0.20 6000.0 1 1 0 9.810027 
  -4352000.0 1.05 0.20 6000.0 1 1 0 9.376665 
  -4354000.0 1.05 0.20 6000.0 1 1 0 8.935233 
  -4356000.0 1.05 0.20 6000.0 1 0 1 8.464690 
  -4358000.0 1.05 0.20 6000.0 1 0 1 7.955904 
  -4360000.0 1.05 0.20 6000.0 1 0 1 7.457803 
  -4362000.0 1.05 0.20 6000.0 1 0 1 6.974287 
  -4364000.0 1.05 0.20 6000.0 1 0 1 6.502087 
  -4366000.0 1.05 0.20 6000.0 1 0 1 6.038511 
  -4368000.0 1.05 0.20 6000.0 1 0 1 5.565585 
  -4370000.0 1.05 0.20 6000.0 1 0 1 5.064818 
  -4372000.0 1.05 0.20 6000.0 1 0 0 4.559635 
  -4372000.0 1.05 0.20 6000.0 1 0 1 5.052448 
  -4372000.0 1.05 0.20 6000.0 1 0 1 5.040045 
  -4372000.0 1.05 0.20 6000.0 1 0 1 5.027611 
  -4372000.0 1.05 0.20 6000.0 1 0 1 5.015146 
  -4372000.0 1.05 0.20 6000.0 1 0 0 5.002648 
  -4100000.0 1.10 0.20 6000.0 1 1 0 47.301527 
  -4102000.0 1.10 0.20 6000.0 1 1 0 47.081865 
  -4104000.0 1.10 0.20 6000.0 1 1 0 47.027531 
  -4106000.0 1.10 0.20 6000.0 1 1 0 46.861285 
  -4108000.0 1.10 0.20 6000.0 1 1 0 46.587288 
  -4110000.0 1.10 0.20 6000.0 1 1 0 46.208913 
  -4112000.0 1.10 0.20 6000.0 1 1 0 46.059880 
  -4114000.0 1.10 0.20 6000.0 1 1 0 45.977501 
  -4116000.0 1.10 0.20 6000.0 1 1 0 45.801037 
  -4118000.0 1.10 0.20 6000.0 1 1 0 45.534330 
  -4120000.0 1.10 0.20 6000.0 1 1 0 45.181957 
  -4122000.0 1.10 0.20 6000.0 1 1 0 44.936147 
  -4124000.0 1.10 0.20 6000.0 1 1 0 44.865116 
  -4126000.0 1.10 0.20 6000.0 1 1 0 44.713695 
  -4128000.0 1.10 0.20 6000.0 1 1 0 44.487676 
  -4130000.0 1.10 0.20 6000.0 1 1 0 44.191940 
  -4132000.0 1.10 0.20 6000.0 1 1 0 43.843018 
  -4134000.0 1.10 0.20 6000.0 1 1 0 43.640301 
  -4136000.0 1.10 0.20 6000.0 1 1 0 43.539800 
  -4138000.0 1.10 0.20 6000.0 1 1 0 43.376752 
  -4140000.0 1.10 0.20 6000.0 1 1 0 43.156803 
  -4142000.0 1.10 0.20 6000.0 1 1 0 42.889954 
  -4144000.0 1.10 0.20 6000.0 1 1 0 42.587409 
  -4146000.0 1.10 0.20 6000.0 1 1 0 42.253827 
  -4148000.0 1.10 0.20 6000.0 1 1 0 42.088187 
  -4150000.0 1.10 0.20 6000.0 1 1 0 41.939754 
  -4152000.0 1.10 0.20 6000.0 1 1 0 41.756164 
  -4154000.0 1.10 0.20 6000.0 1 1 0 41.543856 
  -4156000.0 1.10 0.20 6000.0 1 1 0 41.304312 
  -4158000.0 1.10 0.20 6000.0 1 1 0 41.042075 
  -4160000.0 1.10 0.20 6000.0 1 1 0 40.759533 
  -4162000.0 1.10 0.20 6000.0 1 1 0 40.460373 
  -4164000.0 1.10 0.20 6000.0 1 1 0 40.200259 
  -4166000.0 1.10 0.20 6000.0 1 1 0 40.024584 
  -4168000.0 1.10 0.20 6000.0 1 1 0 39.830328 
  -4170000.0 1.10 0.20 6000.0 1 1 0 39.620086 
  -4172000.0 1.10 0.20 6000.0 1 1 0 39.395549 
  -4174000.0 1.10 0.20 6000.0 1 1 0 39.159763 
  -4176000.0 1.10 0.20 6000.0 1 1 0 38.915172 
  -4178000.0 1.10 0.20 6000.0 1 1 0 38.663467 
  -4180000.0 1.10 0.20 6000.0 1 1 0 38.406100 
  -4182000.0 1.10 0.20 6000.0 1 1 0 38.144319 
  -4184000.0 1.10 0.20 6000.0 1 1 0 37.879569 
  -4186000.0 1.10 0.20 6000.0 1 1 0 37.613156 
  -4188000.0 1.10 0.20 6000.0 1 1 0 37.346060 
  -4190000.0 1.10 0.20 6000.0 1 1 0 37.079401 
  -4192000.0 1.10 0.20 6000.0 1 1 0 36.838368 
  -4194000.0 1.10 0.20 6000.0 1 1 0 36.609379 
  -4196000.0 1.10 0.20 6000.0 1 1 0 36.375329 
  -4198000.0 1.10 0.20 6000.0 1 1 0 36.136784 
  -4200000.0 1.10 0.20 6000.0 1 1 0 35.894277 
  -4202000.0 1.10 0.20 6000.0 1 1 0 35.648184 
  -4204000.0 1.10 0.20 6000.0 1 1 0 35.398706 
  -4206000.0 1.10 0.20 6000.0 1 1 0 35.145947 
  -4208000.0 1.10 0.20 6000.0 1 1 0 34.889918 
  -4210000.0 1.10 0.20 6000.0 1 1 0 34.630469 
  -4212000.0 1.10 0.20 6000.0 1 1 0 34.367343 
  -4214000.0 1.10 0.20 6000.0 1 1 0 34.100184 
  -4216000.0 1.10 0.20 6000.0 1 1 0 33.828381 
  -4218000.0 1.10 0.20 6000.0 1 1 0 33.580187 
  -4220000.0 1.10 0.20 6000.0 1 1 0 33.341986 
  -4222000.0 1.10 0.20 6000.0 1 1 0 33.102075 
  -4224000.0 1.10 0.20 6000.0 1 1 0 32.859138 
  -4226000.0 1.10 0.20 6000.0 1 1 0 32.611884 
  -4228000.0 1.10 0.20 6000.0 1 1 0 32.359002 
  -4230000.0 1.10 0.20 6000.0 1 1 0 32.099071 
  -4232000.0 1.10 0.20 6000.0 1 1 0 31.830591 
  -4234000.0 1.10 0.20 6000.0 1 1 0 31.551799 
  -4236000.0 1.10 0.20 6000.0 1 1 0 31.260314 
  -4238000.0 1.10 0.20 6000.0 1 1 0 30.954123 
  -4240000.0 1.10 0.20 6000.0 1 1 0 30.661318 
  -4242000.0 1.10 0.20 6000.0 1 1 0 30.427913 
  -4244000.0 1.10 0.20 6000.0 1 1 0 30.178160 
  -4246000.0 1.10 0.20 6000.0 1 1 0 29.907936 
  -4248000.0 1.10 0.20 6000.0 1 1 0 29.614006 
  -4250000.0 1.10 0.20 6000.0 1 1 0 29.293507 
  -4252000.0 1.10 0.20 6000.0 1 1 0 28.982330 
  -4254000.0 1.10 0.20 6000.0 1 1 0 28.740963 
  -4256000.0 1.10 0.20 6000.0 1 1 0 28.468993 
  -4258000.0 1.10 0.20 6000.0 1 1 0 28.160428 
  -4260000.0 1.10 0.20 6000.0 1 1 0 27.810325 
  -4262000.0 1.10 0.20 6000.0 1 1 0 27.546303 
  -4264000.0 1.10 0.20 6000.0 1 1 0 27.268458 
  -4266000.0 1.10 0.20 6000.0 1 1 0 26.943337 
  -4268000.0 1.10 0.20 6000.0 1 1 0 26.592995 
  -4270000.0 1.10 0.20 6000.0 1 1 0 26.330385 
  -4272000.0 1.10 0.20 6000.0 1 1 0 26.008624 
  -4274000.0 1.10 0.20 6000.0 1 1 0 25.633395 
  -4276000.0 1.10 0.20 6000.0 1 1 0 25.364627 
  -4278000.0 1.10 0.20 6000.0 1 1 0 25.022829 
  -4280000.0 1.10 0.20 6000.0 1 1 0 24.667986 
  -4282000.0 1.10 0.20 6000.0 1 1 0 24.360851 
  -4284000.0 1.10 0.20 6000.0 1 1 0 23.970261 
  -4286000.0 1.10 0.20 6000.0 1 1 0 23.661950 
  -4288000.0 1.10 0.20 6000.0 1 1 0 23.289625 
  -4290000.0 1.10 0.20 6000.0 1 1 0 22.939261 
  -4292000.0 1.10 0.20 6000.0 1 1 0 22.576461 
  -4294000.0 1.10 0.20 6000.0 1 1 0 22.204343 
  -4296000.0 1.10 0.20 6000.0 1 1 0 21.839050 
  -4298000.0 1.10 0.20 6000.0 1 1 0 21.458771 
  -4300000.0 1.10 0.20 6000.0 1 1 0 21.077976 
  -4302000.0 1.10 0.20 6000.0 1 1 0 20.699100 
  -4304000.0 1.10 0.20 6000.0 1 1 0 20.288897 
  -4306000.0 1.10 0.20 6000.0 1 1 0 19.916592 
  -4308000.0 1.10 0.20 6000.0 1 1 0 19.501533 
  -4310000.0 1.10 0.20 6000.0 1 1 0 19.097987 
  -4312000.0 1.10 0.20 6000.0 1 1 0 18.696494 
  -4314000.0 1.10 0.20 6000.0 1 1 0 18.269467 
  -4316000.0 1.10 0.20 6000.0 1 1 0 17.836580 
  -4318000.0 1.10 0.20 6000.0 1 1 0 17.420665 
  -4320000.0 1.10 0.20 6000.0 1 1 0 16.986355 
  -4322000.0 1.10 0.20 6000.0 1 1 0 16.539122 
  -4324000.0 1.10 0.20 6000.0 1 1 0 16.082581 
  -4326000.0 1.10 0.20 6000.0 1 1 0 15.618472 
  -4328000.0 1.10 0.20 6000.0 1 1 0 15.154507 
  -4330000.0 1.10 0.20 6000.0 1 1 0 14.684336 
  -4332000.0 1.10 0.20 6000.0 1 1 0 14.204052 
  -4334000.0 1.10 0.20 6000.0 1 1 0 13.714541 
  -4336000.0 1.10 0.20 6000.0 1 1 0 13.217754 
  -4338000.0 1.10 0.20 6000.0 1 1 0 12.727527 
  -4340000.0 1.10 0.20 6000.0 1 1 0 12.248532 
  -4342000.0 1.10 0.20 6000.0 1 1 0 11.782570 
  -4344000.0 1.10 0.20 6000.0 1 1 0 11.330012 
  -4346000.0 1.10 0.20 6000.0 1 1 0 10.890073 
  -4348000.0 1.10 0.20 6000.0 1 1 0 10.459396 
  -4350000.0 1.10 0.20 6000.0 1 1 0 10.031078 
  -4352000.0 1.10 0.20 6000.0 1 1 0 9.593377 
  -4354000.0 1.10 0.20 6000.0 1 1 0 9.144521 
  -4356000.0 1.10 0.20 6000.0 1 1 0 8.663737 
  -4358000.0 1.10 0.20 6000.0 1 0 1 8.152091 
  -4360000.0 1.10 0.20 6000.0 1 0 1 7.646022 
  -4362000.0 1.10 0.20 6000.0 1 0 1 7.159918 
  -4364000.0 1.10 0.20 6000.0 1 0 1 6.684185 
  -4366000.0 1.10 0.20 6000.0 1 0 1 6.212252 
  -4368000.0 1.10 0.20 6000.0 1 0 1 5.730825 
  -4370000.0 1.10 0.20 6000.0 1 0 1 5.220108 
  -4372000.0 1.10 0.20 6000.0 1 0 0 4.705940 
  -4372000.0 1.10 0.20 6000.0 1 0 1 5.207249 
  -4372000.0 1.10 0.20 6000.0 1 0 1 5.194758 
  -4372000.0 1.10 0.20 6000.0 1 0 1 5.182234 
  -4372000.0 1.10 0.20 6000.0 1 0 1 5.169674 
  -4372000.0 1.10 0.20 6000.0 1 0 1 5.157080 
  -4372000.0 1.10 0.20 6000.0 1 0 1 5.144451 
  -4372000.0 1.10 0.20 6000.0 1 0 1 5.131790 
  -4372000.0 1.10 0.20 6000.0 1 0 1 5.119095 
  -4372000.0 1.10 0.20 6000.0 1 0 1 5.106367 
  -4372000.0 1.10 0.20 6000.0 1 0 1 5.093609 
  -4372000.0 1.10 0.20 6000.0 1 0 1 5.080820 
  -4372000.0 1.10 0.20 6000.0 1 0 1 5.068004 
  -4372000.0 1.10 0.20 6000.0 1 0 1 5.055160 
  -4372000.0 1.10 0.20 6000.0 1 0 1 5.042288 
  -4372000.0 1.10 0.20 6000.0 1 0 1 5.029387 
  -4372000.0 1.10 0.20 6000.0 1 0 1 5.016459 
  -4372000.0 1.10 0.20 6000.0 1 0 1 5.003503 
  -4372000.0 1.10 0.20 6000.0 1 0 1 4.990907 
  -4372000.0 1.10 0.20 6000.0 1 0 1 4.978628 
  -4372000.0 1.10 0.20 6000.0 1 0 1 4.966320 
  -4372000.0 1.10 0.20 6000.0 1 0 1 4.953981 
  -4372000.0 1.10 0.20 6000.0 1 0 1 4.941611 
  -4372000.0 1.10 0.20 6000.0 1 0 1 4.929213 
  -4372000.0 1.10 0.20 6000.0 1 0 0 4.916786 
  -4100000.0 1.15 0.20 6000.0 1 1 0 47.627328 
  -4102000.0 1.15 0.20 6000.0 1 1 0 47.642054 
  -4104000.0 1.15 0.20 6000.0 1 1 0 47.522414 
  -4106000.0 1.15 0.20 6000.0 1 1 0 47.290083 
  -4108000.0 1.15 0.20 6000.0 1 1 0 46.950396 
  -4110000.0 1.15 0.20 6000.0 1 1 0 46.626687 
  -4112000.0 1.15 0.20 6000.0 1 1 0 46.592523 
  -4114000.0 1.15 0.20 6000.0 1 1 0 46.452708 
  -4116000.0 1.15 0.20 6000.0 1 1 0 46.218446 
  -4118000.0 1.15 0.20 6000.0 1 1 0 45.894554 
  -4120000.0 1.15 0.20 6000.0 1 1 0 45.502805 
  -4122000.0 1.15 0.20 6000.0 1 1 0 45.462417 
  -4124000.0 1.15 0.20 6000.0 1 1 0 45.342535 
  -4126000.0 1.15 0.20 6000.0 1 1 0 45.141766 
  -4128000.0 1.15 0.20 6000.0 1 1 0 44.866988 
  -4130000.0 1.15 0.20 6000.0 1 1 0 44.523475 
  -4132000.0 1.15 0.20 6000.0 1 1 0 44.233118 
  -4134000.0 1.15 0.20 6000.0 1 1 0 44.140569 
  -4136000.0 1.15 0.20 6000.0 1 1 0 43.995957 
  -4138000.0 1.15 0.20 6000.0 1 1 0 43.792643 
  -4140000.0 1.15 0.20 6000.0 1 1 0 43.533067 
  -4142000.0 1.15 0.20 6000.0 1 1 0 43.227617 
  -4144000.0 1.15 0.20 6000.0 1 1 0 42.887833 
  -4146000.0 1.15 0.20 6000.0 1 1 0 42.710658 
  -4148000.0 1.15 0.20 6000.0 1 1 0 42.563614 
  -4150000.0 1.15 0.20 6000.0 1 1 0 42.379286 
  -4152000.0 1.15 0.20 6000.0 1 1 0 42.161061 
  -4154000.0 1.15 0.20 6000.0 1 1 0 41.915573 
  -4156000.0 1.15 0.20 6000.0 1 1 0 41.646995 
  -4158000.0 1.15 0.20 6000.0 1 1 0 41.357397 
  -4160000.0 1.15 0.20 6000.0 1 1 0 41.048950 
  -4162000.0 1.15 0.20 6000.0 1 1 0 40.853277 
  -4164000.0 1.15 0.20 6000.0 1 1 0 40.672710 
  -4166000.0 1.15 0.20 6000.0 1 1 0 40.472392 
  -4168000.0 1.15 0.20 6000.0 1 1 0 40.254822 
  -4170000.0 1.15 0.20 6000.0 1 1 0 40.022666 
  -4172000.0 1.15 0.20 6000.0 1 1 0 39.777636 
  -4174000.0 1.15 0.20 6000.0 1 1 0 39.522752 
  -4176000.0 1.15 0.20 6000.0 1 1 0 39.260470 
  -4178000.0 1.15 0.20 6000.0 1 1 0 38.992561 
  -4180000.0 1.15 0.20 6000.0 1 1 0 38.720516 
  -4182000.0 1.15 0.20 6000.0 1 1 0 38.445556 
  -4184000.0 1.15 0.20 6000.0 1 1 0 38.183038 
  -4186000.0 1.15 0.20 6000.0 1 1 0 37.970699 
  -4188000.0 1.15 0.20 6000.0 1 1 0 37.750551 
  -4190000.0 1.15 0.20 6000.0 1 1 0 37.524033 
  -4192000.0 1.15 0.20 6000.0 1 1 0 37.292114 
  -4194000.0 1.15 0.20 6000.0 1 1 0 37.055574 
  -4196000.0 1.15 0.20 6000.0 1 1 0 36.815138 
  -4198000.0 1.15 0.20 6000.0 1 1 0 36.571343 
  -4200000.0 1.15 0.20 6000.0 1 1 0 36.324698 
  -4202000.0 1.15 0.20 6000.0 1 1 0 36.075549 
  -4204000.0 1.15 0.20 6000.0 1 1 0 35.824063 
  -4206000.0 1.15 0.20 6000.0 1 1 0 35.570310 
  -4208000.0 1.15 0.20 6000.0 1 1 0 35.314257 
  -4210000.0 1.15 0.20 6000.0 1 1 0 35.055715 
  -4212000.0 1.15 0.20 6000.0 1 1 0 34.794379 
  -4214000.0 1.15 0.20 6000.0 1 1 0 34.529824 
  -4216000.0 1.15 0.20 6000.0 1 1 0 34.261276 
  -4218000.0 1.15 0.20 6000.0 1 1 0 33.987908 
  -4220000.0 1.15 0.20 6000.0 1 1 0 33.708794 
  -4222000.0 1.15 0.20 6000.0 1 1 0 33.422804 
  -4224000.0 1.15 0.20 6000.0 1 1 0 33.168428 
  -4226000.0 1.15 0.20 6000.0 1 1 0 32.931639 
  -4228000.0 1.15 0.20 6000.0 1 1 0 32.689770 
  -4230000.0 1.15 0.20 6000.0 1 1 0 32.441335 
  -4232000.0 1.15 0.20 6000.0 1 1 0 32.184763 
  -4234000.0 1.15 0.20 6000.0 1 1 0 31.917978 
  -4236000.0 1.15 0.20 6000.0 1 1 0 31.638626 
  -4238000.0 1.15 0.20 6000.0 1 1 0 31.344640 
  -4240000.0 1.15 0.20 6000.0 1 1 0 31.033829 
  -4242000.0 1.15 0.20 6000.0 1 1 0 30.726004 
  -4244000.0 1.15 0.20 6000.0 1 1 0 30.493239 
  -4246000.0 1.15 0.20 6000.0 1 1 0 30.239633 
  -4248000.0 1.15 0.20 6000.0 1 1 0 29.962051 
  -4250000.0 1.15 0.20 6000.0 1 1 0 29.657472 
  -4252000.0 1.15 0.20 6000.0 1 1 0 29.322621 
  -4254000.0 1.15 0.20 6000.0 1 1 0 29.036381 
  -4256000.0 1.15 0.20 6000.0 1 1 0 28.783840 
  -4258000.0 1.15 0.20 6000.0 1 1 0 28.493832 
  -4260000.0 1.15 0.20 6000.0 1 1 0 28.161302 
  -4262000.0 1.15 0.20 6000.0 1 1 0 27.825366 
  -4264000.0 1.15 0.20 6000.0 1 1 0 27.568522 
  -4266000.0 1.15 0.20 6000.0 1 1 0 27.263213 
  -4268000.0 1.15 0.20 6000.0 1 1 0 26.900993 
  -4270000.0 1.15 0.20 6000.0 1 1 0 26.608887 
  -4272000.0 1.15 0.20 6000.0 1 1 0 26.308085 
  -4274000.0 1.15 0.20 6000.0 1 1 0 25.939976 
  -4276000.0 1.15 0.20 6000.0 1 1 0 25.631717 
  -4278000.0 1.15 0.20 6000.0 1 1 0 25.310873 
  -4280000.0 1.15 0.20 6000.0 1 1 0 24.912834 
  -4282000.0 1.15 0.20 6000.0 1 1 0 24.624202 
  -4284000.0 1.15 0.20 6000.0 1 1 0 24.257067 
  -4286000.0 1.15 0.20 6000.0 1 1 0 23.906279 
  -4288000.0 1.15 0.20 6000.0 1 1 0 23.559404 
  -4290000.0 1.15 0.20 6000.0 1 1 0 23.171417 
  -4292000.0 1.15 0.20 6000.0 1 1 0 22.834645 
  -4294000.0 1.15 0.20 6000.0 1 1 0 22.429570 
  -4296000.0 1.15 0.20 6000.0 1 1 0 22.090496 
  -4298000.0 1.15 0.20 6000.0 1 1 0 21.681551 
  -4300000.0 1.15 0.20 6000.0 1 1 0 21.326735 
  -4302000.0 1.15 0.20 6000.0 1 1 0 20.923272 
  -4304000.0 1.15 0.20 6000.0 1 1 0 20.538370 
  -4306000.0 1.15 0.20 6000.0 1 1 0 20.145135 
  -4308000.0 1.15 0.20 6000.0 1 1 0 19.716144 
  -4310000.0 1.15 0.20 6000.0 1 1 0 19.333069 
  -4312000.0 1.15 0.20 6000.0 1 1 0 18.915947 
  -4314000.0 1.15 0.20 6000.0 1 1 0 18.475366 
  -4316000.0 1.15 0.20 6000.0 1 1 0 18.066467 
  -4318000.0 1.15 0.20 6000.0 1 1 0 17.639333 
  -4320000.0 1.15 0.20 6000.0 1 1 0 17.195571 
  -4322000.0 1.15 0.20 6000.0 1 1 0 16.740434 
  -4324000.0 1.15 0.20 6000.0 1 1 0 16.283159 
  -4326000.0 1.15 0.20 6000.0 1 1 0 15.829747 
  -4328000.0 1.15 0.20 6000.0 1 1 0 15.365299 
  -4330000.0 1.15 0.20 6000.0 1 1 0 14.890731 
  -4332000.0 1.15 0.20 6000.0 1 1 0 14.406973 
  -4334000.0 1.15 0.20 6000.0 1 1 0 13.914800 
  -4336000.0 1.15 0.20 6000.0 1 1 0 13.417262 
  -4338000.0 1.15 0.20 6000.0 1 1 0 12.927988 
  -4340000.0 1.15 0.20 6000.0 1 1 0 12.450426 
  -4342000.0 1.15 0.20 6000.0 1 1 0 11.986200 
  -4344000.0 1.15 0.20 6000.0 1 1 0 11.536366 
  -4346000.0 1.15 0.20 6000.0 1 1 0 11.100277 
  -4348000.0 1.15 0.20 6000.0 1 1 0 10.668073 
  -4350000.0 1.15 0.20 6000.0 1 1 0 10.240479 
  -4352000.0 1.15 0.20 6000.0 1 1 0 9.802289 
  -4354000.0 1.15 0.20 6000.0 1 1 0 9.343270 
  -4356000.0 1.15 0.20 6000.0 1 1 0 8.852761 
  -4358000.0 1.15 0.20 6000.0 1 1 0 8.339164 
  -4360000.0 1.15 0.20 6000.0 1 0 1 7.831548 
  -4362000.0 1.15 0.20 6000.0 1 0 1 7.337951 
  -4364000.0 1.15 0.20 6000.0 1 0 1 6.859505 
  -4366000.0 1.15 0.20 6000.0 1 0 1 6.380082 
  -4368000.0 1.15 0.20 6000.0 1 0 1 5.893145 
  -4370000.0 1.15 0.20 6000.0 1 0 1 5.372460 
  -4372000.0 1.15 0.20 6000.0 1 0 0 4.848237 
  -4372000.0 1.15 0.20 6000.0 1 0 1 5.359122 
  -4372000.0 1.15 0.20 6000.0 1 0 1 5.345754 
  -4372000.0 1.15 0.20 6000.0 1 0 1 5.332355 
  -4372000.0 1.15 0.20 6000.0 1 0 1 5.319500 
  -4372000.0 1.15 0.20 6000.0 1 0 1 5.306833 
  -4372000.0 1.15 0.20 6000.0 1 0 1 5.294130 
  -4372000.0 1.15 0.20 6000.0 1 0 1 5.281392 
  -4372000.0 1.15 0.20 6000.0 1 0 1 5.268617 
  -4372000.0 1.15 0.20 6000.0 1 0 1 5.255807 
  -4372000.0 1.15 0.20 6000.0 1 0 1 5.242963 
  -4372000.0 1.15 0.20 6000.0 1 0 1 5.230087 
  -4372000.0 1.15 0.20 6000.0 1 0 1 5.217181 
  -4372000.0 1.15 0.20 6000.0 1 0 1 5.204244 
  -4372000.0 1.15 0.20 6000.0 1 0 1 5.191277 
  -4372000.0 1.15 0.20 6000.0 1 0 1 5.178278 
  -4372000.0 1.15 0.20 6000.0 1 0 1 5.165248 
  -4372000.0 1.15 0.20 6000.0 1 0 1 5.152190 
  -4372000.0 1.15 0.20 6000.0 1 0 1 5.139103 
  -4372000.0 1.15 0.20 6000.0 1 0 1 5.125989 
  -4372000.0 1.15 0.20 6000.0 1 0 1 5.112848 
  -4372000.0 1.15 0.20 6000.0 1 0 1 5.100267 
  -4372000.0 1.15 0.20 6000.0 1 0 1 5.087806 
  -4372000.0 1.15 0.20 6000.0 1 0 1 5.075315 
  -4372000.0 1.15 0.20 6000.0 1 0 1 5.062792 
  -4372000.0 1.15 0.20 6000.0 1 0 1 5.050237 
  -4372000.0 1.15 0.20 6000.0 1 0 1 5.037652 
  -4372000.0 1.15 0.20 6000.0 1 0 1 5.025038 
  -4372000.0 1.15 0.20 6000.0 1 0 1 5.012395 
  -4372000.0 1.15 0.20 6000.0 1 0 1 4.999724 
  -4372000.0 1.15 0.20 6000.0 1 0 1 4.987026 
  -4372000.0 1.15 0.20 6000.0 1 0 1 4.974302 
  -4372000.0 1.15 0.20 6000.0 1 0 1 4.961553 
  -4372000.0 1.15 0.20 6000.0 1 0 1 4.948781 
  -4372000.0 1.15 0.20 6000.0 1 0 1 4.935982 
  -4372000.0 1.15 0.20 6000.0 1 0 1 4.923156 
  -4372000.0 1.15 0.20 6000.0 1 0 1 4.910303 
  -4372000.0 1.15 0.20 6000.0 1 0 1 4.897425 
  -4372000.0 1.15 0.20 6000.0 1 0 1 4.885049 
  -4372000.0 1.15 0.20 6000.0 1 0 1 4.872805 
  -4372000.0 1.15 0.20 6000.0 1 0 1 4.860534 
  -4100000.0 1.20 0.20 6000.0 1 1 0 48.187850 
  -4102000.0 1.20 0.20 6000.0 1 1 0 48.140242 
  -4104000.0 1.20 0.20 6000.0 1 1 0 47.956028 
  -4106000.0 1.20 0.20 6000.0 1 1 0 47.658645 
  -4108000.0 1.20 0.20 6000.0 1 1 0 47.254717 
  -4110000.0 1.20 0.20 6000.0 1 1 0 47.154975 
  -4112000.0 1.20 0.20 6000.0 1 1 0 47.064617 
  -4114000.0 1.20 0.20 6000.0 1 1 0 46.868149 
  -4116000.0 1.20 0.20 6000.0 1 1 0 46.577086 
  -4118000.0 1.20 0.20 6000.0 1 1 0 46.197335 
  -4120000.0 1.20 0.20 6000.0 1 1 0 46.025716 
  -4122000.0 1.20 0.20 6000.0 1 1 0 45.929773 
  -4124000.0 1.20 0.20 6000.0 1 1 0 45.761393 
  -4126000.0 1.20 0.20 6000.0 1 1 0 45.512192 
  -4128000.0 1.20 0.20 6000.0 1 1 0 45.189731 
  -4130000.0 1.20 0.20 6000.0 1 1 0 44.812170 
  -4132000.0 1.20 0.20 6000.0 1 1 0 44.725644 
  -4134000.0 1.20 0.20 6000.0 1 1 0 44.586145 
  -4136000.0 1.20 0.20 6000.0 1 1 0 44.395842 
  -4138000.0 1.20 0.20 6000.0 1 1 0 44.152597 
  -4140000.0 1.20 0.20 6000.0 1 1 0 43.854330 
  -4142000.0 1.20 0.20 6000.0 1 1 0 43.511367 
  -4144000.0 1.20 0.20 6000.0 1 1 0 43.316589 
  -4146000.0 1.20 0.20 6000.0 1 1 0 43.170432 
  -4148000.0 1.20 0.20 6000.0 1 1 0 42.986711 
  -4150000.0 1.20 0.20 6000.0 1 1 0 42.766995 
  -4152000.0 1.20 0.20 6000.0 1 1 0 42.514783 
  -4154000.0 1.20 0.20 6000.0 1 1 0 42.236519 
  -4156000.0 1.20 0.20 6000.0 1 1 0 41.937450 
  -4158000.0 1.20 0.20 6000.0 1 1 0 41.644989 
  -4160000.0 1.20 0.20 6000.0 1 1 0 41.486201 
  -4162000.0 1.20 0.20 6000.0 1 1 0 41.301599 
  -4164000.0 1.20 0.20 6000.0 1 1 0 41.095483 
  -4166000.0 1.20 0.20 6000.0 1 1 0 40.870949 
  -4168000.0 1.20 0.20 6000.0 1 1 0 40.630542 
  -4170000.0 1.20 0.20 6000.0 1 1 0 40.376990 
  -4172000.0 1.20 0.20 6000.0 1 1 0 40.112028 
  -4174000.0 1.20 0.20 6000.0 1 1 0 39.838613 
  -4176000.0 1.20 0.20 6000.0 1 1 0 39.559305 
  -4178000.0 1.20 0.20 6000.0 1 1 0 39.275766 
  -4180000.0 1.20 0.20 6000.0 1 1 0 39.055737 
  -4182000.0 1.20 0.20 6000.0 1 1 0 38.848884 
  -4184000.0 1.20 0.20 6000.0 1 1 0 38.632531 
  -4186000.0 1.20 0.20 6000.0 1 1 0 38.408190 
  -4188000.0 1.20 0.20 6000.0 1 1 0 38.177246 
  -4190000.0 1.20 0.20 6000.0 1 1 0 37.941138 
  -4192000.0 1.20 0.20 6000.0 1 1 0 37.700835 
  -4194000.0 1.20 0.20 6000.0 1 1 0 37.457096 
  -4196000.0 1.20 0.20 6000.0 1 1 0 37.210624 
  -4198000.0 1.20 0.20 6000.0 1 1 0 36.961930 
  -4200000.0 1.20 0.20 6000.0 1 1 0 36.711491 
  -4202000.0 1.20 0.20 6000.0 1 1 0 36.459626 
  -4204000.0 1.20 0.20 6000.0 1 1 0 36.206468 
  -4206000.0 1.20 0.20 6000.0 1 1 0 35.952049 
  -4208000.0 1.20 0.20 6000.0 1 1 0 35.696298 
  -4210000.0 1.20 0.20 6000.0 1 1 0 35.438982 
  -4212000.0 1.20 0.20 6000.0 1 1 0 35.179753 
  -4214000.0 1.20 0.20 6000.0 1 1 0 34.918029 
  -4216000.0 1.20 0.20 6000.0 1 1 0 34.653034 
  -4218000.0 1.20 0.20 6000.0 1 1 0 34.383913 
  -4220000.0 1.20 0.20 6000.0 1 1 0 34.109680 
  -4222000.0 1.20 0.20 6000.0 1 1 0 33.829051 
  -4224000.0 1.20 0.20 6000.0 1 1 0 33.540497 
  -4226000.0 1.20 0.20 6000.0 1 1 0 33.242515 
  -4228000.0 1.20 0.20 6000.0 1 1 0 32.982378 
  -4230000.0 1.20 0.20 6000.0 1 1 0 32.745572 
  -4232000.0 1.20 0.20 6000.0 1 1 0 32.501021 
  -4234000.0 1.20 0.20 6000.0 1 1 0 32.246340 
  -4236000.0 1.20 0.20 6000.0 1 1 0 31.979293 
  -4238000.0 1.20 0.20 6000.0 1 1 0 31.697716 
  -4240000.0 1.20 0.20 6000.0 1 1 0 31.399304 
  -4242000.0 1.20 0.20 6000.0 1 1 0 31.080571 
  -4244000.0 1.20 0.20 6000.0 1 1 0 30.772764 
  -4246000.0 1.20 0.20 6000.0 1 1 0 30.535774 
  -4248000.0 1.20 0.20 6000.0 1 1 0 30.274596 
  -4250000.0 1.20 0.20 6000.0 1 1 0 29.986057 
  -4252000.0 1.20 0.20 6000.0 1 1 0 29.666664 
  -4254000.0 1.20 0.20 6000.0 1 1 0 29.311362 
  -4256000.0 1.20 0.20 6000.0 1 1 0 29.064864 
  -4258000.0 1.20 0.20 6000.0 1 1 0 28.793407 
  -4260000.0 1.20 0.20 6000.0 1 1 0 28.478542 
  -4262000.0 1.20 0.20 6000.0 1 1 0 28.114622 
  -4264000.0 1.20 0.20 6000.0 1 1 0 27.836179 
  -4266000.0 1.20 0.20 6000.0 1 1 0 27.550624 
  -4268000.0 1.20 0.20 6000.0 1 1 0 27.206611 
  -4270000.0 1.20 0.20 6000.0 1 1 0 26.856243 
  -4272000.0 1.20 0.20 6000.0 1 1 0 26.576277 
  -4274000.0 1.20 0.20 6000.0 1 1 0 26.227139 
  -4276000.0 1.20 0.20 6000.0 1 1 0 25.868729 
  -4278000.0 1.20 0.20 6000.0 1 1 0 25.568688 
  -4280000.0 1.20 0.20 6000.0 1 1 0 25.193014 
  -4282000.0 1.20 0.20 6000.0 1 1 0 24.858360 
  -4284000.0 1.20 0.20 6000.0 1 1 0 24.515578 
  -4286000.0 1.20 0.20 6000.0 1 1 0 24.123123 
  -4288000.0 1.20 0.20 6000.0 1 1 0 23.801856 
  -4290000.0 1.20 0.20 6000.0 1 1 0 23.403739 
  -4292000.0 1.20 0.20 6000.0 1 1 0 23.066435 
  -4294000.0 1.20 0.20 6000.0 1 1 0 22.672801 
  -4296000.0 1.20 0.20 6000.0 1 1 0 22.316425 
  -4298000.0 1.20 0.20 6000.0 1 1 0 21.913471 
  -4300000.0 1.20 0.20 6000.0 1 1 0 21.550822 
  -4302000.0 1.20 0.20 6000.0 1 1 0 21.126037 
  -4304000.0 1.20 0.20 6000.0 1 1 0 20.764031 
  -4306000.0 1.20 0.20 6000.0 1 1 0 20.350513 
  -4308000.0 1.20 0.20 6000.0 1 1 0 19.946108 
  -4310000.0 1.20 0.20 6000.0 1 1 0 19.545793 
  -4312000.0 1.20 0.20 6000.0 1 1 0 19.113649 
  -4314000.0 1.20 0.20 6000.0 1 1 0 18.693730 
  -4316000.0 1.20 0.20 6000.0 1 1 0 18.275394 
  -4318000.0 1.20 0.20 6000.0 1 1 0 17.837596 
  -4320000.0 1.20 0.20 6000.0 1 1 0 17.384948 
  -4322000.0 1.20 0.20 6000.0 1 1 0 16.934046 
  -4324000.0 1.20 0.20 6000.0 1 1 0 16.487055 
  -4326000.0 1.20 0.20 6000.0 1 1 0 16.027533 
  -4328000.0 1.20 0.20 6000.0 1 1 0 15.558208 
  -4330000.0 1.20 0.20 6000.0 1 1 0 15.079782 
  -4332000.0 1.20 0.20 6000.0 1 1 0 14.593113 
  -4334000.0 1.20 0.20 6000.0 1 1 0 14.098857 
  -4336000.0 1.20 0.20 6000.0 1 1 0 13.601498 
  -4338000.0 1.20 0.20 6000.0 1 1 0 13.113777 
  -4340000.0 1.20 0.20 6000.0 1 1 0 12.640896 
  -4342000.0 1.20 0.20 6000.0 1 1 0 12.187598 
  -4344000.0 1.20 0.20 6000.0 1 1 0 11.744275 
  -4346000.0 1.20 0.20 6000.0 1 1 0 11.309128 
  -4348000.0 1.20 0.20 6000.0 1 1 0 10.877275 
  -4350000.0 1.20 0.20 6000.0 1 1 0 10.439590 
  -4352000.0 1.20 0.20 6000.0 1 1 0 10.000670 
  -4354000.0 1.20 0.20 6000.0 1 1 0 9.531931 
  -4356000.0 1.20 0.20 6000.0 1 1 0 9.037576 
  -4358000.0 1.20 0.20 6000.0 1 1 0 8.517490 
  -4360000.0 1.20 0.20 6000.0 1 1 0 8.009123 
  -4362000.0 1.20 0.20 6000.0 1 0 1 7.513105 
  -4364000.0 1.20 0.20 6000.0 1 0 1 7.028260 
  -4366000.0 1.20 0.20 6000.0 1 0 1 6.545412 
  -4368000.0 1.20 0.20 6000.0 1 0 1 6.050242 
  -4370000.0 1.20 0.20 6000.0 1 0 1 5.520225 
  -4372000.0 1.20 0.20 6000.0 1 0 1 4.986607 
  -4374000.0 1.20 0.20 6000.0 1 0 0 4.477666 
  -4374000.0 1.20 0.20 6000.0 1 0 1 4.974192 
  -4374000.0 1.20 0.20 6000.0 1 0 1 4.961748 
  -4374000.0 1.20 0.20 6000.0 1 0 1 4.949275 
  -4374000.0 1.20 0.20 6000.0 1 0 1 4.936773 
  -4374000.0 1.20 0.20 6000.0 1 0 1 4.924242 
  -4374000.0 1.20 0.20 6000.0 1 0 1 4.911682 
  -4374000.0 1.20 0.20 6000.0 1 0 1 4.899096 
  -4374000.0 1.20 0.20 6000.0 1 0 1 4.886483 
  -4374000.0 1.20 0.20 6000.0 1 0 1 4.873845 
  -4374000.0 1.20 0.20 6000.0 1 0 1 4.861184 
  -4374000.0 1.20 0.20 6000.0 1 0 1 4.848499 
  -4374000.0 1.20 0.20 6000.0 1 0 1 4.835789 
  -4374000.0 1.20 0.20 6000.0 1 0 1 4.823053 
  -4374000.0 1.20 0.20 6000.0 1 0 1 4.810293 
  -4374000.0 1.20 0.20 6000.0 1 0 1 4.797511 
  -4374000.0 1.20 0.20 6000.0 1 0 0 4.784768 
  -4100000.0 1.25 0.20 6000.0 1 1 0 48.689882 
  -4102000.0 1.25 0.20 6000.0 1 1 0 48.580372 
  -4104000.0 1.25 0.20 6000.0 1 1 0 48.332560 
  -4106000.0 1.25 0.20 6000.0 1 1 0 47.971359 
  -4108000.0 1.25 0.20 6000.0 1 1 0 47.667011 
  -4110000.0 1.25 0.20 6000.0 1 1 0 47.628293 
  -4112000.0 1.25 0.20 6000.0 1 1 0 47.480072 
  -4114000.0 1.25 0.20 6000.0 1 1 0 47.227941 
  -4116000.0 1.25 0.20 6000.0 1 1 0 46.881243 
  -4118000.0 1.25 0.20 6000.0 1 1 0 46.567777 
  -4120000.0 1.25 0.20 6000.0 1 1 0 46.495423 
  -4122000.0 1.25 0.20 6000.0 1 1 0 46.343938 
  -4124000.0 1.25 0.20 6000.0 1 1 0 46.125636 
  -4126000.0 1.25 0.20 6000.0 1 1 0 45.829080 
  -4128000.0 1.25 0.20 6000.0 1 1 0 45.460140 
  -4130000.0 1.25 0.20 6000.0 1 1 0 45.300476 
  -4132000.0 1.25 0.20 6000.0 1 1 0 45.166818 
  -4134000.0 1.25 0.20 6000.0 1 1 0 44.980812 
  -4136000.0 1.25 0.20 6000.0 1 1 0 44.745269 
  -4138000.0 1.25 0.20 6000.0 1 1 0 44.460588 
  -4140000.0 1.25 0.20 6000.0 1 1 0 44.124665 
  -4142000.0 1.25 0.20 6000.0 1 1 0 43.907874 
  -4144000.0 1.25 0.20 6000.0 1 1 0 43.764563 
  -4146000.0 1.25 0.20 6000.0 1 1 0 43.581058 
  -4148000.0 1.25 0.20 6000.0 1 1 0 43.361143 
  -4150000.0 1.25 0.20 6000.0 1 1 0 43.106646 
  -4152000.0 1.25 0.20 6000.0 1 1 0 42.821163 
  -4154000.0 1.25 0.20 6000.0 1 1 0 42.510990 
  -4156000.0 1.25 0.20 6000.0 1 1 0 42.259603 
  -4158000.0 1.25 0.20 6000.0 1 1 0 42.100498 
  -4160000.0 1.25 0.20 6000.0 1 1 0 41.914260 
  -4162000.0 1.25 0.20 6000.0 1 1 0 41.703239 
  -4164000.0 1.25 0.20 6000.0 1 1 0 41.472006 
  -4166000.0 1.25 0.20 6000.0 1 1 0 41.223741 
  -4168000.0 1.25 0.20 6000.0 1 1 0 40.961027 
  -4170000.0 1.25 0.20 6000.0 1 1 0 40.686641 
  -4172000.0 1.25 0.20 6000.0 1 1 0 40.402342 
  -4174000.0 1.25 0.20 6000.0 1 1 0 40.110991 
  -4176000.0 1.25 0.20 6000.0 1 1 0 39.898765 
  -4178000.0 1.25 0.20 6000.0 1 1 0 39.699478 
  -4180000.0 1.25 0.20 6000.0 1 1 0 39.488632 
  -4182000.0 1.25 0.20 6000.0 1 1 0 39.267791 
  -4184000.0 1.25 0.20 6000.0 1 1 0 39.038660 
  -4186000.0 1.25 0.20 6000.0 1 1 0 38.802666 
  -4188000.0 1.25 0.20 6000.0 1 1 0 38.561271 
  -4190000.0 1.25 0.20 6000.0 1 1 0 38.315921 
  -4192000.0 1.25 0.20 6000.0 1 1 0 38.067583 
  -4194000.0 1.25 0.20 6000.0 1 1 0 37.816992 
  -4196000.0 1.25 0.20 6000.0 1 1 0 37.564826 
  -4198000.0 1.25 0.20 6000.0 1 1 0 37.311568 
  -4200000.0 1.25 0.20 6000.0 1 1 0 37.057664 
  -4202000.0 1.25 0.20 6000.0 1 1 0 36.803402 
  -4204000.0 1.25 0.20 6000.0 1 1 0 36.548881 
  -4206000.0 1.25 0.20 6000.0 1 1 0 36.294096 
  -4208000.0 1.25 0.20 6000.0 1 1 0 36.038938 
  -4210000.0 1.25 0.20 6000.0 1 1 0 35.783131 
  -4212000.0 1.25 0.20 6000.0 1 1 0 35.526232 
  -4214000.0 1.25 0.20 6000.0 1 1 0 35.267563 
  -4216000.0 1.25 0.20 6000.0 1 1 0 35.006372 
  -4218000.0 1.25 0.20 6000.0 1 1 0 34.741750 
  -4220000.0 1.25 0.20 6000.0 1 1 0 34.472639 
  -4222000.0 1.25 0.20 6000.0 1 1 0 34.197597 
  -4224000.0 1.25 0.20 6000.0 1 1 0 33.915108 
  -4226000.0 1.25 0.20 6000.0 1 1 0 33.623590 
  -4228000.0 1.25 0.20 6000.0 1 1 0 33.321299 
  -4230000.0 1.25 0.20 6000.0 1 1 0 33.014578 
  -4232000.0 1.25 0.20 6000.0 1 1 0 32.782033 
  -4234000.0 1.25 0.20 6000.0 1 1 0 32.539528 
  -4236000.0 1.25 0.20 6000.0 1 1 0 32.284883 
  -4238000.0 1.25 0.20 6000.0 1 1 0 32.015839 
  -4240000.0 1.25 0.20 6000.0 1 1 0 31.729961 
  -4242000.0 1.25 0.20 6000.0 1 1 0 31.423424 
  -4244000.0 1.25 0.20 6000.0 1 1 0 31.091734 
  -4246000.0 1.25 0.20 6000.0 1 1 0 30.798897 
  -4248000.0 1.25 0.20 6000.0 1 1 0 30.554094 
  -4250000.0 1.25 0.20 6000.0 1 1 0 30.281622 
  -4252000.0 1.25 0.20 6000.0 1 1 0 29.977743 
  -4254000.0 1.25 0.20 6000.0 1 1 0 29.637071 
  -4256000.0 1.25 0.20 6000.0 1 1 0 29.314474 
  -4258000.0 1.25 0.20 6000.0 1 1 0 29.061467 
  -4260000.0 1.25 0.20 6000.0 1 1 0 28.764259 
  -4262000.0 1.25 0.20 6000.0 1 1 0 28.416626 
  -4264000.0 1.25 0.20 6000.0 1 1 0 28.073732 
  -4266000.0 1.25 0.20 6000.0 1 1 0 27.807774 
  -4268000.0 1.25 0.20 6000.0 1 1 0 27.481891 
  -4270000.0 1.25 0.20 6000.0 1 1 0 27.087708 
  -4272000.0 1.25 0.20 6000.0 1 1 0 26.815350 
  -4274000.0 1.25 0.20 6000.0 1 1 0 26.485274 
  -4276000.0 1.25 0.20 6000.0 1 1 0 26.087537 
  -4278000.0 1.25 0.20 6000.0 1 1 0 25.798377 
  -4280000.0 1.25 0.20 6000.0 1 1 0 25.445891 
  -4282000.0 1.25 0.20 6000.0 1 1 0 25.065734 
  -4284000.0 1.25 0.20 6000.0 1 1 0 24.747747 
  -4286000.0 1.25 0.20 6000.0 1 1 0 24.356293 
  -4288000.0 1.25 0.20 6000.0 1 1 0 24.018927 
  -4290000.0 1.25 0.20 6000.0 1 1 0 23.645060 
  -4292000.0 1.25 0.20 6000.0 1 1 0 23.273725 
  -4294000.0 1.25 0.20 6000.0 1 1 0 22.904829 
  -4296000.0 1.25 0.20 6000.0 1 1 0 22.518641 
  -4298000.0 1.25 0.20 6000.0 1 1 0 22.140508 
  -4300000.0 1.25 0.20 6000.0 1 1 0 21.751977 
  -4302000.0 1.25 0.20 6000.0 1 1 0 21.351807 
  -4304000.0 1.25 0.20 6000.0 1 1 0 20.967520 
  -4306000.0 1.25 0.20 6000.0 1 1 0 20.534386 
  -4308000.0 1.25 0.20 6000.0 1 1 0 20.154670 
  -4310000.0 1.25 0.20 6000.0 1 1 0 19.737701 
  -4312000.0 1.25 0.20 6000.0 1 1 0 19.299582 
  -4314000.0 1.25 0.20 6000.0 1 1 0 18.895131 
  -4316000.0 1.25 0.20 6000.0 1 1 0 18.464770 
  -4318000.0 1.25 0.20 6000.0 1 1 0 18.016844 
  -4320000.0 1.25 0.20 6000.0 1 1 0 17.567467 
  -4322000.0 1.25 0.20 6000.0 1 1 0 17.127173 
  -4324000.0 1.25 0.20 6000.0 1 1 0 16.673211 
  -4326000.0 1.25 0.20 6000.0 1 1 0 16.208087 
  -4328000.0 1.25 0.20 6000.0 1 1 0 15.734367 
  -4330000.0 1.25 0.20 6000.0 1 1 0 15.252592 
  -4332000.0 1.25 0.20 6000.0 1 1 0 14.763532 
  -4334000.0 1.25 0.20 6000.0 1 1 0 14.267719 
  -4336000.0 1.25 0.20 6000.0 1 1 0 13.771419 
  -4338000.0 1.25 0.20 6000.0 1 1 0 13.296066 
  -4340000.0 1.25 0.20 6000.0 1 1 0 12.833660 
  -4342000.0 1.25 0.20 6000.0 1 1 0 12.381845 
  -4344000.0 1.25 0.20 6000.0 1 1 0 11.940131 
  -4346000.0 1.25 0.20 6000.0 1 1 0 11.506463 
  -4348000.0 1.25 0.20 6000.0 1 1 0 11.075667 
  -4350000.0 1.25 0.20 6000.0 1 1 0 10.638163 
  -4352000.0 1.25 0.20 6000.0 1 1 0 10.188979 
  -4354000.0 1.25 0.20 6000.0 1 1 0 9.717069 
  -4356000.0 1.25 0.20 6000.0 1 1 0 9.214520 
  -4358000.0 1.25 0.20 6000.0 1 1 0 8.687427 
  -4360000.0 1.25 0.20 6000.0 1 1 0 8.179049 
  -4362000.0 1.25 0.20 6000.0 1 0 1 7.682071 
  -4364000.0 1.25 0.20 6000.0 1 0 1 7.191220 
  -4366000.0 1.25 0.20 6000.0 1 0 1 6.705092 
  -4368000.0 1.25 0.20 6000.0 1 0 1 6.202255 
  -4370000.0 1.25 0.20 6000.0 1 0 1 5.663515 
  -4372000.0 1.25 0.20 6000.0 1 0 1 5.122258 
  -4374000.0 1.25 0.20 6000.0 1 0 0 4.604723 
  -4374000.0 1.25 0.20 6000.0 1 0 1 5.109056 
  -4374000.0 1.25 0.20 6000.0 1 0 1 5.096128 
  -4374000.0 1.25 0.20 6000.0 1 0 1 5.083577 
  -4374000.0 1.25 0.20 6000.0 1 0 1 5.070996 
  -4374000.0 1.25 0.20 6000.0 1 0 1 5.058382 
  -4374000.0 1.25 0.20 6000.0 1 0 1 5.045738 
  -4374000.0 1.25 0.20 6000.0 1 0 1 5.033064 
  -4374000.0 1.25 0.20 6000.0 1 0 1 5.020361 
  -4374000.0 1.25 0.20 6000.0 1 0 1 5.007632 
  -4374000.0 1.25 0.20 6000.0 1 0 1 4.994877 
  -4374000.0 1.25 0.20 6000.0 1 0 1 4.982096 
  -4374000.0 1.25 0.20 6000.0 1 0 1 4.969286 
  -4374000.0 1.25 0.20 6000.0 1 0 1 4.956449 
  -4374000.0 1.25 0.20 6000.0 1 0 1 4.943586 
  -4374000.0 1.25 0.20 6000.0 1 0 1 4.930698 
  -4374000.0 1.25 0.20 6000.0 1 0 1 4.917784 
  -4374000.0 1.25 0.20 6000.0 1 0 1 4.904842 
  -4374000.0 1.25 0.20 6000.0 1 0 1 4.891875 
  -4374000.0 1.25 0.20 6000.0 1 0 1 4.879224 
  -4374000.0 1.25 0.20 6000.0 1 0 1 4.866865 
  -4374000.0 1.25 0.20 6000.0 1 0 1 4.854477 
  -4374000.0 1.25 0.20 6000.0 1 0 1 4.842060 
  -4374000.0 1.25 0.20 6000.0 1 0 1 4.829615 
  -4374000.0 1.25 0.20 6000.0 1 0 1 4.817144 
  -4374000.0 1.25 0.20 6000.0 1 0 1 4.804647 
  -4374000.0 1.25 0.20 6000.0 1 0 1 4.792126 
  -4374000.0 1.25 0.20 6000.0 1 0 1 4.779582 
  -4374000.0 1.25 0.20 6000.0 1 0 1 4.767014 
  -4374000.0 1.25 0.20 6000.0 1 0 1 4.754418 
  -4374000.0 1.25 0.20 6000.0 1 0 1 4.741793 
  -4374000.0 1.25 0.20 6000.0 1 0 0 4.729139 
  -4100000.0 0.80 0.20 7000.0 1 1 0 17.185093 
  -4102000.0 0.80 0.20 7000.0 1 1 0 16.597048 
  -4104000.0 0.80 0.20 7000.0 1 1 0 15.991830 
  -4106000.0 0.80 0.20 7000.0 1 1 0 15.393856 
  -4108000.0 0.80 0.20 7000.0 1 0 1 14.786591 
  -4110000.0 0.80 0.20 7000.0 1 0 1 14.164903 
  -4112000.0 0.80 0.20 7000.0 1 0 1 13.531546 
  -4114000.0 0.80 0.20 7000.0 1 0 1 12.896832 
  -4116000.0 0.80 0.20 7000.0 1 0 1 12.292424 
  -4118000.0 0.80 0.20 7000.0 1 0 1 11.715028 
  -4120000.0 0.80 0.20 7000.0 1 0 1 11.155660 
  -4122000.0 0.80 0.20 7000.0 1 0 1 10.613459 
  -4124000.0 0.80 0.20 7000.0 1 0 1 10.083451 
  -4126000.0 0.80 0.20 7000.0 1 0 1 9.554483 
  -4128000.0 0.80 0.20 7000.0 1 0 1 9.007510 
  -4130000.0 0.80 0.20 7000.0 1 0 0 8.413107 
  -4130000.0 0.80 0.20 7000.0 1 0 1 8.993746 
  -4130000.0 0.80 0.20 7000.0 1 0 1 8.979795 
  -4130000.0 0.80 0.20 7000.0 1 0 1 8.965658 
  -4130000.0 0.80 0.20 7000.0 1 0 1 8.951333 
  -4130000.0 0.80 0.20 7000.0 1 0 1 8.936818 
  -4130000.0 0.80 0.20 7000.0 1 0 1 8.922109 
  -4130000.0 0.80 0.20 7000.0 1 0 1 8.907205 
  -4130000.0 0.80 0.20 7000.0 1 0 1 8.892104 
  -4130000.0 0.80 0.20 7000.0 1 0 1 8.876800 
  -4130000.0 0.80 0.20 7000.0 1 0 1 8.863448 
  -4130000.0 0.80 0.20 7000.0 1 0 1 8.850527 
  -4130000.0 0.80 0.20 7000.0 1 0 1 8.837423 
  -4130000.0 0.80 0.20 7000.0 1 0 1 8.824130 
  -4130000.0 0.80 0.20 7000.0 1 0 1 8.810641 
  -4130000.0 0.80 0.20 7000.0 1 0 1 8.796954 
  -4130000.0 0.80 0.20 7000.0 1 0 1 8.783071 
  -4130000.0 0.80 0.20 7000.0 1 0 1 8.768988 
  -4130000.0 0.80 0.20 7000.0 1 0 1 8.754703 
  -4130000.0 0.80 0.20 7000.0 1 0 1 8.740212 
  -4130000.0 0.80 0.20 7000.0 1 0 1 8.725513 
  -4130000.0 0.80 0.20 7000.0 1 0 1 8.710607 
  -4130000.0 0.80 0.20 7000.0 1 0 1 8.695493 
  -4130000.0 0.80 0.20 7000.0 1 0 1 8.680170 
  -4130000.0 0.80 0.20 7000.0 1 0 1 8.664639 
  -4130000.0 0.80 0.20 7000.0 1 0 1 8.648898 
  -4130000.0 0.80 0.20 7000.0 1 0 1 8.634115 
  -4130000.0 0.80 0.20 7000.0 1 0 1 8.620767 
  -4130000.0 0.80 0.20 7000.0 1 0 1 8.607215 
  -4130000.0 0.80 0.20 7000.0 1 0 1 8.593454 
  -4130000.0 0.80 0.20 7000.0 1 0 1 8.579483 
  -4130000.0 0.80 0.20 7000.0 1 0 0 8.565300 
  -4100000.0 0.85 0.20 7000.0 1 1 0 17.569250 
  -4102000.0 0.85 0.20 7000.0 1 1 0 16.965385 
  -4104000.0 0.85 0.20 7000.0 1 1 0 16.369871 
  -4106000.0 0.85 0.20 7000.0 1 1 0 15.766999 
  -4108000.0 0.85 0.20 7000.0 1 1 0 15.147509 
  -4110000.0 0.85 0.20 7000.0 1 1 0 14.514909 
  -4112000.0 0.85 0.20 7000.0 1 0 1 13.871783 
  -4114000.0 0.85 0.20 7000.0 1 0 1 13.241913 
  -4116000.0 0.85 0.20 7000.0 1 0 1 12.641236 
  -4118000.0 0.85 0.20 7000.0 1 0 1 12.057536 
  -4120000.0 0.85 0.20 7000.0 1 0 1 11.493269 
  -4122000.0 0.85 0.20 7000.0 1 0 1 10.954307 
  -4124000.0 0.85 0.20 7000.0 1 0 1 10.419659 
  -4126000.0 0.85 0.20 7000.0 1 0 1 9.876646 
  -4128000.0 0.85 0.20 7000.0 1 0 1 9.316891 
  -4130000.0 0.85 0.20 7000.0 1 0 1 8.710954 
  -4132000.0 0.85 0.20 7000.0 1 0 0 8.098315 
  -4132000.0 0.85 0.20 7000.0 1 0 1 8.695265 
  -4132000.0 0.85 0.20 7000.0 1 0 1 8.679501 
  -4132000.0 0.85 0.20 7000.0 1 0 1 8.663659 
  -4132000.0 0.85 0.20 7000.0 1 0 1 8.647743 
  -4132000.0 0.85 0.20 7000.0 1 0 1 8.631754 
  -4132000.0 0.85 0.20 7000.0 1 0 1 8.616106 
  -4132000.0 0.85 0.20 7000.0 1 0 1 8.601777 
  -4132000.0 0.85 0.20 7000.0 1 0 1 8.587372 
  -4132000.0 0.85 0.20 7000.0 1 0 1 8.572891 
  -4132000.0 0.85 0.20 7000.0 1 0 1 8.558339 
  -4132000.0 0.85 0.20 7000.0 1 0 1 8.543716 
  -4132000.0 0.85 0.20 7000.0 1 0 1 8.529023 
  -4132000.0 0.85 0.20 7000.0 1 0 1 8.514263 
  -4132000.0 0.85 0.20 7000.0 1 0 1 8.499438 
  -4132000.0 0.85 0.20 7000.0 1 0 1 8.484551 
  -4132000.0 0.85 0.20 7000.0 1 0 1 8.469596 
  -4132000.0 0.85 0.20 7000.0 1 0 1 8.454570 
  -4132000.0 0.85 0.20 7000.0 1 0 1 8.439477 
  -4132000.0 0.85 0.20 7000.0 1 0 1 8.424312 
  -4132000.0 0.85 0.20 7000.0 1 0 1 8.409074 
  -4132000.0 0.85 0.20 7000.0 1 0 1 8.393764 
  -4132000.0 0.85 0.20 7000.0 1 0 1 8.378385 
  -4132000.0 0.85 0.20 7000.0 1 0 1 8.362937 
  -4132000.0 0.85 0.20 7000.0 1 0 1 8.347425 
  -4132000.0 0.85 0.20 7000.0 1 0 1 8.331851 
  -4132000.0 0.85 0.20 7000.0 1 0 1 8.316216 
  -4132000.0 0.85 0.20 7000.0 1 0 1 8.301434 
  -4132000.0 0.85 0.20 7000.0 1 0 0 8.287348 
  -4100000.0 0.90 0.20 7000.0 1 1 0 17.919225 
  -4102000.0 0.90 0.20 7000.0 1 1 0 17.320720 
  -4104000.0 0.90 0.20 7000.0 1 1 0 16.725314 
  -4106000.0 0.90 0.20 7000.0 1 1 0 16.109722 
  -4108000.0 0.90 0.20 7000.0 1 1 0 15.479218 
  -4110000.0 0.90 0.20 7000.0 1 1 0 14.836980 
  -4112000.0 0.90 0.20 7000.0 1 1 0 14.193426 
  -4114000.0 0.90 0.20 7000.0 1 1 0 13.573348 
  -4116000.0 0.90 0.20 7000.0 1 0 1 12.967022 
  -4118000.0 0.90 0.20 7000.0 1 0 1 12.381896 
  -4120000.0 0.90 0.20 7000.0 1 0 1 11.826577 
  -4122000.0 0.90 0.20 7000.0 1 0 1 11.281509 
  -4124000.0 0.90 0.20 7000.0 1 0 1 10.740331 
  -4126000.0 0.90 0.20 7000.0 1 0 1 10.189626 
  -4128000.0 0.90 0.20 7000.0 1 0 1 9.611003 
  -4130000.0 0.90 0.20 7000.0 1 0 1 8.994954 
  -4132000.0 0.90 0.20 7000.0 1 0 1 8.373394 
  -4134000.0 0.90 0.20 7000.0 1 0 0 7.776777 
  -4134000.0 0.90 0.20 7000.0 1 0 1 8.358536 
  -4134000.0 0.90 0.20 7000.0 1 0 1 8.343611 
  -4134000.0 0.90 0.20 7000.0 1 0 1 8.328617 
  -4134000.0 0.90 0.20 7000.0 1 0 1 8.313559 
  -4134000.0 0.90 0.20 7000.0 1 0 1 8.298438 
  -4134000.0 0.90 0.20 7000.0 1 0 1 8.283256 
  -4134000.0 0.90 0.20 7000.0 1 0 1 8.268015 
  -4134000.0 0.90 0.20 7000.0 1 0 1 8.252718 
  -4134000.0 0.90 0.20 7000.0 1 0 1 8.237366 
  -4134000.0 0.90 0.20 7000.0 1 0 1 8.221962 
  -4134000.0 0.90 0.20 7000.0 1 0 1 8.207200 
  -4134000.0 0.90 0.20 7000.0 1 0 1 8.193256 
  -4134000.0 0.90 0.20 7000.0 1 0 1 8.179248 
  -4134000.0 0.90 0.20 7000.0 1 0 1 8.165176 
  -4134000.0 0.90 0.20 7000.0 1 0 1 8.151035 
  -4134000.0 0.90 0.20 7000.0 1 0 1 8.136825 
  -4134000.0 0.90 0.20 7000.0 1 0 1 8.122548 
  -4134000.0 0.90 0.20 7000.0 1 0 1 8.108205 
  -4134000.0 0.90 0.20 7000.0 1 0 1 8.093798 
  -4134000.0 0.90 0.20 7000.0 1 0 0 8.079327 
  -4100000.0 0.95 0.20 7000.0 1 1 0 18.245917 
  -4102000.0 0.95 0.20 7000.0 1 1 0 17.660190 
  -4104000.0 0.95 0.20 7000.0 1 1 0 17.051121 
  -4106000.0 0.95 0.20 7000.0 1 1 0 16.423910 
  -4108000.0 0.95 0.20 7000.0 1 1 0 15.783509 
  -4110000.0 0.95 0.20 7000.0 1 1 0 15.142514 
  -4112000.0 0.95 0.20 7000.0 1 1 0 14.507218 
  -4114000.0 0.95 0.20 7000.0 1 1 0 13.881728 
  -4116000.0 0.95 0.20 7000.0 1 1 0 13.274118 
  -4118000.0 0.95 0.20 7000.0 1 0 1 12.701291 
  -4120000.0 0.95 0.20 7000.0 1 0 1 12.140971 
  -4122000.0 0.95 0.20 7000.0 1 0 1 11.590945 
  -4124000.0 0.95 0.20 7000.0 1 0 1 11.044370 
  -4126000.0 0.95 0.20 7000.0 1 0 1 10.487097 
  -4128000.0 0.95 0.20 7000.0 1 0 1 9.895523 
  -4130000.0 0.95 0.20 7000.0 1 0 1 9.265565 
  -4132000.0 0.95 0.20 7000.0 1 0 1 8.636487 
  -4134000.0 0.95 0.20 7000.0 1 0 1 8.031728 
  -4136000.0 0.95 0.20 7000.0 1 0 0 7.447240 
  -4136000.0 0.95 0.20 7000.0 1 0 1 8.017548 
  -4136000.0 0.95 0.20 7000.0 1 0 1 8.003306 
  -4136000.0 0.95 0.20 7000.0 1 0 1 7.988998 
  -4136000.0 0.95 0.20 7000.0 1 0 1 7.974626 
  -4136000.0 0.95 0.20 7000.0 1 0 1 7.960193 
  -4136000.0 0.95 0.20 7000.0 1 0 1 7.945700 
  -4136000.0 0.95 0.20 7000.0 1 0 1 7.931148 
  -4136000.0 0.95 0.20 7000.0 1 0 1 7.916536 
  -4136000.0 0.95 0.20 7000.0 1 0 0 7.901864 
  -4100000.0 1.00 0.20 7000.0 1 1 0 18.571635 
  -4102000.0 1.00 0.20 7000.0 1 1 0 17.970925 
  -4104000.0 1.00 0.20 7000.0 1 1 0 17.349182 
  -4106000.0 1.00 0.20 7000.0 1 1 0 16.711382 
  -4108000.0 1.00 0.20 7000.0 1 1 0 16.079552 
  -4110000.0 1.00 0.20 7000.0 1 1 0 15.438956 
  -4112000.0 1.00 0.20 7000.0 1 1 0 14.798129 
  -4114000.0 1.00 0.20 7000.0 1 1 0 14.168357 
  -4116000.0 1.00 0.20 7000.0 1 1 0 13.578831 
  -4118000.0 1.00 0.20 7000.0 1 1 0 13.001570 
  -4120000.0 1.00 0.20 7000.0 1 0 1 12.437327 
  -4122000.0 1.00 0.20 7000.0 1 0 1 11.883394 
  -4124000.0 1.00 0.20 7000.0 1 0 1 11.332462 
  -4126000.0 1.00 0.20 7000.0 1 0 1 10.769646 
  -4128000.0 1.00 0.20 7000.0 1 0 1 10.170205 
  -4130000.0 1.00 0.20 7000.0 1 0 1 9.523272 
  -4132000.0 1.00 0.20 7000.0 1 0 1 8.887986 
  -4134000.0 1.00 0.20 7000.0 1 0 1 8.276344 
  -4136000.0 1.00 0.20 7000.0 1 0 0 7.684098 
  -4136000.0 1.00 0.20 7000.0 1 0 1 8.262311 
  -4136000.0 1.00 0.20 7000.0 1 0 1 8.248211 
  -4136000.0 1.00 0.20 7000.0 1 0 1 8.234042 
  -4136000.0 1.00 0.20 7000.0 1 0 1 8.219804 
  -4136000.0 1.00 0.20 7000.0 1 0 1 8.205501 
  -4136000.0 1.00 0.20 7000.0 1 0 1 8.191134 
  -4136000.0 1.00 0.20 7000.0 1 0 1 8.176703 
  -4136000.0 1.00 0.20 7000.0 1 0 1 8.162209 
  -4136000.0 1.00 0.20 7000.0 1 0 1 8.147650 
  -4136000.0 1.00 0.20 7000.0 1 0 1 8.133024 
  -4136000.0 1.00 0.20 7000.0 1 0 1 8.118330 
  -4136000.0 1.00 0.20 7000.0 1 0 1 8.103569 
  -4136000.0 1.00 0.20 7000.0 1 0 1 8.088744 
  -4136000.0 1.00 0.20 7000.0 1 0 1 8.073855 
  -4136000.0 1.00 0.20 7000.0 1 0 1 8.058904 
  -4136000.0 1.00 0.20 7000.0 1 0 1 8.043893 
  -4136000.0 1.00 0.20 7000.0 1 0 1 8.028821 
  -4136000.0 1.00 0.20 7000.0 1 0 1 8.013682 
  -4136000.0 1.00 0.20 7000.0 1 0 1 7.999049 
  -4136000.0 1.00 0.20 7000.0 1 0 1 7.985251 
  -4136000.0 1.00 0.20 7000.0 1 0 1 7.971386 
  -4136000.0 1.00 0.20 7000.0 1 0 1 7.957450 
  -4136000.0 1.00 0.20 7000.0 1 0 1 7.943444 
  -4136000.0 1.00 0.20 7000.0 1 0 1 7.929370 
  -4136000.0 1.00 0.20 7000.0 1 0 1 7.915227 
  -4136000.0 1.00 0.20 7000.0 1 0 1 7.901017 
  -4136000.0 1.00 0.20 7000.0 1 0 1 7.886737 
  -4136000.0 1.00 0.20 7000.0 1 0 1 7.872389 
  -4136000.0 1.00 0.20 7000.0 1 0 1 7.857976 
  -4136000.0 1.00 0.20 7000.0 1 0 1 7.843498 
  -4136000.0 1.00 0.20 7000.0 1 0 1 7.828955 
  -4136000.0 1.00 0.20 7000.0 1 0 1 7.814349 
  -4136000.0 1.00 0.20 7000.0 1 0 1 7.799673 
  -4136000.0 1.00 0.20 7000.0 1 0 1 7.784926 
  -4136000.0 1.00 0.20 7000.0 1 0 1 7.770109 
  -4136000.0 1.00 0.20 7000.0 1 0 0 7.755223 
  -4100000.0 1.05 0.20 7000.0 1 1 0 18.869575 
  -4102000.0 1.05 0.20 7000.0 1 1 0 18.254786 
  -4104000.0 1.05 0.20 7000.0 1 1 0 17.621305 
  -4106000.0 1.05 0.20 7000.0 1 1 0 16.995420 
  -4108000.0 1.05 0.20 7000.0 1 1 0 16.361109 
  -4110000.0 1.05 0.20 7000.0 1 1 0 15.712854 
  -4112000.0 1.05 0.20 7000.0 1 1 0 15.067523 
  -4114000.0 1.05 0.20 7000.0 1 1 0 14.457676 
  -4116000.0 1.05 0.20 7000.0 1 1 0 13.864400 
  -4118000.0 1.05 0.20 7000.0 1 1 0 13.283690 
  -4120000.0 1.05 0.20 7000.0 1 1 0 12.725687 
  -4122000.0 1.05 0.20 7000.0 1 0 1 12.173795 
  -4124000.0 1.05 0.20 7000.0 1 0 1 11.614617 
  -4126000.0 1.05 0.20 7000.0 1 0 1 11.037872 
  -4128000.0 1.05 0.20 7000.0 1 0 1 10.431508 
  -4130000.0 1.05 0.20 7000.0 1 0 1 9.774916 
  -4132000.0 1.05 0.20 7000.0 1 0 1 9.134424 
  -4134000.0 1.05 0.20 7000.0 1 0 1 8.515737 
  -4136000.0 1.05 0.20 7000.0 1 0 1 7.913314 
  -4138000.0 1.05 0.20 7000.0 1 0 0 7.319482 
  -4138000.0 1.05 0.20 7000.0 1 0 1 7.898322 
  -4138000.0 1.05 0.20 7000.0 1 0 1 7.884492 
  -4138000.0 1.05 0.20 7000.0 1 0 1 7.870582 
  -4138000.0 1.05 0.20 7000.0 1 0 1 7.856592 
  -4138000.0 1.05 0.20 7000.0 1 0 1 7.842525 
  -4138000.0 1.05 0.20 7000.0 1 0 1 7.828380 
  -4138000.0 1.05 0.20 7000.0 1 0 1 7.814154 
  -4138000.0 1.05 0.20 7000.0 1 0 1 7.799849 
  -4138000.0 1.05 0.20 7000.0 1 0 1 7.785465 
  -4138000.0 1.05 0.20 7000.0 1 0 1 7.771004 
  -4138000.0 1.05 0.20 7000.0 1 0 1 7.756466 
  -4138000.0 1.05 0.20 7000.0 1 0 1 7.741852 
  -4138000.0 1.05 0.20 7000.0 1 0 1 7.727159 
  -4138000.0 1.05 0.20 7000.0 1 0 1 7.712386 
  -4138000.0 1.05 0.20 7000.0 1 0 1 7.697534 
  -4138000.0 1.05 0.20 7000.0 1 0 1 7.682601 
  -4138000.0 1.05 0.20 7000.0 1 0 1 7.667589 
  -4138000.0 1.05 0.20 7000.0 1 0 1 7.652497 
  -4138000.0 1.05 0.20 7000.0 1 0 1 7.637323 
  -4138000.0 1.05 0.20 7000.0 1 0 0 7.623105 
  -4100000.0 1.10 0.20 7000.0 1 1 0 19.141543 
  -4102000.0 1.10 0.20 7000.0 1 1 0 18.513540 
  -4104000.0 1.10 0.20 7000.0 1 1 0 17.889019 
  -4106000.0 1.10 0.20 7000.0 1 1 0 17.263685 
  -4108000.0 1.10 0.20 7000.0 1 1 0 16.620185 
  -4110000.0 1.10 0.20 7000.0 1 1 0 15.965603 
  -4112000.0 1.10 0.20 7000.0 1 1 0 15.335195 
  -4114000.0 1.10 0.20 7000.0 1 1 0 14.728373 
  -4116000.0 1.10 0.20 7000.0 1 1 0 14.131840 
  -4118000.0 1.10 0.20 7000.0 1 1 0 13.563579 
  -4120000.0 1.10 0.20 7000.0 1 1 0 13.006282 
  -4122000.0 1.10 0.20 7000.0 1 1 0 12.450351 
  -4124000.0 1.10 0.20 7000.0 1 0 1 11.886481 
  -4126000.0 1.10 0.20 7000.0 1 0 1 11.296773 
  -4128000.0 1.10 0.20 7000.0 1 0 1 10.679952 
  -4130000.0 1.10 0.20 7000.0 1 0 1 10.017597 
  -4132000.0 1.10 0.20 7000.0 1 0 1 9.372042 
  -4134000.0 1.10 0.20 7000.0 1 0 1 8.747617 
  -4136000.0 1.10 0.20 7000.0 1 0 1 8.138505 
  -4138000.0 1.10 0.20 7000.0 1 0 1 7.531882 
  -4140000.0 1.10 0.20 7000.0 1 0 0 6.912061 
  -4140000.0 1.10 0.20 7000.0 1 0 0 7.517670 
  -4140000.0 1.10 0.20 7000.0 1 0 0 7.503356 
  -4140000.0 1.10 0.20 7000.0 1 0 0 7.488941 
  -4140000.0 1.10 0.20 7000.0 1 0 0 7.474425 
  -4140000.0 1.10 0.20 7000.0 1 0 0 7.459808 
  -4140000.0 1.10 0.20 7000.0 1 0 0 7.445093 
  -4140000.0 1.10 0.20 7000.0 1 0 0 7.430276 
  -4140000.0 1.10 0.20 7000.0 1 0 0 7.415356 
  -4140000.0 1.10 0.20 7000.0 1 0 0 7.400329 
  -4140000.0 1.10 0.20 7000.0 1 0 0 7.385196 
  -4140000.0 1.10 0.20 7000.0 1 0 0 7.369953 
  -4140000.0 1.10 0.20 7000.0 1 0 0 7.354597 
  -4140000.0 1.10 0.20 7000.0 1 0 0 7.339128 
  -4140000.0 1.10 0.20 7000.0 1 0 0 7.323546 
  -4140000.0 1.10 0.20 7000.0 1 0 0 7.307850 
  -4140000.0 1.10 0.20 7000.0 1 0 0 7.292145 
  -4140000.0 1.10 0.20 7000.0 1 0 0 7.277802 
  -4140000.0 1.10 0.20 7000.0 1 0 0 7.263345 
  -4140000.0 1.10 0.20 7000.0 1 0 0 7.248776 
  -4140000.0 1.10 0.20 7000.0 1 0 0 7.234093 
  -4140000.0 1.10 0.20 7000.0 1 0 0 7.219293 
  -4140000.0 1.10 0.20 7000.0 1 0 0 7.204376 
  -4140000.0 1.10 0.20 7000.0 1 0 0 7.189343 
  -4140000.0 1.10 0.20 7000.0 1 0 0 7.174193 
  -4140000.0 1.10 0.20 7000.0 1 0 0 7.158924 
  -4140000.0 1.10 0.20 7000.0 1 0 0 7.143536 
  -4140000.0 1.10 0.20 7000.0 1 0 0 7.128026 
  -4140000.0 1.10 0.20 7000.0 1 0 0 7.112393 
  -4140000.0 1.10 0.20 7000.0 1 0 0 7.096635 
  -4140000.0 1.10 0.20 7000.0 1 0 0 7.080750 
  -4140000.0 1.10 0.20 7000.0 1 0 0 7.064740 
  -4140000.0 1.10 0.20 7000.0 1 0 0 7.048638 
  -4140000.0 1.10 0.20 7000.0 1 0 0 7.033979 
  -4140000.0 1.10 0.20 7000.0 1 0 0 7.019193 
  -4140000.0 1.10 0.20 7000.0 1 0 0 7.004279 
  -4140000.0 1.10 0.20 7000.0 1 0 0 6.989237 
  -4140000.0 1.10 0.20 7000.0 1 0 0 6.974066 
  -4140000.0 1.10 0.20 7000.0 1 0 0 6.958764 
  -4140000.0 1.10 0.20 7000.0 1 0 0 6.943330 
  -4140000.0 1.10 0.20 7000.0 1 0 0 6.927763 
  -4100000.0 1.15 0.20 7000.0 1 1 0 19.389229 
  -4102000.0 1.15 0.20 7000.0 1 1 0 18.758679 
  -4104000.0 1.15 0.20 7000.0 1 1 0 18.145565 
  -4106000.0 1.15 0.20 7000.0 1 1 0 17.510024 
  -4108000.0 1.15 0.20 7000.0 1 1 0 16.858166 
  -4110000.0 1.15 0.20 7000.0 1 1 0 16.208407 
  -4112000.0 1.15 0.20 7000.0 1 1 0 15.591406 
  -4114000.0 1.15 0.20 7000.0 1 1 0 14.981108 
  -4116000.0 1.15 0.20 7000.0 1 1 0 14.398603 
  -4118000.0 1.15 0.20 7000.0 1 1 0 13.832102 
  -4120000.0 1.15 0.20 7000.0 1 1 0 13.271619 
  -4122000.0 1.15 0.20 7000.0 1 1 0 12.712438 
  -4124000.0 1.15 0.20 7000.0 1 1 0 12.144648 
  -4126000.0 1.15 0.20 7000.0 1 0 1 11.549520 
  -4128000.0 1.15 0.20 7000.0 1 0 1 10.916048 
  -4130000.0 1.15 0.20 7000.0 1 0 1 10.249093 
  -4132000.0 1.15 0.20 7000.0 1 0 1 9.599520 
  -4134000.0 1.15 0.20 7000.0 1 0 1 8.970375 
  -4136000.0 1.15 0.20 7000.0 1 0 1 8.355561 
  -4138000.0 1.15 0.20 7000.0 1 0 1 7.740467 
  -4140000.0 1.15 0.20 7000.0 1 0 0 7.108768 
  -4140000.0 1.15 0.20 7000.0 1 0 1 7.724709 
  -4140000.0 1.15 0.20 7000.0 1 0 1 7.708838 
  -4140000.0 1.15 0.20 7000.0 1 0 1 7.694165 
  -4140000.0 1.15 0.20 7000.0 1 0 1 7.679708 
  -4140000.0 1.15 0.20 7000.0 1 0 1 7.665146 
  -4140000.0 1.15 0.20 7000.0 1 0 1 7.650479 
  -4140000.0 1.15 0.20 7000.0 1 0 1 7.635705 
  -4140000.0 1.15 0.20 7000.0 1 0 1 7.620821 
  -4140000.0 1.15 0.20 7000.0 1 0 1 7.605823 
  -4140000.0 1.15 0.20 7000.0 1 0 1 7.590713 
  -4140000.0 1.15 0.20 7000.0 1 0 1 7.575487 
  -4140000.0 1.15 0.20 7000.0 1 0 1 7.560142 
  -4140000.0 1.15 0.20 7000.0 1 0 1 7.544678 
  -4140000.0 1.15 0.20 7000.0 1 0 1 7.529095 
  -4140000.0 1.15 0.20 7000.0 1 0 1 7.513391 
  -4140000.0 1.15 0.20 7000.0 1 0 1 7.497568 
  -4140000.0 1.15 0.20 7000.0 1 0 1 7.481622 
  -4140000.0 1.15 0.20 7000.0 1 0 1 7.465551 
  -4140000.0 1.15 0.20 7000.0 1 0 1 7.449977 
  -4140000.0 1.15 0.20 7000.0 1 0 1 7.435315 
  -4140000.0 1.15 0.20 7000.0 1 0 0 7.420531 
  -4100000.0 1.20 0.20 7000.0 1 1 0 19.614238 
  -4102000.0 1.20 0.20 7000.0 1 1 0 19.005454 
  -4104000.0 1.20 0.20 7000.0 1 1 0 18.380787 
  -4106000.0 1.20 0.20 7000.0 1 1 0 17.735802 
  -4108000.0 1.20 0.20 7000.0 1 1 0 17.076366 
  -4110000.0 1.20 0.20 7000.0 1 1 0 16.450965 
  -4112000.0 1.20 0.20 7000.0 1 1 0 15.829908 
  -4114000.0 1.20 0.20 7000.0 1 1 0 15.230621 
  -4116000.0 1.20 0.20 7000.0 1 1 0 14.654773 
  -4118000.0 1.20 0.20 7000.0 1 1 0 14.085371 
  -4120000.0 1.20 0.20 7000.0 1 1 0 13.522417 
  -4122000.0 1.20 0.20 7000.0 1 1 0 12.960707 
  -4124000.0 1.20 0.20 7000.0 1 1 0 12.389700 
  -4126000.0 1.20 0.20 7000.0 1 1 0 11.789858 
  -4128000.0 1.20 0.20 7000.0 1 0 1 11.140301 
  -4130000.0 1.20 0.20 7000.0 1 0 1 10.469844 
  -4132000.0 1.20 0.20 7000.0 1 0 1 9.817228 
  -4134000.0 1.20 0.20 7000.0 1 0 1 9.184318 
  -4136000.0 1.20 0.20 7000.0 1 0 1 8.564728 
  -4138000.0 1.20 0.20 7000.0 1 0 1 7.943314 
  -4140000.0 1.20 0.20 7000.0 1 0 0 7.299195 
  -4140000.0 1.20 0.20 7000.0 1 0 1 7.927603 
  -4140000.0 1.20 0.20 7000.0 1 0 1 7.911774 
  -4140000.0 1.20 0.20 7000.0 1 0 1 7.895828 
  -4140000.0 1.20 0.20 7000.0 1 0 1 7.879765 
  -4140000.0 1.20 0.20 7000.0 1 0 1 7.863586 
  -4140000.0 1.20 0.20 7000.0 1 0 1 7.848875 
  -4140000.0 1.20 0.20 7000.0 1 0 1 7.834174 
  -4140000.0 1.20 0.20 7000.0 1 0 1 7.819354 
  -4140000.0 1.20 0.20 7000.0 1 0 1 7.804416 
  -4140000.0 1.20 0.20 7000.0 1 0 1 7.789360 
  -4140000.0 1.20 0.20 7000.0 1 0 1 7.774182 
  -4140000.0 1.20 0.20 7000.0 1 0 1 7.758878 
  -4140000.0 1.20 0.20 7000.0 1 0 1 7.743449 
  -4140000.0 1.20 0.20 7000.0 1 0 1 7.727895 
  -4140000.0 1.20 0.20 7000.0 1 0 1 7.712216 
  -4140000.0 1.20 0.20 7000.0 1 0 1 7.696409 
  -4140000.0 1.20 0.20 7000.0 1 0 1 7.680472 
  -4140000.0 1.20 0.20 7000.0 1 0 1 7.664404 
  -4140000.0 1.20 0.20 7000.0 1 0 1 7.648204 
  -4140000.0 1.20 0.20 7000.0 1 0 1 7.631870 
  -4140000.0 1.20 0.20 7000.0 1 0 1 7.615400 
  -4140000.0 1.20 0.20 7000.0 1 0 1 7.600190 
  -4140000.0 1.20 0.20 7000.0 1 0 1 7.585192 
  -4140000.0 1.20 0.20 7000.0 1 0 1 7.570065 
  -4140000.0 1.20 0.20 7000.0 1 0 1 7.554805 
  -4140000.0 1.20 0.20 7000.0 1 0 1 7.539413 
  -4140000.0 1.20 0.20 7000.0 1 0 1 7.523886 
  -4140000.0 1.20 0.20 7000.0 1 0 1 7.508223 
  -4140000.0 1.20 0.20 7000.0 1 0 1 7.492422 
  -4140000.0 1.20 0.20 7000.0 1 0 1 7.476482 
  -4140000.0 1.20 0.20 7000.0 1 0 1 7.460401 
  -4140000.0 1.20 0.20 7000.0 1 0 1 7.444178 
  -4140000.0 1.20 0.20 7000.0 1 0 1 7.427809 
  -4140000.0 1.20 0.20 7000.0 1 0 1 7.411292 
  -4140000.0 1.20 0.20 7000.0 1 0 1 7.394626 
  -4140000.0 1.20 0.20 7000.0 1 0 1 7.377810 
  -4140000.0 1.20 0.20 7000.0 1 0 1 7.361451 
  -4140000.0 1.20 0.20 7000.0 1 0 1 7.346107 
  -4140000.0 1.20 0.20 7000.0 1 0 1 7.330617 
  -4140000.0 1.20 0.20 7000.0 1 0 0 7.314980 
  -4100000.0 1.25 0.20 7000.0 1 1 0 19.842535 
  -4102000.0 1.25 0.20 7000.0 1 1 0 19.231536 
  -4104000.0 1.25 0.20 7000.0 1 1 0 18.596020 
  -4106000.0 1.25 0.20 7000.0 1 1 0 17.942311 
  -4108000.0 1.25 0.20 7000.0 1 1 0 17.303036 
  -4110000.0 1.25 0.20 7000.0 1 1 0 16.676143 
  -4112000.0 1.25 0.20 7000.0 1 1 0 16.058310 
  -4114000.0 1.25 0.20 7000.0 1 1 0 15.474625 
  -4116000.0 1.25 0.20 7000.0 1 1 0 14.895778 
  -4118000.0 1.25 0.20 7000.0 1 1 0 14.326560 
  -4120000.0 1.25 0.20 7000.0 1 1 0 13.770721 
  -4122000.0 1.25 0.20 7000.0 1 1 0 13.205051 
  -4124000.0 1.25 0.20 7000.0 1 1 0 12.622203 
  -4126000.0 1.25 0.20 7000.0 1 1 0 12.018295 
  -4128000.0 1.25 0.20 7000.0 1 1 0 11.355656 
  -4130000.0 1.25 0.20 7000.0 1 0 1 10.682168 
  -4132000.0 1.25 0.20 7000.0 1 0 1 10.027699 
  -4134000.0 1.25 0.20 7000.0 1 0 1 9.390081 
  -4136000.0 1.25 0.20 7000.0 1 0 1 8.766253 
  -4138000.0 1.25 0.20 7000.0 1 0 1 8.139366 
  -4140000.0 1.25 0.20 7000.0 1 0 1 7.483507 
  -4142000.0 1.25 0.20 7000.0 1 0 0 6.787466 
  -4142000.0 1.25 0.20 7000.0 1 0 1 7.467568 
  -4142000.0 1.25 0.20 7000.0 1 0 1 7.451470 
  -4142000.0 1.25 0.20 7000.0 1 0 1 7.435213 
  -4142000.0 1.25 0.20 7000.0 1 0 1 7.418794 
  -4142000.0 1.25 0.20 7000.0 1 0 1 7.402207 
  -4142000.0 1.25 0.20 7000.0 1 0 1 7.385449 
  -4142000.0 1.25 0.20 7000.0 1 0 1 7.368520 
  -4142000.0 1.25 0.20 7000.0 1 0 1 7.351418 
  -4142000.0 1.25 0.20 7000.0 1 0 1 7.334144 
  -4142000.0 1.25 0.20 7000.0 1 0 1 7.316697 
  -4142000.0 1.25 0.20 7000.0 1 0 1 7.299076 
  -4142000.0 1.25 0.20 7000.0 1 0 1 7.281282 
  -4142000.0 1.25 0.20 7000.0 1 0 1 7.264355 
  -4142000.0 1.25 0.20 7000.0 1 0 1 7.248098 
  -4142000.0 1.25 0.20 7000.0 1 0 1 7.231674 
  -4142000.0 1.25 0.20 7000.0 1 0 0 7.215080
  